timestamp,p_x,p_y,p_z,q_w,q_x,q_y,q_z
1640841516058640128,-2.219848,1.045399,0.688244,0.675634,0.006118,-0.001265,0.737210
1640841516060199936,-2.219689,1.045511,0.688087,0.675633,0.006157,-0.001257,0.737212
1640841516063549952,-2.219349,1.045750,0.687750,0.675620,0.006250,-0.001229,0.737222
1640841516065199872,-2.219182,1.045867,0.687585,0.675613,0.006299,-0.001210,0.737228
1640841516068559872,-2.218843,1.046104,0.687248,0.675604,0.006401,-0.001160,0.737236
1640841516070159872,-2.218682,1.046216,0.687088,0.675606,0.006448,-0.001131,0.737234
1640841516073740032,-2.218321,1.046466,0.686731,0.675627,0.006552,-0.001056,0.737214
1640841516076259840,-2.218069,1.046640,0.686480,0.675650,0.006629,-0.001003,0.737192
1640841516079209984,-2.217773,1.046843,0.686187,0.675680,0.006730,-0.000948,0.737164
1640841516080139776,-2.217681,1.046907,0.686095,0.675689,0.006766,-0.000934,0.737156
1640841516084049920,-2.217291,1.047173,0.685707,0.675717,0.006922,-0.000895,0.737128
1640841516085090048,-2.217187,1.047244,0.685605,0.675722,0.006960,-0.000890,0.737123
1640841516088889856,-2.216810,1.047500,0.685230,0.675730,0.007063,-0.000884,0.737115
1640841516092859904,-2.216418,1.047764,0.684840,0.675723,0.007105,-0.000902,0.737121
1640841516093509888,-2.216354,1.047808,0.684776,0.675721,0.007108,-0.000907,0.737122
1640841516095379712,-2.216170,1.047931,0.684593,0.675718,0.007114,-0.000925,0.737125
1640841516098729728,-2.215840,1.048151,0.684265,0.675720,0.007130,-0.000969,0.737123
1640841516100229888,-2.215693,1.048249,0.684119,0.675725,0.007141,-0.000994,0.737118
1640841516103529984,-2.215370,1.048463,0.683797,0.675743,0.007171,-0.001060,0.737102
1640841516105710080,-2.215158,1.048604,0.683586,0.675756,0.007190,-0.001111,0.737089
1640841516108609792,-2.214875,1.048789,0.683305,0.675772,0.007208,-0.001190,0.737074
1640841516110179840,-2.214723,1.048889,0.683153,0.675780,0.007212,-0.001236,0.737067
1640841516113699840,-2.214382,1.049112,0.682813,0.675790,0.007215,-0.001345,0.737058
1640841516115609856,-2.214197,1.049232,0.682629,0.675791,0.007215,-0.001403,0.737057
1640841516118660096,-2.213903,1.049422,0.682336,0.675787,0.007218,-0.001490,0.737060
1640841516120129792,-2.213762,1.049513,0.682195,0.675782,0.007222,-0.001527,0.737064
1640841516123709952,-2.213418,1.049733,0.681853,0.675767,0.007234,-0.001602,0.737078
1640841516125139968,-2.213282,1.049820,0.681716,0.675762,0.007236,-0.001627,0.737082
1640841516128640000,-2.212947,1.050033,0.681383,0.675760,0.007222,-0.001673,0.737084
1640841516130179840,-2.212801,1.050125,0.681237,0.675765,0.007207,-0.001687,0.737080
1640841516134089984,-2.212429,1.050359,0.680867,0.675789,0.007156,-0.001717,0.737058
1640841516135539968,-2.212292,1.050445,0.680730,0.675799,0.007140,-0.001727,0.737049
1640841516139139840,-2.211951,1.050657,0.680390,0.675819,0.007123,-0.001762,0.737031
1640841516140169984,-2.211854,1.050717,0.680293,0.675823,0.007127,-0.001773,0.737027
1640841516143520000,-2.211539,1.050911,0.679979,0.675831,0.007160,-0.001811,0.737019
1640841516146679808,-2.211242,1.051093,0.679683,0.675836,0.007216,-0.001835,0.737014
1640841516148819968,-2.211042,1.051215,0.679484,0.675840,0.007265,-0.001838,0.737010
1640841516150609920,-2.210875,1.051317,0.679317,0.675844,0.007311,-0.001830,0.737006
1640841516153760000,-2.210581,1.051494,0.679024,0.675854,0.007404,-0.001797,0.736996
1640841516155599872,-2.210410,1.051597,0.678854,0.675863,0.007467,-0.001770,0.736987
1640841516158550016,-2.210137,1.051760,0.678581,0.675883,0.007579,-0.001717,0.736968
1640841516160199936,-2.209984,1.051851,0.678429,0.675898,0.007649,-0.001685,0.736954
1640841516163620096,-2.209668,1.052037,0.678115,0.675933,0.007802,-0.001619,0.736920
1640841516165179904,-2.209525,1.052122,0.677971,0.675949,0.007872,-0.001590,0.736904
1640841516168679936,-2.209203,1.052310,0.677651,0.675984,0.008019,-0.001534,0.736871
1640841516170310144,-2.209054,1.052397,0.677502,0.675997,0.008080,-0.001513,0.736858
1640841516173769984,-2.208738,1.052579,0.677188,0.676020,0.008199,-0.001487,0.736836
1640841516175099904,-2.208617,1.052649,0.677067,0.676027,0.008243,-0.001484,0.736829
1640841516178540032,-2.208304,1.052828,0.676755,0.676039,0.008357,-0.001499,0.736817
1640841516180169728,-2.208156,1.052912,0.676608,0.676044,0.008411,-0.001518,0.736812
1640841516183670016,-2.207840,1.053090,0.676293,0.676054,0.008524,-0.001574,0.736801
1640841516185220096,-2.207700,1.053169,0.676154,0.676059,0.008568,-0.001605,0.736795
1640841516189549824,-2.207310,1.053386,0.675766,0.676087,0.008666,-0.001696,0.736769
1640841516190139904,-2.207258,1.053415,0.675713,0.676092,0.008676,-0.001708,0.736764
1640841516193549824,-2.206952,1.053583,0.675410,0.676125,0.008711,-0.001779,0.736734
1640841516195149824,-2.206810,1.053662,0.675268,0.676139,0.008716,-0.001813,0.736720
1640841516198720000,-2.206492,1.053835,0.674951,0.676163,0.008698,-0.001888,0.736698
1640841516200509952,-2.206333,1.053921,0.674793,0.676169,0.008677,-0.001926,0.736693
1640841516204099840,-2.206015,1.054091,0.674477,0.676173,0.008625,-0.001998,0.736690
1640841516205109760,-2.205926,1.054139,0.674389,0.676173,0.008612,-0.002017,0.736690
1640841516209100032,-2.205574,1.054326,0.674039,0.676177,0.008590,-0.002084,0.736686
1640841516210139904,-2.205483,1.054374,0.673949,0.676180,0.008596,-0.002099,0.736683
1640841516213519872,-2.205187,1.054529,0.673654,0.676200,0.008661,-0.002135,0.736664
1640841516215409920,-2.205021,1.054615,0.673490,0.676220,0.008735,-0.002147,0.736644
1640841516218799872,-2.204726,1.054768,0.673197,0.676262,0.008864,-0.002156,0.736604
1640841516220140032,-2.204609,1.054828,0.673081,0.676276,0.008889,-0.002155,0.736591
1640841516223520000,-2.204316,1.054977,0.672790,0.676306,0.008907,-0.002147,0.736564
1640841516225100032,-2.204179,1.055046,0.672655,0.676318,0.008903,-0.002140,0.736553
1640841516228639744,-2.203874,1.055200,0.672352,0.676340,0.008906,-0.002118,0.736533
1640841516230129920,-2.203745,1.055264,0.672225,0.676348,0.008919,-0.002107,0.736525
1640841516233989888,-2.203414,1.055428,0.671897,0.676371,0.008980,-0.002071,0.736504
1640841516235259904,-2.203305,1.055482,0.671789,0.676379,0.009007,-0.002056,0.736496
1640841516239389952,-2.202953,1.055654,0.671441,0.676413,0.009102,-0.001999,0.736464
1640841516240630016,-2.202847,1.055705,0.671336,0.676425,0.009132,-0.001980,0.736452
1640841516243549696,-2.202599,1.055824,0.671091,0.676455,0.009202,-0.001936,0.736424
1640841516245090048,-2.202469,1.055887,0.670962,0.676471,0.009238,-0.001916,0.736409
1640841516248709888,-2.202163,1.056032,0.670660,0.676507,0.009316,-0.001885,0.736375
1640841516251340032,-2.201941,1.056136,0.670442,0.676530,0.009365,-0.001880,0.736353
1640841516253700096,-2.201743,1.056228,0.670246,0.676550,0.009402,-0.001887,0.736335
1640841516255139840,-2.201622,1.056284,0.670127,0.676561,0.009421,-0.001897,0.736324
1640841516258569984,-2.201336,1.056416,0.669845,0.676589,0.009454,-0.001936,0.736298
1640841516260179968,-2.201201,1.056477,0.669713,0.676602,0.009463,-0.001962,0.736286
1640841516263559936,-2.200920,1.056604,0.669437,0.676630,0.009471,-0.002026,0.736259
1640841516265309696,-2.200775,1.056669,0.669294,0.676646,0.009471,-0.002061,0.736244
1640841516268760064,-2.200490,1.056796,0.669014,0.676680,0.009464,-0.002127,0.736213
1640841516270159872,-2.200374,1.056847,0.668900,0.676695,0.009459,-0.002152,0.736199
1640841516273469952,-2.200102,1.056966,0.668633,0.676733,0.009435,-0.002204,0.736164
1640841516275179776,-2.199962,1.057026,0.668496,0.676755,0.009413,-0.002228,0.736145
1640841516278589952,-2.199683,1.057146,0.668223,0.676800,0.009343,-0.002271,0.736104
1640841516280189952,-2.199552,1.057202,0.668095,0.676822,0.009298,-0.002290,0.736084
1640841516283639808,-2.199271,1.057320,0.667821,0.676866,0.009185,-0.002330,0.736045
1640841516286700032,-2.199023,1.057423,0.667579,0.676898,0.009082,-0.002371,0.736017
1640841516288569856,-2.198871,1.057486,0.667431,0.676910,0.009023,-0.002400,0.736006
1640841516290109952,-2.198747,1.057537,0.667310,0.676918,0.008980,-0.002426,0.736000
1640841516293679872,-2.198459,1.057653,0.667030,0.676932,0.008895,-0.002488,0.735988
1640841516295199744,-2.198337,1.057703,0.666911,0.676940,0.008866,-0.002511,0.735980
1640841516299180032,-2.198018,1.057829,0.666602,0.676984,0.008807,-0.002550,0.735941
1640841516301719808,-2.197815,1.057909,0.666405,0.677027,0.008780,-0.002555,0.735901
1640841516303569920,-2.197668,1.057966,0.666263,0.677062,0.008761,-0.002549,0.735870
1640841516305179904,-2.197540,1.058015,0.666139,0.677091,0.008745,-0.002538,0.735843
1640841516308509952,-2.197275,1.058116,0.665884,0.677139,0.008704,-0.002500,0.735799
1640841516310109952,-2.197149,1.058164,0.665762,0.677156,0.008680,-0.002475,0.735784
1640841516313599744,-2.196873,1.058267,0.665496,0.677183,0.008627,-0.002420,0.735760
1640841516315359744,-2.196734,1.058318,0.665363,0.677196,0.008604,-0.002395,0.735749
1640841516318609920,-2.196479,1.058411,0.665118,0.677226,0.008575,-0.002367,0.735721
1640841516320160000,-2.196357,1.058454,0.665001,0.677246,0.008568,-0.002362,0.735703
1640841516323510016,-2.196095,1.058548,0.664751,0.677294,0.008565,-0.002365,0.735659
1640841516325149952,-2.195967,1.058593,0.664629,0.677319,0.008567,-0.002370,0.735636
1640841516328849920,-2.195680,1.058693,0.664354,0.677373,0.008569,-0.002375,0.735586
1640841516330429952,-2.195557,1.058735,0.664238,0.677394,0.008567,-0.002373,0.735567
1640841516334820096,-2.195217,1.058849,0.663915,0.677446,0.008547,-0.002362,0.735519
1640841516337029888,-2.195047,1.058906,0.663754,0.677470,0.008527,-0.002357,0.735498
1640841516338709760,-2.194918,1.058948,0.663631,0.677487,0.008507,-0.002356,0.735481
1640841516340139776,-2.194808,1.058984,0.663527,0.677502,0.008485,-0.002357,0.735468
1640841516343689984,-2.194536,1.059071,0.663271,0.677538,0.008423,-0.002367,0.735436
1640841516345199872,-2.194420,1.059108,0.663162,0.677552,0.008396,-0.002373,0.735423
1640841516348610048,-2.194160,1.059189,0.662918,0.677579,0.008339,-0.002386,0.735399
1640841516350210048,-2.194039,1.059226,0.662804,0.677590,0.008315,-0.002391,0.735389
1640841516354019840,-2.193750,1.059314,0.662533,0.677616,0.008259,-0.002389,0.735365
1640841516355170048,-2.193663,1.059340,0.662452,0.677625,0.008240,-0.002384,0.735357
1640841516358619904,-2.193403,1.059417,0.662209,0.677660,0.008170,-0.002350,0.735326
1640841516360250112,-2.193280,1.059452,0.662095,0.677681,0.008129,-0.002322,0.735307
1640841516365009920,-2.192923,1.059553,0.661764,0.677751,0.008017,-0.002211,0.735244
1640841516365489920,-2.192887,1.059564,0.661730,0.677758,0.008008,-0.002198,0.735238
1640841516370720000,-2.192497,1.059670,0.661370,0.677827,0.007979,-0.002046,0.735175
1640841516371949824,-2.192406,1.059695,0.661286,0.677842,0.007987,-0.002008,0.735161
1640841516373479936,-2.192292,1.059725,0.661181,0.677860,0.008000,-0.001957,0.735145
1640841516375160064,-2.192168,1.059758,0.661067,0.677880,0.008018,-0.001899,0.735126
1640841516378599936,-2.191914,1.059823,0.660834,0.677924,0.008053,-0.001768,0.735086
1640841516380129792,-2.191801,1.059852,0.660731,0.677945,0.008064,-0.001705,0.735066
1640841516383909888,-2.191523,1.059920,0.660477,0.678002,0.008072,-0.001548,0.735014
1640841516385210112,-2.191428,1.059944,0.660391,0.678023,0.008069,-0.001499,0.734995
1640841516388499968,-2.191188,1.060001,0.660172,0.678072,0.008043,-0.001399,0.734950
1640841516390179840,-2.191065,1.060030,0.660061,0.678096,0.008021,-0.001367,0.734928
1640841516394160128,-2.190776,1.060096,0.659799,0.678146,0.007947,-0.001343,0.734883
1640841516395149824,-2.190705,1.060112,0.659735,0.678158,0.007926,-0.001341,0.734873
1640841516399520000,-2.190389,1.060181,0.659451,0.678200,0.007842,-0.001302,0.734835
1640841516400359936,-2.190329,1.060194,0.659396,0.678207,0.007828,-0.001286,0.734828
1640841516403659776,-2.190092,1.060243,0.659184,0.678235,0.007778,-0.001214,0.734803
1640841516405120000,-2.189988,1.060265,0.659090,0.678248,0.007757,-0.001181,0.734791
1640841516409070080,-2.189706,1.060321,0.658839,0.678289,0.007700,-0.001119,0.734754
1640841516410739968,-2.189587,1.060344,0.658733,0.678309,0.007673,-0.001108,0.734736
1640841516413499904,-2.189392,1.060381,0.658559,0.678345,0.007624,-0.001103,0.734703
1640841516415139840,-2.189276,1.060402,0.658456,0.678368,0.007590,-0.001105,0.734682
1640841516418889984,-2.189011,1.060450,0.658222,0.678421,0.007497,-0.001113,0.734634
1640841516420169728,-2.188922,1.060466,0.658142,0.678439,0.007459,-0.001114,0.734618
1640841516423519744,-2.188687,1.060505,0.657935,0.678484,0.007353,-0.001108,0.734578
1640841516425570048,-2.188544,1.060529,0.657810,0.678510,0.007285,-0.001098,0.734554
1640841516428539904,-2.188337,1.060562,0.657628,0.678546,0.007190,-0.001073,0.734522
1640841516430150144,-2.188225,1.060579,0.657530,0.678565,0.007142,-0.001054,0.734505
1640841516433509888,-2.187993,1.060614,0.657327,0.678601,0.007051,-0.000999,0.734472
1640841516435099904,-2.187883,1.060630,0.657232,0.678619,0.007008,-0.000968,0.734457
1640841516438649856,-2.187639,1.060664,0.657019,0.678660,0.006907,-0.000887,0.734419
1640841516440610048,-2.187504,1.060682,0.656903,0.678686,0.006843,-0.000837,0.734396
1640841516443609856,-2.187299,1.060708,0.656725,0.678728,0.006746,-0.000756,0.734358
1640841516445119744,-2.187197,1.060721,0.656636,0.678750,0.006704,-0.000715,0.734338
1640841516448559872,-2.186963,1.060748,0.656435,0.678802,0.006640,-0.000622,0.734291
1640841516450160128,-2.186855,1.060761,0.656342,0.678825,0.006634,-0.000581,0.734270
1640841516453729792,-2.186614,1.060786,0.656135,0.678876,0.006671,-0.000490,0.734222
1640841516456290048,-2.186442,1.060804,0.655988,0.678912,0.006719,-0.000420,0.734189
1640841516459859968,-2.186203,1.060826,0.655784,0.678959,0.006779,-0.000300,0.734144
1640841516461179904,-2.186114,1.060834,0.655709,0.678977,0.006791,-0.000248,0.734128
1640841516463510016,-2.185959,1.060847,0.655577,0.679007,0.006800,-0.000146,0.734100
1640841516465169920,-2.185849,1.060856,0.655483,0.679028,0.006801,-0.000071,0.734080
1640841516468559872,-2.185625,1.060873,0.655293,0.679074,0.006810,0.000072,0.734038
1640841516470579968,-2.185492,1.060882,0.655181,0.679103,0.006828,0.000142,0.734012
1640841516473629952,-2.185292,1.060895,0.655012,0.679147,0.006869,0.000228,0.733970
1640841516476320000,-2.185116,1.060905,0.654864,0.679186,0.006908,0.000288,0.733933
1640841516478519808,-2.184972,1.060912,0.654743,0.679217,0.006932,0.000330,0.733904
1640841516480160000,-2.184866,1.060917,0.654654,0.679240,0.006943,0.000359,0.733884
1640841516483480064,-2.184651,1.060926,0.654474,0.679281,0.006943,0.000408,0.733845
1640841516485119744,-2.184545,1.060930,0.654385,0.679298,0.006933,0.000427,0.733830
1640841516489670144,-2.184252,1.060938,0.654141,0.679331,0.006871,0.000447,0.733800
1640841516490439936,-2.184203,1.060940,0.654100,0.679334,0.006856,0.000446,0.733797
1640841516493569792,-2.184004,1.060943,0.653934,0.679342,0.006785,0.000424,0.733791
1640841516495149824,-2.183903,1.060945,0.653851,0.679346,0.006745,0.000407,0.733787
1640841516498599936,-2.183685,1.060946,0.653670,0.679364,0.006659,0.000356,0.733771
1640841516500179968,-2.183585,1.060947,0.653587,0.679379,0.006623,0.000329,0.733758
1640841516503739904,-2.183361,1.060946,0.653402,0.679419,0.006549,0.000261,0.733721
1640841516505199872,-2.183270,1.060945,0.653327,0.679435,0.006522,0.000231,0.733706
1640841516509199872,-2.183021,1.060941,0.653121,0.679471,0.006458,0.000146,0.733674
1640841516510119936,-2.182963,1.060940,0.653074,0.679477,0.006445,0.000127,0.733668
1640841516513469952,-2.182756,1.060934,0.652904,0.679493,0.006396,0.000063,0.733654
1640841516515120128,-2.182654,1.060931,0.652821,0.679499,0.006368,0.000039,0.733649
1640841516518589952,-2.182441,1.060923,0.652646,0.679513,0.006294,0.000011,0.733636
1640841516520390144,-2.182331,1.060918,0.652556,0.679523,0.006247,0.000011,0.733628
1640841516523820032,-2.182122,1.060908,0.652386,0.679544,0.006150,0.000028,0.733609
1640841516525120000,-2.182043,1.060903,0.652321,0.679553,0.006116,0.000038,0.733601
1640841516528499968,-2.181839,1.060891,0.652155,0.679579,0.006045,0.000064,0.733578
1640841516530239744,-2.181734,1.060884,0.652070,0.679593,0.006021,0.000074,0.733565
1640841516533619968,-2.181531,1.060869,0.651905,0.679620,0.005994,0.000093,0.733540
1640841516535490048,-2.181420,1.060860,0.651815,0.679635,0.005986,0.000106,0.733526
1640841516541309952,-2.181074,1.060829,0.651535,0.679681,0.005967,0.000172,0.733484
1640841516542330112,-2.181014,1.060823,0.651487,0.679689,0.005963,0.000189,0.733476
1640841516543510016,-2.180944,1.060816,0.651431,0.679698,0.005960,0.000209,0.733468
1640841516545149952,-2.180848,1.060806,0.651353,0.679711,0.005956,0.000238,0.733456
1640841516548480000,-2.180653,1.060785,0.651196,0.679739,0.005957,0.000298,0.733430
1640841516550169856,-2.180554,1.060774,0.651117,0.679755,0.005962,0.000327,0.733415
1640841516555079936,-2.180269,1.060739,0.650888,0.679803,0.005994,0.000398,0.733370
1640841516556039936,-2.180214,1.060731,0.650844,0.679812,0.006003,0.000409,0.733362
1640841516559039744,-2.180041,1.060708,0.650705,0.679840,0.006031,0.000435,0.733336
1640841516560230144,-2.179973,1.060698,0.650651,0.679850,0.006043,0.000441,0.733326
1640841516563599872,-2.179780,1.060670,0.650497,0.679877,0.006074,0.000445,0.733301
1640841516565169920,-2.179691,1.060657,0.650426,0.679887,0.006086,0.000439,0.733291
1640841516568869888,-2.179482,1.060623,0.650259,0.679906,0.006105,0.000405,0.733274
1640841516570390016,-2.179396,1.060609,0.650191,0.679911,0.006108,0.000382,0.733269
1640841516573529856,-2.179220,1.060579,0.650051,0.679919,0.006106,0.000322,0.733262
1640841516575150080,-2.179129,1.060563,0.649979,0.679922,0.006100,0.000286,0.733259
1640841516578579968,-2.178938,1.060528,0.649828,0.679929,0.006081,0.000204,0.733252
1640841516580199936,-2.178849,1.060511,0.649757,0.679934,0.006068,0.000163,0.733248
1640841516583510016,-2.178666,1.060475,0.649612,0.679944,0.006029,0.000078,0.733239
1640841516585609984,-2.178551,1.060452,0.649521,0.679951,0.005992,0.000023,0.733233
1640841516589569792,-2.178335,1.060406,0.649351,0.679963,0.005886,-0.000084,0.733222
1640841516590210048,-2.178300,1.060398,0.649323,0.679965,0.005865,-0.000101,0.733221
1640841516593570048,-2.178118,1.060358,0.649180,0.679973,0.005744,-0.000188,0.733214
1640841516595099904,-2.178036,1.060339,0.649115,0.679977,0.005695,-0.000223,0.733211
1640841516598569984,-2.177850,1.060295,0.648969,0.679986,0.005623,-0.000285,0.733203
1640841516600260096,-2.177760,1.060273,0.648899,0.679992,0.005615,-0.000306,0.733198
1640841516603699968,-2.177577,1.060228,0.648755,0.680004,0.005630,-0.000336,0.733187
1640841516605139968,-2.177501,1.060208,0.648696,0.680009,0.005643,-0.000348,0.733182
1640841516608499968,-2.177325,1.060162,0.648558,0.680021,0.005665,-0.000384,0.733171
1640841516610189824,-2.177236,1.060138,0.648489,0.680027,0.005669,-0.000406,0.733165
1640841516613479936,-2.177065,1.060091,0.648355,0.680040,0.005671,-0.000448,0.733153
1640841516615119872,-2.176980,1.060067,0.648289,0.680048,0.005676,-0.000461,0.733145
1640841516619030016,-2.176779,1.060008,0.648132,0.680073,0.005712,-0.000453,0.733122
1640841516621039872,-2.176676,1.059977,0.648052,0.680090,0.005755,-0.000417,0.733106
1640841516623569920,-2.176548,1.059938,0.647952,0.680115,0.005830,-0.000345,0.733082
1640841516625149952,-2.176468,1.059913,0.647889,0.680131,0.005878,-0.000298,0.733067
1640841516628659968,-2.176291,1.059856,0.647752,0.680159,0.005960,-0.000225,0.733041
1640841516630970112,-2.176175,1.059818,0.647662,0.680171,0.005985,-0.000215,0.733029
1640841516633659904,-2.176041,1.059773,0.647558,0.680181,0.005995,-0.000233,0.733020
1640841516635699968,-2.175941,1.059738,0.647480,0.680188,0.005996,-0.000261,0.733013
1640841516638609920,-2.175797,1.059688,0.647369,0.680201,0.006001,-0.000313,0.733001
1640841516640209920,-2.175719,1.059660,0.647309,0.680210,0.006008,-0.000344,0.732993
1640841516643499776,-2.175559,1.059601,0.647185,0.680231,0.006018,-0.000414,0.732973
1640841516645120000,-2.175481,1.059572,0.647124,0.680241,0.006017,-0.000453,0.732964
1640841516648619776,-2.175313,1.059507,0.646994,0.680263,0.005984,-0.000547,0.732944
1640841516650359808,-2.175230,1.059475,0.646930,0.680272,0.005950,-0.000600,0.732935
1640841516653679872,-2.175073,1.059412,0.646808,0.680287,0.005864,-0.000711,0.732922
1640841516655139840,-2.175004,1.059384,0.646755,0.680293,0.005822,-0.000765,0.732917
1640841516658459904,-2.174849,1.059319,0.646634,0.680303,0.005727,-0.000898,0.732908
1640841516660239872,-2.174766,1.059284,0.646570,0.680307,0.005680,-0.000975,0.732904
1640841516663699968,-2.174606,1.059214,0.646447,0.680314,0.005596,-0.001132,0.732899
1640841516665540096,-2.174522,1.059177,0.646382,0.680317,0.005555,-0.001216,0.732896
1640841516668910080,-2.174369,1.059107,0.646263,0.680325,0.005482,-0.001367,0.732889
1640841516670419968,-2.174300,1.059076,0.646210,0.680329,0.005451,-0.001432,0.732885
1640841516673879808,-2.174145,1.059002,0.646090,0.680342,0.005376,-0.001568,0.732874
1640841516675149824,-2.174088,1.058975,0.646046,0.680347,0.005348,-0.001611,0.732869
1640841516678479872,-2.173941,1.058903,0.645932,0.680363,0.005266,-0.001704,0.732855
1640841516680179712,-2.173866,1.058866,0.645874,0.680372,0.005219,-0.001737,0.732846
1640841516683549952,-2.173719,1.058791,0.645760,0.680390,0.005121,-0.001782,0.732830
1640841516685479936,-2.173635,1.058747,0.645695,0.680400,0.005064,-0.001799,0.732821
1640841516689070080,-2.173481,1.058665,0.645575,0.680415,0.004963,-0.001830,0.732808
1640841516690160128,-2.173434,1.058640,0.645539,0.680418,0.004936,-0.001840,0.732805
1640841516693500160,-2.173293,1.058562,0.645429,0.680425,0.004866,-0.001875,0.732799
1640841516695129856,-2.173224,1.058524,0.645376,0.680428,0.004842,-0.001892,0.732796
1640841516698690048,-2.173076,1.058439,0.645260,0.680436,0.004819,-0.001930,0.732789
1640841516700480000,-2.173002,1.058396,0.645202,0.680440,0.004824,-0.001947,0.732785
1640841516703569920,-2.172875,1.058321,0.645103,0.680449,0.004850,-0.001971,0.732777
1640841516705199872,-2.172808,1.058281,0.645051,0.680454,0.004867,-0.001978,0.732772
1640841516708529920,-2.172674,1.058198,0.644946,0.680463,0.004897,-0.001979,0.732763
1640841516710180096,-2.172608,1.058156,0.644894,0.680467,0.004907,-0.001974,0.732759
1640841516713969920,-2.172457,1.058060,0.644776,0.680476,0.004914,-0.001963,0.732751
1640841516715200000,-2.172409,1.058028,0.644738,0.680478,0.004910,-0.001964,0.732749
1640841516718860032,-2.172266,1.057933,0.644625,0.680483,0.004883,-0.001994,0.732744
1640841516720199936,-2.172214,1.057898,0.644584,0.680485,0.004866,-0.002016,0.732743
1640841516723480064,-2.172088,1.057811,0.644485,0.680488,0.004820,-0.002086,0.732741
1640841516725139968,-2.172025,1.057767,0.644435,0.680489,0.004797,-0.002125,0.732740
1640841516728639744,-2.171894,1.057673,0.644330,0.680490,0.004759,-0.002200,0.732739
1640841516730309888,-2.171831,1.057627,0.644280,0.680491,0.004751,-0.002226,0.732738
1640841516733579776,-2.171711,1.057537,0.644184,0.680490,0.004742,-0.002267,0.732739
1640841516735529984,-2.171639,1.057483,0.644127,0.680487,0.004729,-0.002296,0.732741
1640841516739679744,-2.171490,1.057367,0.644006,0.680472,0.004637,-0.002414,0.732756
1640841516740300032,-2.171468,1.057349,0.643988,0.680468,0.004614,-0.002439,0.732759
1640841516743549696,-2.171352,1.057257,0.643895,0.680447,0.004470,-0.002588,0.732779
1640841516745580032,-2.171281,1.057198,0.643837,0.680432,0.004365,-0.002686,0.732794
1640841516748539904,-2.171178,1.057112,0.643753,0.680410,0.004207,-0.002816,0.732815
1640841516750190080,-2.171122,1.057064,0.643706,0.680398,0.004124,-0.002875,0.732825
1640841516753569792,-2.171007,1.056964,0.643612,0.680380,0.003978,-0.002943,0.732843
1640841516755179776,-2.170953,1.056916,0.643567,0.680375,0.003929,-0.002941,0.732848
1640841516758540032,-2.170841,1.056816,0.643474,0.680370,0.003863,-0.002887,0.732853
1640841516760359936,-2.170781,1.056760,0.643425,0.680366,0.003823,-0.002890,0.732857
1640841516763559936,-2.170677,1.056663,0.643338,0.680355,0.003735,-0.002958,0.732867
1640841516765149952,-2.170626,1.056614,0.643295,0.680349,0.003689,-0.003005,0.732873
1640841516768859904,-2.170508,1.056499,0.643195,0.680336,0.003590,-0.003095,0.732885
1640841516770669824,-2.170452,1.056442,0.643147,0.680332,0.003553,-0.003110,0.732889
1640841516774009856,-2.170349,1.056337,0.643059,0.680327,0.003499,-0.003095,0.732893
1640841516775130112,-2.170314,1.056301,0.643029,0.680327,0.003485,-0.003082,0.732894
1640841516779019776,-2.170197,1.056177,0.642928,0.680326,0.003437,-0.003032,0.732895
1640841516780179968,-2.170162,1.056139,0.642898,0.680326,0.003424,-0.003020,0.732895
1640841516783529984,-2.170064,1.056030,0.642812,0.680328,0.003388,-0.002996,0.732894
1640841516785219840,-2.170015,1.055975,0.642769,0.680329,0.003374,-0.002992,0.732893
1640841516788610048,-2.169918,1.055863,0.642683,0.680333,0.003357,-0.003004,0.732889
1640841516791059968,-2.169849,1.055781,0.642621,0.680336,0.003355,-0.003031,0.732886
1640841516794060032,-2.169765,1.055681,0.642546,0.680339,0.003357,-0.003077,0.732883
1640841516795169792,-2.169735,1.055643,0.642519,0.680340,0.003357,-0.003096,0.732882
1640841516798560000,-2.169643,1.055528,0.642435,0.680339,0.003351,-0.003153,0.732883
1640841516800169984,-2.169601,1.055473,0.642396,0.680336,0.003342,-0.003177,0.732886
1640841516803660032,-2.169509,1.055353,0.642311,0.680327,0.003306,-0.003229,0.732894
1640841516807699968,-2.169406,1.055212,0.642214,0.680314,0.003236,-0.003299,0.732906
1640841516809319936,-2.169365,1.055156,0.642176,0.680309,0.003200,-0.003334,0.732911
1640841516810939904,-2.169325,1.055099,0.642137,0.680304,0.003160,-0.003373,0.732916
1640841516813459968,-2.169263,1.055009,0.642078,0.680296,0.003095,-0.003440,0.732923
1640841516815169792,-2.169222,1.054948,0.642038,0.680291,0.003053,-0.003487,0.732928
1640841516818980096,-2.169131,1.054812,0.641950,0.680275,0.002977,-0.003593,0.732942
1640841516820559872,-2.169095,1.054755,0.641913,0.680266,0.002957,-0.003633,0.732950
1640841516825189888,-2.168990,1.054586,0.641808,0.680237,0.002923,-0.003731,0.732977
1640841516826550016,-2.168959,1.054536,0.641777,0.680228,0.002913,-0.003751,0.732985
1640841516828460032,-2.168918,1.054466,0.641734,0.680216,0.002894,-0.003771,0.732997
1640841516830220032,-2.168879,1.054401,0.641695,0.680205,0.002867,-0.003779,0.733006
1640841516833519872,-2.168810,1.054278,0.641621,0.680189,0.002799,-0.003778,0.733022
1640841516835449856,-2.168770,1.054206,0.641579,0.680180,0.002752,-0.003772,0.733030
1640841516838539776,-2.168707,1.054090,0.641511,0.680168,0.002672,-0.003766,0.733042
1640841516840440064,-2.168669,1.054018,0.641470,0.680162,0.002623,-0.003769,0.733048
1640841516843529984,-2.168609,1.053900,0.641403,0.680150,0.002547,-0.003786,0.733058
1640841516845159936,-2.168578,1.053837,0.641369,0.680143,0.002510,-0.003800,0.733065
1640841516848480000,-2.168516,1.053709,0.641298,0.680124,0.002445,-0.003835,0.733083
1640841516850169856,-2.168485,1.053644,0.641263,0.680111,0.002418,-0.003855,0.733095
1640841516853609984,-2.168424,1.053510,0.641191,0.680083,0.002378,-0.003893,0.733121
1640841516856209920,-2.168379,1.053408,0.641137,0.680066,0.002361,-0.003910,0.733136
1640841516858870016,-2.168335,1.053303,0.641082,0.680059,0.002357,-0.003910,0.733143
1640841516860239872,-2.168312,1.053249,0.641054,0.680059,0.002360,-0.003902,0.733143
1640841516863579904,-2.168259,1.053116,0.640986,0.680065,0.002366,-0.003876,0.733138
1640841516865169920,-2.168234,1.053052,0.640954,0.680067,0.002363,-0.003866,0.733136
1640841516868659968,-2.168181,1.052912,0.640885,0.680061,0.002332,-0.003864,0.733142
1640841516870220032,-2.168158,1.052849,0.640854,0.680053,0.002306,-0.003874,0.733149
1640841516873590016,-2.168110,1.052712,0.640788,0.680030,0.002244,-0.003909,0.733171
1640841516875709952,-2.168081,1.052625,0.640746,0.680015,0.002212,-0.003934,0.733185
1640841516878459904,-2.168044,1.052512,0.640693,0.680000,0.002192,-0.003960,0.733198
1640841516880179968,-2.168022,1.052441,0.640660,0.679997,0.002199,-0.003969,0.733201
1640841516883529984,-2.167980,1.052302,0.640596,0.680001,0.002256,-0.003968,0.733197
1640841516885440000,-2.167957,1.052223,0.640560,0.680007,0.002295,-0.003961,0.733191
1640841516890309888,-2.167901,1.052018,0.640469,0.680013,0.002334,-0.003944,0.733186
1640841516891189760,-2.167891,1.051981,0.640453,0.680011,0.002326,-0.003944,0.733187
1640841516893449984,-2.167867,1.051886,0.640411,0.680003,0.002283,-0.003950,0.733195
1640841516895149824,-2.167849,1.051814,0.640380,0.679993,0.002235,-0.003962,0.733204
1640841516898550016,-2.167816,1.051669,0.640319,0.679969,0.002107,-0.004012,0.733227
1640841516900260096,-2.167799,1.051595,0.640288,0.679955,0.002031,-0.004051,0.733240
1640841516903990016,-2.167766,1.051435,0.640221,0.679923,0.001868,-0.004144,0.733270
1640841516906870016,-2.167741,1.051310,0.640171,0.679899,0.001768,-0.004200,0.733291
1640841516908539904,-2.167728,1.051237,0.640141,0.679888,0.001730,-0.004215,0.733302
1640841516910269952,-2.167714,1.051162,0.640111,0.679878,0.001709,-0.004217,0.733311
1640841516913499904,-2.167690,1.051020,0.640055,0.679864,0.001699,-0.004186,0.733324
1640841516915180032,-2.167679,1.050947,0.640027,0.679859,0.001704,-0.004157,0.733329
1640841516918639872,-2.167656,1.050794,0.639968,0.679854,0.001712,-0.004081,0.733334
1640841516920209920,-2.167646,1.050724,0.639942,0.679853,0.001710,-0.004043,0.733335
1640841516924749824,-2.167621,1.050521,0.639866,0.679855,0.001693,-0.003924,0.733334
1640841516925319936,-2.167618,1.050496,0.639857,0.679855,0.001691,-0.003908,0.733334
1640841516928519936,-2.167602,1.050352,0.639804,0.679854,0.001689,-0.003819,0.733336
1640841516930209792,-2.167595,1.050276,0.639777,0.679851,0.001696,-0.003771,0.733339
1640841516933549824,-2.167581,1.050125,0.639723,0.679844,0.001725,-0.003676,0.733345
1640841516935539968,-2.167574,1.050034,0.639691,0.679840,0.001749,-0.003622,0.733349
1640841516938939904,-2.167564,1.049879,0.639638,0.679836,0.001799,-0.003535,0.733353
1640841516941509888,-2.167557,1.049761,0.639598,0.679837,0.001840,-0.003475,0.733353
1640841516943699712,-2.167552,1.049660,0.639564,0.679839,0.001876,-0.003430,0.733351
1640841516945220096,-2.167549,1.049590,0.639540,0.679840,0.001900,-0.003401,0.733350
1640841516948499968,-2.167544,1.049438,0.639491,0.679842,0.001949,-0.003348,0.733348
1640841516950439936,-2.167541,1.049347,0.639461,0.679841,0.001975,-0.003323,0.733349
1640841516953619968,-2.167539,1.049199,0.639414,0.679836,0.002004,-0.003289,0.733354
1640841516956839936,-2.167538,1.049048,0.639367,0.679825,0.002009,-0.003264,0.733364
1640841516958519808,-2.167539,1.048968,0.639342,0.679817,0.001998,-0.003255,0.733372
1640841516960219904,-2.167539,1.048888,0.639318,0.679806,0.001979,-0.003247,0.733382
1640841516963609856,-2.167542,1.048728,0.639269,0.679784,0.001931,-0.003234,0.733403
1640841516965209856,-2.167544,1.048651,0.639247,0.679773,0.001911,-0.003227,0.733413
1640841516968809728,-2.167550,1.048480,0.639197,0.679753,0.001899,-0.003207,0.733432
1640841516971020032,-2.167555,1.048374,0.639166,0.679746,0.001924,-0.003188,0.733439
1640841516973649920,-2.167562,1.048247,0.639130,0.679740,0.001975,-0.003157,0.733444
1640841516975239936,-2.167566,1.048171,0.639109,0.679738,0.002006,-0.003133,0.733446
1640841516978569984,-2.167577,1.048010,0.639064,0.679730,0.002042,-0.003067,0.733453
1640841516980249856,-2.167583,1.047928,0.639042,0.679725,0.002040,-0.003027,0.733458
1640841516983939840,-2.167598,1.047749,0.638994,0.679710,0.002008,-0.002922,0.733472
1640841516985449984,-2.167604,1.047675,0.638974,0.679704,0.001993,-0.002874,0.733478
1640841516988669952,-2.167619,1.047517,0.638933,0.679692,0.001977,-0.002764,0.733490
1640841516991259904,-2.167633,1.047390,0.638901,0.679684,0.001988,-0.002673,0.733497
1640841516993499904,-2.167645,1.047279,0.638873,0.679678,0.002010,-0.002595,0.733503
1640841516995139840,-2.167655,1.047198,0.638853,0.679673,0.002032,-0.002540,0.733508
1640841516998569984,-2.167676,1.047028,0.638811,0.679663,0.002082,-0.002436,0.733517
1640841517000419840,-2.167688,1.046936,0.638789,0.679657,0.002110,-0.002388,0.733523
1640841517003709952,-2.167711,1.046772,0.638751,0.679647,0.002164,-0.002310,0.733533
1640841517005179904,-2.167722,1.046698,0.638733,0.679643,0.002193,-0.002274,0.733536
1640841517008590080,-2.167748,1.046527,0.638694,0.679636,0.002276,-0.002181,0.733542
1640841517010249728,-2.167761,1.046444,0.638675,0.679635,0.002325,-0.002129,0.733544
1640841517013499904,-2.167788,1.046280,0.638639,0.679632,0.002425,-0.002015,0.733547
1640841517015159808,-2.167803,1.046196,0.638621,0.679630,0.002474,-0.001953,0.733549
1640841517018829824,-2.167836,1.046010,0.638581,0.679619,0.002560,-0.001809,0.733559
1640841517020199936,-2.167849,1.045940,0.638566,0.679612,0.002581,-0.001755,0.733565
1640841517023510016,-2.167882,1.045771,0.638531,0.679591,0.002606,-0.001628,0.733585
1640841517025189888,-2.167899,1.045685,0.638514,0.679579,0.002612,-0.001570,0.733596
1640841517028489728,-2.167933,1.045516,0.638480,0.679561,0.002627,-0.001480,0.733613
1640841517030289920,-2.167953,1.045423,0.638462,0.679555,0.002644,-0.001447,0.733618
1640841517033959936,-2.167994,1.045234,0.638426,0.679550,0.002691,-0.001409,0.733622
1640841517036569856,-2.168024,1.045099,0.638400,0.679543,0.002718,-0.001390,0.733629
1640841517039279872,-2.168056,1.044958,0.638374,0.679525,0.002725,-0.001362,0.733646
1640841517040219904,-2.168068,1.044909,0.638366,0.679515,0.002720,-0.001348,0.733655
1640841517043559936,-2.168109,1.044735,0.638335,0.679473,0.002691,-0.001287,0.733694
1640841517045209856,-2.168130,1.044649,0.638319,0.679451,0.002675,-0.001250,0.733715
1640841517048669696,-2.168176,1.044468,0.638288,0.679410,0.002657,-0.001165,0.733754
1640841517050259712,-2.168197,1.044384,0.638274,0.679397,0.002662,-0.001124,0.733766
1640841517053570048,-2.168243,1.044210,0.638246,0.679381,0.002709,-0.001030,0.733780
1640841517055939840,-2.168276,1.044085,0.638226,0.679373,0.002767,-0.000953,0.733787
1640841517058509824,-2.168313,1.043949,0.638204,0.679361,0.002850,-0.000854,0.733798
1640841517060209920,-2.168338,1.043859,0.638191,0.679350,0.002914,-0.000779,0.733808
1640841517063559936,-2.168388,1.043681,0.638164,0.679322,0.003052,-0.000614,0.733833
1640841517065999872,-2.168426,1.043551,0.638145,0.679301,0.003154,-0.000487,0.733853
1640841517069870080,-2.168486,1.043344,0.638115,0.679271,0.003301,-0.000285,0.733880
1640841517070669824,-2.168499,1.043301,0.638109,0.679266,0.003328,-0.000244,0.733884
1640841517073859840,-2.168551,1.043130,0.638086,0.679247,0.003426,-0.000081,0.733901
1640841517075140096,-2.168572,1.043062,0.638077,0.679240,0.003462,-0.000015,0.733908
1640841517078539776,-2.168629,1.042878,0.638053,0.679221,0.003549,0.000164,0.733925
1640841517080229888,-2.168658,1.042787,0.638042,0.679212,0.003590,0.000254,0.733934
1640841517083549952,-2.168716,1.042607,0.638020,0.679193,0.003675,0.000436,0.733951
1640841517085549824,-2.168751,1.042499,0.638007,0.679182,0.003736,0.000546,0.733961
1640841517089669888,-2.168825,1.042275,0.637981,0.679161,0.003899,0.000769,0.733978
1640841517090210048,-2.168835,1.042245,0.637978,0.679159,0.003924,0.000798,0.733980
1640841517093529856,-2.168896,1.042064,0.637958,0.679145,0.004084,0.000962,0.733992
1640841517095189760,-2.168928,1.041973,0.637948,0.679138,0.004163,0.001035,0.733998
1640841517098850048,-2.168997,1.041772,0.637928,0.679121,0.004310,0.001162,0.734013
1640841517100329984,-2.169026,1.041691,0.637920,0.679113,0.004354,0.001198,0.734020
1640841517103610112,-2.169091,1.041510,0.637903,0.679093,0.004414,0.001249,0.734038
1640841517105229824,-2.169123,1.041421,0.637895,0.679081,0.004428,0.001266,0.734049
1640841517108529920,-2.169189,1.041238,0.637879,0.679050,0.004435,0.001299,0.734077
1640841517110240000,-2.169224,1.041143,0.637871,0.679031,0.004430,0.001321,0.734095
1640841517113649920,-2.169295,1.040954,0.637856,0.678989,0.004413,0.001374,0.734134
1640841517115249920,-2.169329,1.040865,0.637850,0.678970,0.004407,0.001399,0.734152
1640841517118899712,-2.169406,1.040661,0.637835,0.678929,0.004404,0.001447,0.734189
1640841517120189952,-2.169434,1.040589,0.637830,0.678917,0.004409,0.001460,0.734200
1640841517123469824,-2.169505,1.040405,0.637818,0.678889,0.004432,0.001490,0.734226
1640841517125159936,-2.169543,1.040310,0.637813,0.678875,0.004448,0.001509,0.734239
1640841517128519936,-2.169617,1.040121,0.637802,0.678844,0.004482,0.001563,0.734267
1640841517132629760,-2.169710,1.039889,0.637790,0.678800,0.004521,0.001668,0.734307
1640841517133549824,-2.169732,1.039837,0.637787,0.678790,0.004529,0.001696,0.734316
1640841517135439872,-2.169775,1.039730,0.637783,0.678771,0.004546,0.001756,0.734334
1640841517138619904,-2.169849,1.039550,0.637775,0.678747,0.004575,0.001859,0.734356
1640841517140209920,-2.169886,1.039460,0.637772,0.678739,0.004590,0.001910,0.734363
1640841517143440128,-2.169963,1.039276,0.637766,0.678728,0.004626,0.002013,0.734372
1640841517145220096,-2.170006,1.039174,0.637762,0.678725,0.004650,0.002069,0.734375
1640841517148499968,-2.170085,1.038987,0.637758,0.678718,0.004708,0.002174,0.734380
1640841517150259968,-2.170128,1.038886,0.637755,0.678714,0.004747,0.002230,0.734384
1640841517153639936,-2.170211,1.038692,0.637752,0.678703,0.004829,0.002328,0.734393
1640841517155279872,-2.170252,1.038598,0.637750,0.678695,0.004869,0.002368,0.734400
1640841517158469888,-2.170332,1.038414,0.637748,0.678676,0.004939,0.002422,0.734417
1640841517160280064,-2.170378,1.038310,0.637748,0.678662,0.004972,0.002436,0.734430
1640841517165429760,-2.170510,1.038012,0.637747,0.678621,0.005040,0.002441,0.734467
1640841517166159872,-2.170529,1.037970,0.637747,0.678616,0.005048,0.002442,0.734471
1640841517168749824,-2.170596,1.037819,0.637748,0.678603,0.005072,0.002449,0.734483
1640841517170230016,-2.170635,1.037733,0.637749,0.678598,0.005084,0.002456,0.734488
1640841517173509888,-2.170722,1.037542,0.637751,0.678588,0.005106,0.002472,0.734497
1640841517175239936,-2.170768,1.037441,0.637753,0.678582,0.005116,0.002478,0.734503
1640841517178589696,-2.170858,1.037246,0.637756,0.678563,0.005129,0.002472,0.734520
1640841517180219904,-2.170902,1.037150,0.637759,0.678550,0.005133,0.002461,0.734533
1640841517183869952,-2.171001,1.036936,0.637764,0.678516,0.005128,0.002429,0.734564
1640841517185259776,-2.171039,1.036855,0.637767,0.678503,0.005119,0.002417,0.734575
1640841517188489984,-2.171128,1.036665,0.637773,0.678480,0.005081,0.002405,0.734597
1640841517190249984,-2.171177,1.036561,0.637777,0.678472,0.005050,0.002409,0.734605
1640841517193699840,-2.171274,1.036358,0.637785,0.678460,0.004984,0.002433,0.734617
1640841517195249920,-2.171318,1.036266,0.637790,0.678455,0.004959,0.002449,0.734621
1640841517198589952,-2.171412,1.036069,0.637799,0.678441,0.004929,0.002486,0.734634
1640841517200519936,-2.171467,1.035954,0.637805,0.678431,0.004928,0.002509,0.734643
1640841517203909888,-2.171565,1.035753,0.637816,0.678414,0.004941,0.002556,0.734659
1640841517205459712,-2.171610,1.035661,0.637821,0.678407,0.004950,0.002581,0.734665
1640841517208580096,-2.171701,1.035476,0.637833,0.678396,0.004965,0.002640,0.734675
1640841517210279936,-2.171750,1.035374,0.637839,0.678393,0.004972,0.002677,0.734678
1640841517213459968,-2.171844,1.035185,0.637852,0.678387,0.004989,0.002751,0.734682
1640841517215209984,-2.171896,1.035080,0.637860,0.678384,0.005003,0.002793,0.734685
1640841517218659840,-2.171999,1.034874,0.637875,0.678375,0.005050,0.002877,0.734693
1640841517220710144,-2.172060,1.034751,0.637885,0.678367,0.005091,0.002925,0.734700
1640841517223480064,-2.172144,1.034585,0.637898,0.678356,0.005156,0.002991,0.734709
1640841517225560064,-2.172207,1.034460,0.637909,0.678350,0.005208,0.003042,0.734715
1640841517228519936,-2.172297,1.034282,0.637925,0.678346,0.005278,0.003118,0.734717
1640841517230340096,-2.172353,1.034173,0.637935,0.678348,0.005317,0.003166,0.734714
1640841517234149888,-2.172471,1.033943,0.637956,0.678359,0.005385,0.003261,0.734704
1640841517235179776,-2.172503,1.033881,0.637962,0.678361,0.005401,0.003282,0.734701
1640841517238519808,-2.172607,1.033680,0.637982,0.678366,0.005445,0.003329,0.734697
1640841517240329984,-2.172664,1.033570,0.637994,0.678364,0.005465,0.003337,0.734698
1640841517243470080,-2.172763,1.033380,0.638014,0.678355,0.005493,0.003329,0.734706
1640841517245179904,-2.172817,1.033277,0.638025,0.678351,0.005503,0.003318,0.734710
1640841517248920064,-2.172936,1.033050,0.638051,0.678345,0.005509,0.003291,0.734715
1640841517250530048,-2.172988,1.032953,0.638062,0.678345,0.005505,0.003280,0.734715
1640841517253540096,-2.173085,1.032770,0.638084,0.678348,0.005484,0.003260,0.734714
1640841517255169792,-2.173137,1.032671,0.638096,0.678348,0.005464,0.003248,0.734713
1640841517258589952,-2.173249,1.032463,0.638122,0.678346,0.005402,0.003221,0.734715
1640841517260249856,-2.173303,1.032362,0.638135,0.678342,0.005362,0.003207,0.734719
1640841517263579904,-2.173412,1.032160,0.638161,0.678331,0.005267,0.003175,0.734731
1640841517265289984,-2.173469,1.032055,0.638175,0.678325,0.005216,0.003158,0.734737
1640841517268620032,-2.173579,1.031852,0.638203,0.678315,0.005122,0.003127,0.734747
1640841517270550016,-2.173644,1.031735,0.638219,0.678312,0.005074,0.003111,0.734749
1640841517273909760,-2.173756,1.031530,0.638248,0.678313,0.005011,0.003092,0.734750
1640841517275219968,-2.173800,1.031450,0.638260,0.678315,0.004993,0.003089,0.734748
1640841517278479872,-2.173910,1.031251,0.638290,0.678322,0.004972,0.003096,0.734742
1640841517280199936,-2.173968,1.031146,0.638305,0.678327,0.004974,0.003108,0.734737
1640841517283599872,-2.174084,1.030938,0.638337,0.678339,0.004991,0.003149,0.734725
1640841517285260032,-2.174141,1.030836,0.638353,0.678345,0.005000,0.003174,0.734719
1640841517288509952,-2.174253,1.030637,0.638385,0.678356,0.005000,0.003227,0.734709
1640841517290319872,-2.174315,1.030527,0.638403,0.678362,0.004986,0.003257,0.734704
1640841517293479936,-2.174425,1.030333,0.638435,0.678371,0.004950,0.003308,0.734696
1640841517295219968,-2.174485,1.030227,0.638453,0.678376,0.004929,0.003336,0.734691
1640841517299239936,-2.174626,1.029981,0.638496,0.678390,0.004904,0.003400,0.734677
1640841517300770048,-2.174679,1.029887,0.638512,0.678397,0.004910,0.003424,0.734671
1640841517303899904,-2.174790,1.029695,0.638546,0.678412,0.004942,0.003473,0.734656
1640841517306069760,-2.174866,1.029562,0.638570,0.678422,0.004969,0.003509,0.734648
1640841517308470016,-2.174952,1.029415,0.638597,0.678428,0.004992,0.003551,0.734642
1640841517310230016,-2.175014,1.029307,0.638617,0.678429,0.004998,0.003585,0.734640
1640841517313489920,-2.175131,1.029108,0.638655,0.678425,0.004987,0.003649,0.734643
1640841517315559936,-2.175205,1.028981,0.638679,0.678422,0.004971,0.003686,0.734646
1640841517318729984,-2.175319,1.028787,0.638717,0.678422,0.004940,0.003730,0.734647
1640841517320780032,-2.175394,1.028661,0.638741,0.678425,0.004920,0.003748,0.734644
1640841517323529984,-2.175494,1.028493,0.638775,0.678431,0.004888,0.003764,0.734638
1640841517325260032,-2.175557,1.028387,0.638796,0.678434,0.004863,0.003770,0.734636
1640841517328450048,-2.175673,1.028192,0.638836,0.678433,0.004801,0.003781,0.734637
1640841517330279936,-2.175740,1.028080,0.638860,0.678426,0.004755,0.003789,0.734643
1640841517333799936,-2.175870,1.027864,0.638905,0.678403,0.004643,0.003813,0.734666
1640841517335209728,-2.175922,1.027778,0.638923,0.678393,0.004597,0.003827,0.734675
1640841517338959872,-2.176062,1.027549,0.638973,0.678378,0.004497,0.003878,0.734689
1640841517340229888,-2.176109,1.027471,0.638990,0.678378,0.004473,0.003901,0.734689
1640841517343469824,-2.176230,1.027273,0.639034,0.678387,0.004426,0.003971,0.734680
1640841517345149952,-2.176293,1.027171,0.639056,0.678395,0.004404,0.004014,0.734673
1640841517348899840,-2.176434,1.026942,0.639108,0.678409,0.004344,0.004130,0.734660
1640841517350269952,-2.176486,1.026858,0.639127,0.678412,0.004317,0.004178,0.734657
1640841517353740032,-2.176617,1.026646,0.639176,0.678414,0.004249,0.004302,0.734655
1640841517356039936,-2.176705,1.026506,0.639209,0.678411,0.004214,0.004380,0.734657
1640841517358459904,-2.176797,1.026358,0.639244,0.678404,0.004192,0.004452,0.734663
1640841517360239872,-2.176865,1.026250,0.639269,0.678397,0.004190,0.004497,0.734670
1640841517363499776,-2.176990,1.026051,0.639317,0.678382,0.004198,0.004566,0.734683
1640841517365249792,-2.177058,1.025945,0.639343,0.678375,0.004201,0.004599,0.734689
1640841517369410048,-2.177219,1.025692,0.639405,0.678367,0.004174,0.004677,0.734696
1640841517370619904,-2.177266,1.025618,0.639423,0.678367,0.004156,0.004700,0.734696
1640841517373539840,-2.177379,1.025441,0.639467,0.678369,0.004098,0.004754,0.734695
1640841517375170048,-2.177443,1.025342,0.639492,0.678369,0.004063,0.004781,0.734694
1640841517378439936,-2.177571,1.025143,0.639542,0.678365,0.003998,0.004822,0.734699
1640841517380179968,-2.177639,1.025038,0.639569,0.678358,0.003969,0.004835,0.734705
1640841517383579904,-2.177773,1.024831,0.639622,0.678337,0.003918,0.004843,0.734724
1640841517385289984,-2.177841,1.024728,0.639649,0.678325,0.003889,0.004839,0.734736
1640841517389400064,-2.178004,1.024479,0.639714,0.678294,0.003787,0.004809,0.734766
1640841517390240000,-2.178037,1.024428,0.639728,0.678288,0.003759,0.004800,0.734771
1640841517393440000,-2.178165,1.024235,0.639779,0.678267,0.003631,0.004761,0.734791
1640841517395219968,-2.178236,1.024128,0.639808,0.678258,0.003556,0.004742,0.734800
1640841517400569856,-2.178451,1.023805,0.639895,0.678237,0.003377,0.004734,0.734820
1640841517401679872,-2.178495,1.023738,0.639913,0.678234,0.003359,0.004747,0.734823
1640841517403549952,-2.178571,1.023626,0.639944,0.678232,0.003351,0.004785,0.734825
1640841517405809920,-2.178662,1.023490,0.639981,0.678230,0.003387,0.004862,0.734825
1640841517408449792,-2.178769,1.023331,0.640025,0.678229,0.003458,0.004974,0.734825
1640841517410240000,-2.178842,1.023224,0.640054,0.678223,0.003447,0.005013,0.734831
1640841517413519872,-2.178975,1.023027,0.640109,0.678202,0.003324,0.005022,0.734851
1640841517415330048,-2.179049,1.022919,0.640139,0.678188,0.003233,0.005016,0.734864
1640841517418839808,-2.179193,1.022709,0.640199,0.678166,0.003096,0.005038,0.734885
1640841517421789952,-2.179314,1.022533,0.640249,0.678155,0.003055,0.005114,0.734895
1640841517423460096,-2.179382,1.022433,0.640277,0.678150,0.003053,0.005172,0.734899
1640841517425220096,-2.179455,1.022328,0.640307,0.678146,0.003058,0.005238,0.734902
1640841517428449792,-2.179588,1.022136,0.640362,0.678137,0.003068,0.005357,0.734910
1640841517430359808,-2.179667,1.022022,0.640395,0.678129,0.003060,0.005416,0.734917
1640841517433979904,-2.179817,1.021808,0.640457,0.678110,0.003013,0.005500,0.734933
1640841517435529984,-2.179881,1.021716,0.640484,0.678101,0.002985,0.005530,0.734942
1640841517438809856,-2.180017,1.021522,0.640541,0.678083,0.002921,0.005586,0.734958
1640841517440269824,-2.180078,1.021435,0.640566,0.678075,0.002893,0.005611,0.734965
1640841517443500032,-2.180213,1.021245,0.640622,0.678059,0.002834,0.005663,0.734980
1640841517445209856,-2.180284,1.021144,0.640652,0.678051,0.002804,0.005686,0.734987
1640841517448719872,-2.180431,1.020938,0.640714,0.678034,0.002746,0.005718,0.735004
1640841517450439936,-2.180503,1.020837,0.640744,0.678024,0.002719,0.005725,0.735012
1640841517454269952,-2.180664,1.020612,0.640811,0.678003,0.002654,0.005727,0.735032
1640841517455249920,-2.180706,1.020555,0.640828,0.677997,0.002635,0.005726,0.735037
1640841517458449920,-2.180840,1.020368,0.640884,0.677980,0.002565,0.005723,0.735054
1640841517460239872,-2.180916,1.020263,0.640916,0.677971,0.002518,0.005725,0.735062
1640841517464630016,-2.181101,1.020008,0.640993,0.677949,0.002389,0.005742,0.735082
1640841517467809792,-2.181236,1.019823,0.641050,0.677933,0.002297,0.005767,0.735098
1640841517468989952,-2.181286,1.019755,0.641071,0.677926,0.002267,0.005778,0.735104
1640841517470579968,-2.181353,1.019663,0.641099,0.677916,0.002231,0.005796,0.735113
1640841517473520128,-2.181478,1.019493,0.641151,0.677896,0.002181,0.005837,0.735132
1640841517475249920,-2.181551,1.019393,0.641182,0.677885,0.002161,0.005867,0.735141
1640841517478449920,-2.181687,1.019209,0.641238,0.677871,0.002139,0.005936,0.735154
1640841517480979968,-2.181795,1.019064,0.641283,0.677868,0.002133,0.006005,0.735156
1640841517483569920,-2.181906,1.018915,0.641329,0.677868,0.002135,0.006087,0.735155
1640841517486990080,-2.182051,1.018719,0.641390,0.677866,0.002149,0.006210,0.735156
1640841517488489984,-2.182115,1.018634,0.641417,0.677862,0.002158,0.006268,0.735159
1640841517490219776,-2.182189,1.018535,0.641448,0.677855,0.002171,0.006336,0.735165
1640841517493549824,-2.182332,1.018346,0.641507,0.677834,0.002201,0.006471,0.735183
1640841517495239936,-2.182404,1.018250,0.641537,0.677822,0.002218,0.006538,0.735194
1640841517499269888,-2.182577,1.018021,0.641609,0.677794,0.002260,0.006688,0.735218
1640841517503010048,-2.182737,1.017810,0.641675,0.677777,0.002299,0.006806,0.735233
1640841517504019968,-2.182781,1.017753,0.641693,0.677773,0.002309,0.006834,0.735235
1640841517505219840,-2.182832,1.017686,0.641714,0.677770,0.002321,0.006864,0.735238
1640841517508509952,-2.182974,1.017501,0.641773,0.677760,0.002350,0.006935,0.735247
1640841517510289920,-2.183051,1.017401,0.641805,0.677752,0.002364,0.006965,0.735254
1640841517513659904,-2.183196,1.017212,0.641865,0.677734,0.002379,0.007008,0.735270
1640841517515810048,-2.183289,1.017092,0.641903,0.677720,0.002378,0.007026,0.735283
1640841517518609920,-2.183410,1.016936,0.641953,0.677698,0.002356,0.007037,0.735303
1640841517520310016,-2.183483,1.016842,0.641983,0.677684,0.002330,0.007037,0.735316
1640841517523490048,-2.183621,1.016665,0.642040,0.677654,0.002264,0.007029,0.735344
1640841517525189888,-2.183695,1.016571,0.642070,0.677638,0.002226,0.007024,0.735359
1640841517528620032,-2.183843,1.016382,0.642131,0.677604,0.002169,0.007022,0.735390
1640841517530380032,-2.183920,1.016285,0.642163,0.677587,0.002156,0.007027,0.735406
1640841517533700096,-2.184064,1.016102,0.642222,0.677556,0.002152,0.007051,0.735434
1640841517535290112,-2.184133,1.016015,0.642250,0.677542,0.002159,0.007068,0.735447
1640841517538439936,-2.184271,1.015842,0.642306,0.677515,0.002179,0.007114,0.735471
1640841517540230144,-2.184349,1.015745,0.642338,0.677501,0.002191,0.007146,0.735484
1640841517543469824,-2.184490,1.015568,0.642396,0.677477,0.002212,0.007214,0.735505
1640841517545420032,-2.184576,1.015462,0.642431,0.677462,0.002222,0.007258,0.735518
1640841517548999936,-2.184732,1.015267,0.642495,0.677434,0.002230,0.007344,0.735544
1640841517550479872,-2.184797,1.015187,0.642522,0.677421,0.002229,0.007380,0.735555
1640841517553599744,-2.184934,1.015018,0.642577,0.677392,0.002228,0.007458,0.735581
1640841517555259904,-2.185007,1.014929,0.642607,0.677377,0.002232,0.007500,0.735594
1640841517558449920,-2.185148,1.014757,0.642665,0.677348,0.002255,0.007585,0.735621
1640841517560289792,-2.185229,1.014658,0.642698,0.677331,0.002282,0.007635,0.735635
1640841517563629824,-2.185376,1.014479,0.642758,0.677303,0.002349,0.007728,0.735660
1640841517565600000,-2.185463,1.014373,0.642793,0.677287,0.002391,0.007781,0.735674
1640841517568559872,-2.185594,1.014215,0.642847,0.677264,0.002445,0.007854,0.735694
1640841517570629888,-2.185686,1.014105,0.642884,0.677249,0.002472,0.007899,0.735707
1640841517573459968,-2.185812,1.013954,0.642936,0.677228,0.002496,0.007953,0.735726
1640841517575219968,-2.185890,1.013861,0.642968,0.677212,0.002503,0.007982,0.735740
1640841517578529792,-2.186037,1.013685,0.643028,0.677178,0.002503,0.008028,0.735772
1640841517580260096,-2.186115,1.013594,0.643060,0.677155,0.002496,0.008047,0.735792
1640841517583579904,-2.186263,1.013418,0.643120,0.677108,0.002477,0.008069,0.735835
1640841517585329920,-2.186341,1.013326,0.643153,0.677082,0.002465,0.008070,0.735859
1640841517588440064,-2.186481,1.013162,0.643210,0.677036,0.002444,0.008048,0.735902
1640841517590240000,-2.186562,1.013068,0.643243,0.677010,0.002434,0.008020,0.735926
1640841517593639936,-2.186715,1.012889,0.643306,0.676964,0.002420,0.007953,0.735969
1640841517595249920,-2.186787,1.012805,0.643336,0.676942,0.002414,0.007921,0.735989
1640841517599089920,-2.186961,1.012604,0.643408,0.676888,0.002405,0.007871,0.736040
1640841517600369920,-2.187019,1.012538,0.643432,0.676869,0.002403,0.007864,0.736058
1640841517603549952,-2.187163,1.012372,0.643491,0.676822,0.002396,0.007865,0.736101
1640841517605229824,-2.187239,1.012285,0.643523,0.676797,0.002393,0.007874,0.736124
1640841517609619968,-2.187439,1.012057,0.643606,0.676737,0.002379,0.007921,0.736179
1640841517610329856,-2.187471,1.012020,0.643620,0.676728,0.002377,0.007931,0.736187
1640841517613509888,-2.187617,1.011855,0.643680,0.676689,0.002365,0.007980,0.736222
1640841517615579904,-2.187711,1.011748,0.643720,0.676664,0.002359,0.008015,0.736245
1640841517618939904,-2.187866,1.011575,0.643784,0.676621,0.002356,0.008069,0.736283
1640841517620270080,-2.187927,1.011507,0.643810,0.676603,0.002358,0.008090,0.736300
1640841517623440128,-2.188072,1.011344,0.643871,0.676559,0.002378,0.008134,0.736339
1640841517625349888,-2.188161,1.011246,0.643908,0.676533,0.002403,0.008158,0.736363
1640841517628569856,-2.188309,1.011081,0.643971,0.676489,0.002474,0.008191,0.736403
1640841517630339840,-2.188391,1.010990,0.644006,0.676466,0.002531,0.008205,0.736424
1640841517634439936,-2.188581,1.010781,0.644087,0.676414,0.002686,0.008233,0.736470
1640841517635299840,-2.188621,1.010737,0.644104,0.676404,0.002718,0.008238,0.736480
1640841517638469888,-2.188769,1.010576,0.644167,0.676366,0.002819,0.008262,0.736514
1640841517640229888,-2.188851,1.010486,0.644202,0.676345,0.002858,0.008276,0.736533
1640841517643479808,-2.189003,1.010321,0.644267,0.676305,0.002911,0.008297,0.736569
1640841517645200128,-2.189083,1.010234,0.644302,0.676283,0.002933,0.008300,0.736589
1640841517648839936,-2.189254,1.010050,0.644375,0.676232,0.002982,0.008273,0.736636
1640841517650339840,-2.189324,1.009975,0.644406,0.676210,0.003005,0.008248,0.736657
1640841517653469952,-2.189472,1.009817,0.644470,0.676160,0.003050,0.008179,0.736703
1640841517655239936,-2.189555,1.009728,0.644506,0.676130,0.003069,0.008135,0.736731
1640841517658560000,-2.189712,1.009562,0.644574,0.676074,0.003082,0.008056,0.736783
1640841517660280064,-2.189793,1.009476,0.644610,0.676045,0.003073,0.008021,0.736810
1640841517663579904,-2.189949,1.009311,0.644678,0.675989,0.003033,0.007958,0.736862
1640841517665269760,-2.190029,1.009227,0.644713,0.675962,0.003005,0.007924,0.736888
1640841517668619776,-2.190188,1.009061,0.644783,0.675909,0.002951,0.007839,0.736938
1640841517671099904,-2.190306,1.008939,0.644835,0.675871,0.002917,0.007760,0.736973
1640841517673809920,-2.190435,1.008805,0.644892,0.675832,0.002889,0.007668,0.737010
1640841517675259904,-2.190504,1.008734,0.644922,0.675812,0.002880,0.007619,0.737029
1640841517678520064,-2.190659,1.008574,0.644991,0.675766,0.002874,0.007524,0.737072
1640841517680290048,-2.190744,1.008487,0.645028,0.675741,0.002881,0.007483,0.737095
1640841517683709952,-2.190907,1.008321,0.645101,0.675695,0.002907,0.007422,0.737138
1640841517685259776,-2.190981,1.008246,0.645134,0.675675,0.002923,0.007401,0.737156
1640841517688730112,-2.191146,1.008078,0.645208,0.675635,0.002960,0.007363,0.737194
1640841517690240000,-2.191219,1.008005,0.645240,0.675619,0.002977,0.007349,0.737208
1640841517693539840,-2.191376,1.007847,0.645310,0.675588,0.003014,0.007323,0.737237
1640841517695200000,-2.191455,1.007768,0.645345,0.675573,0.003036,0.007312,0.737251
1640841517698569984,-2.191616,1.007608,0.645417,0.675542,0.003094,0.007291,0.737279
1640841517700439808,-2.191705,1.007519,0.645457,0.675524,0.003135,0.007281,0.737296
1640841517703769856,-2.191864,1.007363,0.645528,0.675489,0.003220,0.007261,0.737327
1640841517705260032,-2.191935,1.007293,0.645560,0.675473,0.003261,0.007252,0.737342
1640841517708590080,-2.192094,1.007139,0.645630,0.675435,0.003352,0.007226,0.737377
1640841517710319872,-2.192176,1.007059,0.645667,0.675414,0.003397,0.007209,0.737396
1640841517713510144,-2.192328,1.006912,0.645735,0.675375,0.003476,0.007172,0.737431
1640841517715859968,-2.192439,1.006805,0.645784,0.675348,0.003532,0.007137,0.737456
1640841517718479872,-2.192563,1.006687,0.645839,0.675319,0.003590,0.007090,0.737483
1640841517720389888,-2.192654,1.006601,0.645879,0.675299,0.003631,0.007050,0.737501
1640841517723459840,-2.192798,1.006465,0.645943,0.675268,0.003684,0.006979,0.737530
1640841517725219840,-2.192881,1.006387,0.645980,0.675248,0.003705,0.006935,0.737548
1640841517728449792,-2.193033,1.006246,0.646046,0.675206,0.003714,0.006856,0.737588
1640841517733299968,-2.193260,1.006037,0.646145,0.675125,0.003667,0.006742,0.737664
1640841517733939968,-2.193290,1.006010,0.646157,0.675113,0.003660,0.006726,0.737675
1640841517736569856,-2.193412,1.005899,0.646210,0.675065,0.003645,0.006661,0.737719
1640841517738929920,-2.193521,1.005801,0.646257,0.675025,0.003659,0.006599,0.737756
1640841517740259840,-2.193583,1.005746,0.646283,0.675003,0.003680,0.006563,0.737776
1640841517743470080,-2.193730,1.005614,0.646345,0.674957,0.003746,0.006480,0.737819
1640841517745219840,-2.193811,1.005544,0.646379,0.674934,0.003779,0.006443,0.737840
1640841517748600064,-2.193965,1.005409,0.646443,0.674897,0.003806,0.006399,0.737874
1640841517750289920,-2.194041,1.005343,0.646474,0.674881,0.003798,0.006392,0.737889
1640841517753669888,-2.194194,1.005213,0.646536,0.674849,0.003762,0.006400,0.737918
1640841517755239936,-2.194264,1.005153,0.646564,0.674833,0.003745,0.006410,0.737933
1640841517758429952,-2.194406,1.005034,0.646620,0.674795,0.003734,0.006436,0.737968
1640841517760269824,-2.194488,1.004966,0.646652,0.674769,0.003746,0.006452,0.737992
1640841517763510016,-2.194630,1.004850,0.646706,0.674720,0.003795,0.006477,0.738036
1640841517766340096,-2.194754,1.004751,0.646752,0.674678,0.003858,0.006495,0.738073
1640841517768610048,-2.194852,1.004673,0.646788,0.674649,0.003915,0.006505,0.738099
1640841517770779904,-2.194945,1.004600,0.646822,0.674627,0.003972,0.006510,0.738119
1640841517773489920,-2.195060,1.004511,0.646862,0.674605,0.004042,0.006509,0.738139
1640841517775300096,-2.195137,1.004453,0.646888,0.674592,0.004087,0.006504,0.738151
1640841517778529792,-2.195272,1.004352,0.646933,0.674566,0.004159,0.006486,0.738174
1640841517780320000,-2.195346,1.004297,0.646957,0.674549,0.004193,0.006473,0.738189
1640841517783569920,-2.195480,1.004201,0.646998,0.674518,0.004245,0.006445,0.738218
1640841517787360000,-2.195633,1.004094,0.647043,0.674483,0.004287,0.006416,0.738250
1640841517790839808,-2.195771,1.004001,0.647080,0.674458,0.004306,0.006402,0.738273
1640841517791539968,-2.195799,1.003982,0.647088,0.674453,0.004308,0.006399,0.738277
1640841517793469952,-2.195874,1.003933,0.647107,0.674441,0.004311,0.006391,0.738288
1640841517795279872,-2.195944,1.003888,0.647124,0.674430,0.004312,0.006378,0.738299
1640841517799119872,-2.196090,1.003797,0.647156,0.674403,0.004314,0.006321,0.738324
1640841517800310016,-2.196135,1.003770,0.647165,0.674394,0.004316,0.006292,0.738333
1640841517803520000,-2.196254,1.003701,0.647188,0.674359,0.004315,0.006223,0.738365
1640841517805319936,-2.196320,1.003664,0.647199,0.674331,0.004298,0.006233,0.738391
1640841517808569856,-2.196437,1.003600,0.647216,0.674255,0.004210,0.006449,0.738459
1640841517810319872,-2.196500,1.003568,0.647224,0.674201,0.004126,0.006694,0.738506
1640841517813619968,-2.196615,1.003510,0.647235,0.674092,0.003918,0.007344,0.738601
1640841517816529920,-2.196714,1.003464,0.647242,0.674006,0.003708,0.008056,0.738673
1640841517818789888,-2.196790,1.003430,0.647245,0.673960,0.003544,0.008650,0.738708
1640841517820439808,-2.196845,1.003407,0.647246,0.673942,0.003432,0.009091,0.738720
1640841517824369920,-2.196972,1.003357,0.647244,0.673932,0.003188,0.010178,0.738716
1640841517825319936,-2.197002,1.003346,0.647243,0.673932,0.003133,0.010454,0.738712
1640841517828480000,-2.197101,1.003313,0.647235,0.673924,0.002961,0.011423,0.738706
1640841517833299968,-2.197247,1.003270,0.647216,0.673837,0.002725,0.013112,0.738758
1640841517834889984,-2.197294,1.003258,0.647207,0.673780,0.002652,0.013732,0.738799
1640841517836019968,-2.197327,1.003251,0.647200,0.673738,0.002600,0.014183,0.738830
1640841517838959872,-2.197412,1.003233,0.647180,0.673651,0.002467,0.015352,0.738886
1640841517840389888,-2.197452,1.003226,0.647169,0.673633,0.002401,0.015903,0.738891
1640841517843609856,-2.197540,1.003214,0.647140,0.673638,0.002251,0.017109,0.738860
1640841517845369856,-2.197588,1.003209,0.647122,0.673663,0.002168,0.017756,0.738822
1640841517848709888,-2.197675,1.003204,0.647085,0.673734,0.002010,0.018977,0.738728
1640841517850889984,-2.197731,1.003203,0.647057,0.673786,0.001907,0.019781,0.738659
1640841517853629952,-2.197799,1.003206,0.647020,0.673844,0.001779,0.020811,0.738578
1640841517856299776,-2.197864,1.003211,0.646980,0.673878,0.001660,0.021820,0.738519
1640841517858589952,-2.197918,1.003218,0.646943,0.673874,0.001566,0.022674,0.738496
1640841517860319744,-2.197958,1.003225,0.646914,0.673847,0.001502,0.023303,0.738502
1640841517867099904,-2.198107,1.003264,0.646785,0.673679,0.001281,0.025656,0.738577
1640841517870159872,-2.198170,1.003288,0.646719,0.673680,0.001179,0.026684,0.738540
1640841517870829824,-2.198183,1.003294,0.646704,0.673689,0.001155,0.026907,0.738524
1640841517871419904,-2.198195,1.003299,0.646691,0.673700,0.001133,0.027102,0.738507
1640841517874009856,-2.198246,1.003324,0.646630,0.673768,0.001024,0.027945,0.738414
1640841517876839936,-2.198299,1.003355,0.646561,0.673864,0.000876,0.028835,0.738292
1640841517878479872,-2.198329,1.003374,0.646518,0.673922,0.000772,0.029332,0.738220
1640841517880590080,-2.198367,1.003400,0.646462,0.673994,0.000621,0.029954,0.738129
1640841517883599872,-2.198418,1.003441,0.646379,0.674086,0.000378,0.030821,0.738010
1640841517885720064,-2.198453,1.003473,0.646317,0.674137,0.000194,0.031428,0.737937
1640841517888599808,-2.198498,1.003518,0.646231,0.674184,-0.000064,0.032266,0.737858
1640841517890300160,-2.198523,1.003546,0.646177,0.674198,-0.000216,0.032773,0.737823
1640841517893799936,-2.198573,1.003609,0.646064,0.674213,-0.000520,0.033833,0.737761
1640841517895279872,-2.198593,1.003637,0.646014,0.674225,-0.000641,0.034280,0.737730
1640841517900159744,-2.198655,1.003735,0.645844,0.674341,-0.000995,0.035698,0.737556
1640841517901369856,-2.198669,1.003761,0.645800,0.674390,-0.001072,0.036037,0.737495
1640841517903519744,-2.198693,1.003808,0.645720,0.674489,-0.001205,0.036631,0.737374
1640841517905419776,-2.198713,1.003852,0.645648,0.674585,-0.001321,0.037152,0.737260
1640841517908609792,-2.198744,1.003928,0.645523,0.674751,-0.001521,0.038033,0.737064
1640841517910310144,-2.198759,1.003971,0.645455,0.674833,-0.001636,0.038512,0.736963
1640841517914840064,-2.198795,1.004089,0.645266,0.675015,-0.001975,0.039834,0.736726
1640841517915459840,-2.198800,1.004106,0.645240,0.675036,-0.002021,0.040019,0.736696
1640841517918779904,-2.198822,1.004199,0.645096,0.675140,-0.002249,0.041015,0.736545
1640841517920349952,-2.198831,1.004245,0.645026,0.675187,-0.002336,0.041487,0.736476
1640841517923539968,-2.198846,1.004340,0.644881,0.675285,-0.002454,0.042431,0.736332
1640841517925259776,-2.198853,1.004393,0.644801,0.675345,-0.002492,0.042927,0.736248
1640841517928480000,-2.198864,1.004496,0.644649,0.675483,-0.002549,0.043814,0.736068
1640841517933719808,-2.198873,1.004672,0.644392,0.675789,-0.002655,0.045132,0.735708
1640841517934229760,-2.198874,1.004689,0.644366,0.675821,-0.002666,0.045255,0.735670
1640841517935619840,-2.198874,1.004738,0.644296,0.675911,-0.002696,0.045587,0.735567
1640841517938649856,-2.198873,1.004847,0.644140,0.676101,-0.002759,0.046307,0.735347
1640841517940339968,-2.198871,1.004909,0.644052,0.676201,-0.002791,0.046710,0.735230
1640841517943779840,-2.198864,1.005039,0.643869,0.676388,-0.002852,0.047522,0.735005
1640841517945469952,-2.198859,1.005105,0.643778,0.676475,-0.002880,0.047909,0.734900
1640841517949149952,-2.198843,1.005252,0.643575,0.676653,-0.002934,0.048702,0.734684
1640841517950330112,-2.198837,1.005300,0.643509,0.676709,-0.002951,0.048937,0.734617
1640841517953469952,-2.198819,1.005430,0.643332,0.676865,-0.002990,0.049518,0.734434
1640841517955269888,-2.198806,1.005507,0.643228,0.676966,-0.003009,0.049826,0.734320
1640841517958519808,-2.198781,1.005648,0.643039,0.677187,-0.003035,0.050344,0.734080
1640841517960310016,-2.198765,1.005728,0.642933,0.677330,-0.003044,0.050612,0.733930
1640841517963810048,-2.198730,1.005887,0.642723,0.677632,-0.003060,0.051108,0.733617
1640841517966259968,-2.198703,1.006002,0.642574,0.677843,-0.003072,0.051437,0.733399
1640841517968619776,-2.198674,1.006114,0.642429,0.678034,-0.003088,0.051744,0.733200
1640841517970660096,-2.198647,1.006213,0.642302,0.678185,-0.003104,0.052005,0.733043
1640841517973520128,-2.198607,1.006354,0.642122,0.678380,-0.003122,0.052362,0.732836
1640841517975309824,-2.198579,1.006444,0.642008,0.678499,-0.003126,0.052581,0.732711
1640841517978880000,-2.198521,1.006626,0.641778,0.678739,-0.003103,0.053007,0.732458
1640841517981679872,-2.198471,1.006773,0.641595,0.678941,-0.003049,0.053334,0.732247
1640841517983490048,-2.198437,1.006870,0.641476,0.679080,-0.002999,0.053542,0.732103
1640841517985339904,-2.198401,1.006970,0.641353,0.679233,-0.002936,0.053753,0.731946
1640841517988499968,-2.198335,1.007143,0.641141,0.679518,-0.002806,0.054110,0.731655
1640841517990309888,-2.198295,1.007244,0.641018,0.679698,-0.002720,0.054314,0.731473
1640841517993700096,-2.198217,1.007437,0.640786,0.680054,-0.002537,0.054691,0.731115
1640841517995790080,-2.198166,1.007558,0.640642,0.680273,-0.002412,0.054915,0.730894
1640841517998620160,-2.198093,1.007724,0.640445,0.680554,-0.002229,0.055205,0.730612
1640841518000489984,-2.198043,1.007836,0.640313,0.680726,-0.002098,0.055385,0.730438
1640841518003820032,-2.197949,1.008038,0.640077,0.681019,-0.001843,0.055680,0.730143
1640841518005280000,-2.197907,1.008127,0.639973,0.681146,-0.001721,0.055797,0.730016
1640841518009799936,-2.197768,1.008410,0.639647,0.681556,-0.001296,0.056109,0.729611
1640841518011159808,-2.197724,1.008497,0.639548,0.681687,-0.001155,0.056188,0.729483
1640841518013569792,-2.197644,1.008652,0.639371,0.681927,-0.000894,0.056313,0.729248
1640841518015319808,-2.197584,1.008766,0.639242,0.682109,-0.000698,0.056394,0.729072
1640841518018669824,-2.197465,1.008988,0.638993,0.682473,-0.000313,0.056530,0.728721
1640841518021100032,-2.197374,1.009151,0.638811,0.682748,-0.000031,0.056617,0.728457
1640841518023579904,-2.197279,1.009320,0.638625,0.683032,0.000256,0.056692,0.728185
1640841518025569792,-2.197200,1.009457,0.638474,0.683257,0.000484,0.056740,0.727969
1640841518029809920,-2.197026,1.009754,0.638150,0.683718,0.000960,0.056799,0.727532
1640841518030839808,-2.196982,1.009828,0.638070,0.683824,0.001073,0.056804,0.727431
1640841518034210048,-2.196834,1.010070,0.637810,0.684167,0.001449,0.056794,0.727109
1640841518035379968,-2.196781,1.010155,0.637719,0.684288,0.001584,0.056782,0.726996
1640841518038650112,-2.196629,1.010395,0.637463,0.684638,0.001983,0.056728,0.726670
1640841518040339968,-2.196549,1.010521,0.637330,0.684831,0.002205,0.056689,0.726490
1640841518043609856,-2.196388,1.010767,0.637071,0.685226,0.002655,0.056598,0.726123
1640841518045359872,-2.196299,1.010900,0.636932,0.685445,0.002899,0.056544,0.725920
1640841518048620032,-2.196130,1.011151,0.636671,0.685856,0.003339,0.056442,0.725538
1640841518050319872,-2.196039,1.011284,0.636534,0.686069,0.003556,0.056391,0.725339
1640841518053819904,-2.195846,1.011560,0.636251,0.686503,0.003990,0.056283,0.724934
1640841518055310080,-2.195762,1.011679,0.636130,0.686687,0.004176,0.056235,0.724762
1640841518058759936,-2.195563,1.011957,0.635847,0.687113,0.004634,0.056109,0.724366
1640841518060349952,-2.195468,1.012086,0.635717,0.687309,0.004863,0.056043,0.724184
1640841518063670016,-2.195266,1.012359,0.635443,0.687720,0.005384,0.055887,0.723802
1640841518065850112,-2.195130,1.012541,0.635262,0.687992,0.005750,0.055775,0.723549
1640841518068509696,-2.194959,1.012764,0.635040,0.688329,0.006219,0.055630,0.723236
1640841518070370048,-2.194838,1.012922,0.634884,0.688568,0.006558,0.055525,0.723013
1640841518073959936,-2.194597,1.013230,0.634582,0.689039,0.007229,0.055317,0.722574
1640841518075559936,-2.194487,1.013369,0.634447,0.689254,0.007531,0.055224,0.722373
1640841518078560000,-2.194276,1.013631,0.634192,0.689665,0.008100,0.055051,0.721987
1640841518080299776,-2.194152,1.013784,0.634044,0.689905,0.008431,0.054948,0.721762
1640841518083459840,-2.193920,1.014065,0.633774,0.690335,0.009034,0.054750,0.721359
1640841518085819904,-2.193743,1.014276,0.633571,0.690645,0.009487,0.054588,0.721068
1640841518088989952,-2.193500,1.014564,0.633298,0.691048,0.010094,0.054341,0.720693
1640841518090429952,-2.193387,1.014695,0.633173,0.691228,0.010369,0.054215,0.720526
1640841518093779968,-2.193120,1.015004,0.632882,0.691648,0.011001,0.053880,0.720138
1640841518097849856,-2.192785,1.015383,0.632526,0.692177,0.011748,0.053379,0.719655
1640841518099059712,-2.192683,1.015496,0.632420,0.692341,0.011966,0.053211,0.719506
1640841518100389888,-2.192570,1.015622,0.632303,0.692525,0.012207,0.053023,0.719339
1640841518103539968,-2.192298,1.015921,0.632025,0.692978,0.012806,0.052612,0.718922
1640841518105809920,-2.192098,1.016138,0.631824,0.693317,0.013274,0.052373,0.718604
1640841518109390080,-2.191774,1.016483,0.631506,0.693848,0.014040,0.052040,0.718101
1640841518110349824,-2.191686,1.016576,0.631420,0.693985,0.014241,0.051945,0.717972
1640841518113539840,-2.191389,1.016888,0.631135,0.694413,0.014875,0.051574,0.717572
1640841518115299840,-2.191221,1.017061,0.630978,0.694638,0.015209,0.051340,0.717364
1640841518118459904,-2.190916,1.017373,0.630694,0.695038,0.015802,0.050890,0.716995
1640841518121659904,-2.190599,1.017692,0.630405,0.695461,0.016419,0.050425,0.716605
1640841518124199936,-2.190343,1.017947,0.630175,0.695812,0.016927,0.050060,0.716277
1640841518125309952,-2.190229,1.018058,0.630074,0.695971,0.017154,0.049903,0.716129
1640841518128519936,-2.189896,1.018383,0.629782,0.696443,0.017833,0.049464,0.715683
1640841518130889984,-2.189645,1.018624,0.629566,0.696805,0.018353,0.049155,0.715339
1640841518133709824,-2.189341,1.018913,0.629308,0.697240,0.018989,0.048797,0.714923
1640841518135299840,-2.189167,1.019076,0.629163,0.697485,0.019352,0.048596,0.714688
1640841518138649856,-2.188794,1.019422,0.628855,0.697988,0.020122,0.048163,0.714205
1640841518140659712,-2.188567,1.019630,0.628670,0.698277,0.020583,0.047893,0.713928
1640841518143499776,-2.188240,1.019926,0.628407,0.698672,0.021235,0.047494,0.713548
1640841518145299968,-2.188030,1.020114,0.628241,0.698920,0.021649,0.047230,0.713311
1640841518148499968,-2.187651,1.020450,0.627944,0.699363,0.022390,0.046742,0.712886
1640841518150390016,-2.187423,1.020649,0.627768,0.699631,0.022831,0.046441,0.712628
1640841518153959936,-2.186985,1.021026,0.627436,0.700153,0.023675,0.045861,0.712125
1640841518155709952,-2.186767,1.021211,0.627273,0.700414,0.024094,0.045577,0.711873
1640841518158969856,-2.186354,1.021558,0.626968,0.700906,0.024881,0.045063,0.711394
1640841518160349952,-2.186177,1.021705,0.626839,0.701115,0.025217,0.044853,0.711189
1640841518165189888,-2.185544,1.022222,0.626384,0.701847,0.026386,0.044121,0.710471
1640841518166249984,-2.185403,1.022336,0.626285,0.702005,0.026636,0.043955,0.710315
1640841518173059840,-2.184475,1.023068,0.625643,0.702990,0.028147,0.042758,0.709355
1640841518173600000,-2.184400,1.023126,0.625592,0.703065,0.028260,0.042654,0.709282
1640841518173910016,-2.184357,1.023159,0.625562,0.703109,0.028325,0.042594,0.709240
1640841518175369984,-2.184152,1.023317,0.625424,0.703312,0.028630,0.042311,0.709043
1640841518178479872,-2.183711,1.023652,0.625130,0.703747,0.029288,0.041731,0.708619
1640841518180339712,-2.183443,1.023853,0.624953,0.704011,0.029700,0.041415,0.708359
1640841518183519744,-2.182979,1.024197,0.624652,0.704471,0.030433,0.040927,0.707898
1640841518186189824,-2.182582,1.024486,0.624398,0.704866,0.031061,0.040544,0.707499
1640841518188779776,-2.182193,1.024766,0.624152,0.705257,0.031665,0.040171,0.707104
1640841518190359808,-2.181952,1.024937,0.624001,0.705499,0.032025,0.039935,0.706859
1640841518193479936,-2.181471,1.025275,0.623704,0.705980,0.032729,0.039455,0.706374
1640841518195269888,-2.181191,1.025468,0.623533,0.706253,0.033134,0.039176,0.706097
1640841518198540032,-2.180674,1.025822,0.623221,0.706743,0.033889,0.038667,0.705600
1640841518200329984,-2.180387,1.026016,0.623050,0.707002,0.034316,0.038394,0.705334
1640841518203719936,-2.179836,1.026382,0.622726,0.707481,0.035142,0.037882,0.704840
1640841518205349888,-2.179567,1.026557,0.622570,0.707710,0.035543,0.037635,0.704604
1640841518209400064,-2.178891,1.026994,0.622183,0.708283,0.036530,0.037012,0.704011
1640841518210330112,-2.178734,1.027094,0.622094,0.708417,0.036753,0.036866,0.703872
1640841518213519872,-2.178189,1.027436,0.621788,0.708886,0.037502,0.036355,0.703386
1640841518215899904,-2.177777,1.027691,0.621560,0.709243,0.038054,0.035972,0.703017
1640841518221339904,-2.176816,1.028272,0.621039,0.710066,0.039324,0.035128,0.702158
1640841518223150080,-2.176491,1.028464,0.620866,0.710339,0.039756,0.034861,0.701871
1640841518223569920,-2.176415,1.028509,0.620826,0.710402,0.039857,0.034800,0.701805
1640841518226429952,-2.175895,1.028812,0.620552,0.710827,0.040553,0.034388,0.701355
1640841518228489984,-2.175516,1.029029,0.620354,0.711126,0.041065,0.034096,0.701035
1640841518230330112,-2.175174,1.029223,0.620178,0.711389,0.041530,0.033835,0.700754
1640841518233680128,-2.174544,1.029575,0.619857,0.711859,0.042378,0.033352,0.700249
1640841518235579904,-2.174182,1.029774,0.619676,0.712124,0.042848,0.033068,0.699965
1640841518242629888,-2.172813,1.030506,0.619001,0.713121,0.044432,0.031908,0.698903
1640841518244160000,-2.172511,1.030664,0.618855,0.713342,0.044746,0.031640,0.698670
1640841518244649984,-2.172413,1.030714,0.618808,0.713412,0.044845,0.031555,0.698596
1640841518245389824,-2.172266,1.030790,0.618737,0.713519,0.044995,0.031426,0.698483
1640841518248519936,-2.171637,1.031110,0.618439,0.713970,0.045632,0.030894,0.698005
1640841518250439936,-2.171246,1.031306,0.618255,0.714244,0.046034,0.030586,0.697711
1640841518253549824,-2.170607,1.031620,0.617959,0.714684,0.046705,0.030115,0.697236
1640841518255749888,-2.170150,1.031842,0.617749,0.714993,0.047191,0.029799,0.696900
1640841518258619904,-2.169547,1.032129,0.617476,0.715394,0.047834,0.029404,0.696462
1640841518260379904,-2.169174,1.032304,0.617308,0.715638,0.048232,0.029168,0.696193
1640841518263480064,-2.168510,1.032610,0.617014,0.716068,0.048936,0.028765,0.695719
1640841518265479936,-2.168077,1.032807,0.616824,0.716346,0.049389,0.028517,0.695411
1640841518269559808,-2.167183,1.033204,0.616437,0.716916,0.050301,0.028047,0.694777
1640841518270680064,-2.166935,1.033312,0.616331,0.717074,0.050547,0.027928,0.694601
1640841518274189824,-2.166150,1.033649,0.615999,0.717572,0.051306,0.027574,0.694045
1640841518276120064,-2.165714,1.033832,0.615816,0.717846,0.051714,0.027388,0.693738
1640841518278630144,-2.165141,1.034069,0.615580,0.718203,0.052236,0.027147,0.693339
1640841518280390144,-2.164737,1.034234,0.615414,0.718453,0.052595,0.026976,0.693060
1640841518284889856,-2.163689,1.034651,0.614990,0.719085,0.053488,0.026519,0.692353
1640841518285719808,-2.163494,1.034727,0.614912,0.719201,0.053648,0.026432,0.692223
1640841518288809984,-2.162762,1.035009,0.614622,0.719629,0.054235,0.026105,0.691745
1640841518290319872,-2.162401,1.035145,0.614480,0.719837,0.054516,0.025945,0.691513
1640841518293489920,-2.161637,1.035429,0.614184,0.720270,0.055096,0.025609,0.691028
1640841518295389952,-2.161174,1.035597,0.614006,0.720529,0.055442,0.025410,0.690738
1640841518301169920,-2.159747,1.036100,0.613468,0.721317,0.056509,0.024821,0.689850
1640841518301979904,-2.159544,1.036170,0.613392,0.721428,0.056663,0.024742,0.689724
1640841518303789824,-2.159090,1.036324,0.613224,0.721676,0.057013,0.024568,0.689441
1640841518305729792,-2.158600,1.036488,0.613044,0.721945,0.057399,0.024387,0.689134
1640841518309020160,-2.157760,1.036762,0.612740,0.722406,0.058085,0.024098,0.688604
1640841518310319872,-2.157426,1.036869,0.612620,0.722589,0.058364,0.023988,0.688392
1640841518313809920,-2.156520,1.037153,0.612298,0.723076,0.059038,0.023662,0.687834
1640841518315389952,-2.156106,1.037280,0.612153,0.723288,0.059267,0.023481,0.687598
1640841518318549760,-2.155272,1.037531,0.611863,0.723698,0.059590,0.023062,0.687152
1640841518320780032,-2.154678,1.037704,0.611659,0.723992,0.059848,0.022776,0.686829
1640841518323529984,-2.153939,1.037916,0.611407,0.724366,0.060256,0.022466,0.686410
1640841518325319936,-2.153454,1.038051,0.611244,0.724612,0.060552,0.022282,0.686130
1640841518331130112,-2.151860,1.038481,0.610717,0.725408,0.061468,0.021740,0.685224
1640841518333629952,-2.151165,1.038660,0.610491,0.725742,0.061787,0.021517,0.684849
1640841518334199808,-2.151005,1.038701,0.610439,0.725817,0.061855,0.021467,0.684765
1640841518336910080,-2.150244,1.038891,0.610195,0.726171,0.062164,0.021237,0.684368
1640841518338529792,-2.149785,1.039003,0.610049,0.726381,0.062347,0.021105,0.684133
1640841518340420096,-2.149247,1.039132,0.609880,0.726625,0.062564,0.020956,0.683859
1640841518343699968,-2.148305,1.039351,0.609586,0.727045,0.062954,0.020712,0.683384
1640841518345479936,-2.147789,1.039467,0.609427,0.727273,0.063173,0.020585,0.683125
1640841518348569856,-2.146888,1.039666,0.609153,0.727669,0.063567,0.020371,0.682673
1640841518350380032,-2.146355,1.039779,0.608992,0.727902,0.063806,0.020248,0.682406
1640841518353629952,-2.145392,1.039978,0.608705,0.728322,0.064243,0.020035,0.681922
1640841518355419904,-2.144857,1.040086,0.608547,0.728555,0.064482,0.019926,0.681655
1640841518358549760,-2.143915,1.040269,0.608272,0.728962,0.064888,0.019755,0.681185
1640841518360369920,-2.143363,1.040373,0.608112,0.729200,0.065111,0.019671,0.680912
1640841518363579904,-2.142381,1.040551,0.607832,0.729617,0.065490,0.019545,0.680432
1640841518365419776,-2.141814,1.040650,0.607672,0.729855,0.065706,0.019481,0.680158
1640841518368519936,-2.140852,1.040813,0.607403,0.730252,0.066083,0.019377,0.679699
1640841518370390016,-2.140267,1.040909,0.607242,0.730487,0.066321,0.019313,0.679424
1640841518373659904,-2.139237,1.041070,0.606960,0.730895,0.066747,0.019196,0.678947
1640841518375369984,-2.138694,1.041152,0.606813,0.731106,0.066967,0.019132,0.678700
1640841518378830080,-2.137587,1.041312,0.606518,0.731531,0.067391,0.018995,0.678203
1640841518380409856,-2.137078,1.041382,0.606383,0.731725,0.067569,0.018929,0.677979
1640841518383479808,-2.136082,1.041515,0.606123,0.732101,0.067888,0.018795,0.677544
1640841518385569792,-2.135398,1.041601,0.605946,0.732358,0.068090,0.018698,0.677249
1640841518388559872,-2.134414,1.041720,0.605695,0.732727,0.068372,0.018553,0.676825
1640841518390400000,-2.133804,1.041790,0.605541,0.732955,0.068547,0.018460,0.676563
1640841518393509888,-2.132766,1.041904,0.605281,0.733343,0.068840,0.018299,0.676118
1640841518395830016,-2.131985,1.041984,0.605089,0.733630,0.069048,0.018175,0.675788
1640841518398659840,-2.131027,1.042077,0.604855,0.733975,0.069278,0.018022,0.675393
1640841518400399872,-2.130433,1.042131,0.604711,0.734184,0.069401,0.017927,0.675156
1640841518403439872,-2.129390,1.042222,0.604462,0.734543,0.069596,0.017767,0.674750
1640841518405269760,-2.128758,1.042273,0.604313,0.734757,0.069712,0.017678,0.674508
1640841518408630016,-2.127589,1.042360,0.604040,0.735149,0.069945,0.017537,0.674059
1640841518411160064,-2.126702,1.042421,0.603836,0.735448,0.070161,0.017458,0.673713
1640841518413459968,-2.125890,1.042472,0.603651,0.735723,0.070386,0.017406,0.673391
1640841518415379968,-2.125208,1.042512,0.603497,0.735953,0.070579,0.017372,0.673119
1640841518418520064,-2.124086,1.042571,0.603247,0.736332,0.070865,0.017320,0.672676
1640841518420770048,-2.123277,1.042609,0.603068,0.736604,0.071030,0.017279,0.672362
1640841518423460096,-2.122302,1.042650,0.602856,0.736927,0.071192,0.017231,0.671992
1640841518425400064,-2.121595,1.042676,0.602704,0.737160,0.071295,0.017202,0.671727
1640841518429119744,-2.120230,1.042718,0.602414,0.737601,0.071487,0.017166,0.671222
1640841518430650112,-2.119664,1.042732,0.602296,0.737781,0.071572,0.017164,0.671015
1640841518433489920,-2.118609,1.042753,0.602076,0.738112,0.071753,0.017182,0.670632
1640841518435399936,-2.117895,1.042764,0.601930,0.738333,0.071889,0.017204,0.670374
1640841518438560000,-2.116706,1.042776,0.601689,0.738699,0.072130,0.017241,0.669943
1640841518440329984,-2.116036,1.042780,0.601555,0.738905,0.072269,0.017255,0.669700
1640841518443650048,-2.114771,1.042780,0.601304,0.739295,0.072530,0.017265,0.669241
1640841518445329920,-2.114126,1.042776,0.601178,0.739493,0.072657,0.017264,0.669009
1640841518448549888,-2.112884,1.042764,0.600938,0.739872,0.072883,0.017261,0.668565
1640841518450400000,-2.112166,1.042753,0.600801,0.740088,0.072997,0.017261,0.668313
1640841518453869824,-2.110811,1.042725,0.600546,0.740490,0.073185,0.017269,0.667847
1640841518455309824,-2.110245,1.042710,0.600441,0.740656,0.073259,0.017277,0.667655
1640841518458519808,-2.108976,1.042672,0.600208,0.741023,0.073433,0.017308,0.667227
1640841518460339968,-2.108253,1.042647,0.600077,0.741231,0.073544,0.017334,0.666984
1640841518465900032,-2.106023,1.042553,0.599680,0.741863,0.073921,0.017419,0.666237
1640841518466609920,-2.105736,1.042539,0.599629,0.741944,0.073970,0.017426,0.666141
1640841518468729856,-2.104876,1.042496,0.599480,0.742186,0.074109,0.017438,0.665855
1640841518471699968,-2.103665,1.042429,0.599272,0.742528,0.074286,0.017425,0.665454
1640841518473559808,-2.102902,1.042383,0.599143,0.742744,0.074384,0.017403,0.665203
1640841518475440128,-2.102128,1.042334,0.599013,0.742963,0.074472,0.017376,0.664950
1640841518478540032,-2.100843,1.042246,0.598800,0.743325,0.074594,0.017328,0.664533
1640841518480379904,-2.100077,1.042190,0.598675,0.743540,0.074651,0.017303,0.664286
1640841518483470080,-2.098782,1.042090,0.598466,0.743901,0.074727,0.017268,0.663874
1640841518485329920,-2.097998,1.042027,0.598341,0.744116,0.074764,0.017249,0.663629
1640841518488499968,-2.096655,1.041911,0.598131,0.744479,0.074820,0.017215,0.663217
1640841518491000064,-2.095588,1.041814,0.597966,0.744758,0.074865,0.017184,0.662899
1640841518493469952,-2.094529,1.041713,0.597804,0.745031,0.074913,0.017151,0.662588
1640841518495369984,-2.093710,1.041631,0.597681,0.745239,0.074956,0.017124,0.662350
1640841518499239936,-2.092031,1.041456,0.597432,0.745665,0.075063,0.017075,0.661860
1640841518500359936,-2.091543,1.041403,0.597360,0.745789,0.075101,0.017063,0.661715
1640841518503879936,-2.089999,1.041230,0.597138,0.746185,0.075224,0.017041,0.661256
1640841518505349888,-2.089352,1.041154,0.597045,0.746351,0.075274,0.017042,0.661062
1640841518509359872,-2.087573,1.040938,0.596796,0.746807,0.075377,0.017089,0.660534
1640841518510360064,-2.087127,1.040882,0.596735,0.746921,0.075392,0.017113,0.660403
1640841518513629952,-2.085663,1.040694,0.596535,0.747292,0.075411,0.017226,0.659978
1640841518519209984,-2.083139,1.040350,0.596199,0.747912,0.075452,0.017475,0.659264
1640841518520129792,-2.082720,1.040291,0.596145,0.748012,0.075473,0.017515,0.659148
1640841518523030016,-2.081394,1.040099,0.595974,0.748320,0.075575,0.017632,0.658782
1640841518523439872,-2.081206,1.040072,0.595949,0.748364,0.075592,0.017647,0.658731
1640841518526239744,-2.079917,1.039879,0.595786,0.748659,0.075724,0.017740,0.658377
1640841518528519936,-2.078862,1.039717,0.595655,0.748903,0.075836,0.017803,0.658086
1640841518530339840,-2.078016,1.039585,0.595551,0.749100,0.075918,0.017845,0.657850
1640841518533479936,-2.076549,1.039349,0.595373,0.749447,0.076046,0.017905,0.657439
1640841518535439872,-2.075629,1.039198,0.595263,0.749664,0.076122,0.017943,0.657181
1640841518539279872,-2.073815,1.038892,0.595050,0.750083,0.076284,0.018039,0.656681
1640841518541400064,-2.072807,1.038718,0.594934,0.750307,0.076386,0.018111,0.656411
1640841518543510016,-2.071800,1.038540,0.594819,0.750527,0.076494,0.018192,0.656146
1640841518545319936,-2.070932,1.038385,0.594722,0.750713,0.076589,0.018265,0.655919
1640841518548649984,-2.069328,1.038091,0.594544,0.751055,0.076760,0.018394,0.655504
1640841518550349824,-2.068505,1.037938,0.594455,0.751231,0.076841,0.018452,0.655291
1640841518553910016,-2.066772,1.037608,0.594269,0.751606,0.076993,0.018548,0.654841
1640841518556009984,-2.065745,1.037408,0.594161,0.751830,0.077078,0.018594,0.654573
1640841518558579968,-2.064481,1.037159,0.594030,0.752105,0.077188,0.018650,0.654241
1640841518560349952,-2.063607,1.036984,0.593941,0.752295,0.077272,0.018691,0.654012
1640841518563469824,-2.062059,1.036668,0.593786,0.752630,0.077429,0.018770,0.653606
1640841518566390016,-2.060602,1.036365,0.593642,0.752942,0.077564,0.018836,0.653229
1640841518568950016,-2.059318,1.036093,0.593518,0.753213,0.077654,0.018879,0.652904
1640841518572759808,-2.057395,1.035677,0.593336,0.753615,0.077732,0.018911,0.652430
1640841518574249984,-2.056639,1.035512,0.593266,0.753771,0.077749,0.018917,0.652247
1640841518575310080,-2.056100,1.035392,0.593216,0.753882,0.077759,0.018919,0.652117
1640841518578480128,-2.054481,1.035030,0.593069,0.754215,0.077781,0.018924,0.651730
1640841518580320000,-2.053538,1.034816,0.592985,0.754408,0.077793,0.018927,0.651505
1640841518583559936,-2.051868,1.034431,0.592838,0.754748,0.077822,0.018935,0.651107
1640841518585489920,-2.050868,1.034197,0.592752,0.754950,0.077845,0.018943,0.650870
1640841518588620032,-2.049239,1.033811,0.592614,0.755276,0.077895,0.018961,0.650486
1640841518591209984,-2.047884,1.033486,0.592502,0.755542,0.077952,0.018982,0.650168
1640841518593479936,-2.046691,1.033195,0.592405,0.755775,0.078007,0.019006,0.649891
1640841518595340032,-2.045710,1.032954,0.592326,0.755964,0.078050,0.019032,0.649665
1640841518598469888,-2.044051,1.032541,0.592196,0.756283,0.078101,0.019089,0.649286
1640841518600389888,-2.043029,1.032284,0.592117,0.756478,0.078116,0.019135,0.649055
1640841518605350144,-2.040372,1.031603,0.591916,0.756980,0.078121,0.019281,0.648465
1640841518606230016,-2.039898,1.031480,0.591881,0.757068,0.078122,0.019310,0.648361
1640841518608909824,-2.038450,1.031102,0.591776,0.757335,0.078135,0.019402,0.648045
1640841518610419968,-2.037631,1.030886,0.591718,0.757484,0.078151,0.019456,0.647867
1640841518613679872,-2.035856,1.030412,0.591593,0.757802,0.078208,0.019572,0.647485
1640841518615289856,-2.034975,1.030175,0.591532,0.757959,0.078246,0.019629,0.647295
1640841518618649856,-2.033129,1.029672,0.591408,0.758286,0.078342,0.019742,0.646896
1640841518620430080,-2.032146,1.029402,0.591343,0.758461,0.078401,0.019797,0.646683
1640841518623579904,-2.030400,1.028917,0.591230,0.758771,0.078510,0.019886,0.646303
1640841518625809920,-2.029158,1.028568,0.591151,0.758991,0.078584,0.019945,0.646034
1640841518628579840,-2.027608,1.028129,0.591055,0.759262,0.078662,0.020014,0.645703
1640841518630339840,-2.026620,1.027846,0.590995,0.759433,0.078700,0.020057,0.645496
1640841518633609984,-2.024775,1.027314,0.590885,0.759748,0.078751,0.020136,0.645117
1640841518635539968,-2.023681,1.026995,0.590821,0.759933,0.078777,0.020183,0.644894
1640841518639459840,-2.021448,1.026337,0.590694,0.760307,0.078849,0.020275,0.644442
1640841518640409856,-2.020905,1.026176,0.590664,0.760397,0.078871,0.020297,0.644332
1640841518643520000,-2.019120,1.025642,0.590567,0.760693,0.078953,0.020365,0.643970
1640841518646299904,-2.017516,1.025158,0.590482,0.760959,0.079031,0.020416,0.643645
1640841518648480000,-2.016253,1.024773,0.590417,0.761168,0.079090,0.020448,0.643390
1640841518650579968,-2.015032,1.024399,0.590355,0.761370,0.079142,0.020469,0.643144
1640841518653459968,-2.013350,1.023878,0.590272,0.761648,0.079202,0.020488,0.642807
1640841518655350016,-2.012242,1.023533,0.590218,0.761830,0.079234,0.020497,0.642586
1640841518658459904,-2.010411,1.022958,0.590131,0.762130,0.079272,0.020512,0.642224
1640841518660620032,-2.009133,1.022554,0.590073,0.762338,0.079288,0.020528,0.641975
1640841518663659776,-2.007328,1.021978,0.589992,0.762629,0.079300,0.020557,0.641628
1640841518665339904,-2.006326,1.021656,0.589948,0.762788,0.079303,0.020575,0.641437
1640841518668800000,-2.004253,1.020985,0.589860,0.763112,0.079309,0.020617,0.641050
1640841518670369792,-2.003309,1.020677,0.589821,0.763257,0.079313,0.020638,0.640876
1640841518673519872,-2.001407,1.020052,0.589744,0.763547,0.079329,0.020681,0.640527
1640841518676000000,-1.999902,1.019554,0.589685,0.763775,0.079349,0.020718,0.640251
1640841518678809856,-1.998190,1.018984,0.589620,0.764038,0.079382,0.020763,0.639933
1640841518680369920,-1.997236,1.018664,0.589585,0.764186,0.079406,0.020790,0.639752
1640841518683640064,-1.995228,1.017986,0.589513,0.764502,0.079474,0.020852,0.639363
1640841518685400064,-1.994143,1.017617,0.589475,0.764674,0.079522,0.020892,0.639151
1640841518688489984,-1.992231,1.016963,0.589410,0.764972,0.079630,0.020982,0.638777
1640841518690359808,-1.991069,1.016564,0.589372,0.765149,0.079713,0.021052,0.638553
1640841518693569792,-1.989065,1.015870,0.589308,0.765445,0.079880,0.021196,0.638172
1640841518696179968,-1.987429,1.015299,0.589258,0.765684,0.080027,0.021326,0.637862
1640841518699669760,-1.985230,1.014526,0.589193,0.766009,0.080218,0.021500,0.637443
1640841518701560064,-1.984033,1.014103,0.589159,0.766189,0.080313,0.021589,0.637211
1640841518703559936,-1.982764,1.013652,0.589123,0.766382,0.080406,0.021678,0.636964
1640841518705319936,-1.981643,1.013252,0.589093,0.766553,0.080485,0.021753,0.636746
1640841518708779776,-1.979430,1.012457,0.589035,0.766889,0.080631,0.021890,0.636319
1640841518710399744,-1.978390,1.012081,0.589009,0.767044,0.080698,0.021950,0.636120
1640841518713459968,-1.976418,1.011365,0.588962,0.767333,0.080824,0.022054,0.635753
1640841518715799808,-1.974903,1.010812,0.588926,0.767550,0.080916,0.022128,0.635476
1640841518718560000,-1.973110,1.010153,0.588886,0.767805,0.081013,0.022209,0.635152
1640841518720450048,-1.971877,1.009697,0.588860,0.767980,0.081070,0.022261,0.634932
1640841518723429888,-1.969926,1.008973,0.588820,0.768258,0.081140,0.022337,0.634584
1640841518725740032,-1.968407,1.008406,0.588790,0.768476,0.081180,0.022387,0.634313
1640841518728529920,-1.966565,1.007715,0.588755,0.768742,0.081213,0.022431,0.633986
1640841518730789888,-1.965067,1.007149,0.588728,0.768959,0.081229,0.022452,0.633719
1640841518733769984,-1.963084,1.006397,0.588694,0.769250,0.081237,0.022459,0.633364
1640841518735399936,-1.961995,1.005982,0.588676,0.769410,0.081239,0.022459,0.633170
1640841518738469888,-1.959937,1.005194,0.588644,0.769709,0.081242,0.022464,0.632806
1640841518740419840,-1.958625,1.004689,0.588625,0.769897,0.081247,0.022479,0.632576
1640841518743799808,-1.956341,1.003805,0.588593,0.770218,0.081265,0.022532,0.632181
1640841518745519872,-1.955174,1.003352,0.588578,0.770381,0.081279,0.022572,0.631979
1640841518748719872,-1.952995,1.002501,0.588551,0.770684,0.081318,0.022666,0.631601
1640841518750489856,-1.951785,1.002026,0.588537,0.770852,0.081346,0.022728,0.631390
1640841518753559808,-1.949679,1.001195,0.588515,0.771147,0.081408,0.022853,0.631017
1640841518755369984,-1.948433,1.000702,0.588502,0.771321,0.081453,0.022934,0.630796
1640841518758460160,-1.946297,0.999852,0.588482,0.771618,0.081546,0.023084,0.630415
1640841518760619776,-1.944798,0.999253,0.588469,0.771823,0.081624,0.023194,0.630150
1640841518763639808,-1.942694,0.998408,0.588453,0.772108,0.081751,0.023352,0.629779
1640841518765440000,-1.941435,0.997900,0.588444,0.772276,0.081834,0.023447,0.629557
1640841518770700032,-1.937737,0.996399,0.588422,0.772770,0.082105,0.023719,0.628905
1640841518771429888,-1.937222,0.996189,0.588419,0.772839,0.082146,0.023756,0.628814
1640841518773579776,-1.935700,0.995567,0.588412,0.773042,0.082270,0.023864,0.628545
1640841518775359744,-1.934437,0.995048,0.588406,0.773209,0.082379,0.023957,0.628321
1640841518778909952,-1.931907,0.994006,0.588398,0.773538,0.082616,0.024157,0.627877
1640841518780400128,-1.930841,0.993565,0.588395,0.773674,0.082725,0.024251,0.627691
1640841518783469824,-1.928638,0.992649,0.588390,0.773951,0.082965,0.024461,0.627311
1640841518785379840,-1.927263,0.992075,0.588388,0.774123,0.083118,0.024596,0.627073
1640841518789459968,-1.924311,0.990838,0.588386,0.774500,0.083436,0.024863,0.626554
1640841518790360064,-1.923657,0.990563,0.588386,0.774586,0.083502,0.024914,0.626437
1640841518793689856,-1.921232,0.989539,0.588387,0.774909,0.083736,0.025087,0.625999
1640841518795650048,-1.919799,0.988931,0.588389,0.775100,0.083871,0.025180,0.625741
1640841518798650112,-1.917598,0.987994,0.588393,0.775386,0.084081,0.025316,0.625352
1640841518800389888,-1.916316,0.987446,0.588397,0.775548,0.084207,0.025395,0.625131
1640841518803490048,-1.914026,0.986464,0.588404,0.775830,0.084431,0.025532,0.624746
1640841518805510144,-1.912528,0.985819,0.588410,0.776011,0.084572,0.025619,0.624498
1640841518808519936,-1.910288,0.984851,0.588420,0.776280,0.084766,0.025740,0.624133
1640841518810589952,-1.908741,0.984181,0.588428,0.776465,0.084884,0.025817,0.623883
1640841518813499904,-1.906560,0.983231,0.588441,0.776730,0.085019,0.025914,0.623531
1640841518815340032,-1.905176,0.982626,0.588450,0.776901,0.085082,0.025968,0.623307
1640841518819079936,-1.902352,0.981388,0.588470,0.777259,0.085177,0.026059,0.622844
1640841518820399872,-1.901351,0.980947,0.588478,0.777387,0.085224,0.026089,0.622676
1640841518823569920,-1.898941,0.979883,0.588498,0.777694,0.085369,0.026164,0.622270
1640841518825379840,-1.897561,0.979271,0.588511,0.777868,0.085462,0.026207,0.622037
1640841518830060032,-1.893974,0.977675,0.588546,0.778311,0.085679,0.026316,0.621449
1640841518830669824,-1.893505,0.977466,0.588551,0.778368,0.085702,0.026330,0.621374
1640841518833479936,-1.891338,0.976496,0.588574,0.778627,0.085797,0.026404,0.621033
1640841518835399936,-1.889853,0.975828,0.588591,0.778803,0.085857,0.026465,0.620801
1640841518838479872,-1.887462,0.974751,0.588620,0.779088,0.085959,0.026592,0.620424
1640841518840420096,-1.885950,0.974068,0.588639,0.779270,0.086033,0.026696,0.620180
1640841518843459840,-1.883574,0.972990,0.588671,0.779559,0.086173,0.026892,0.619789
1640841518845789952,-1.881746,0.972158,0.588696,0.779782,0.086299,0.027054,0.619484
1640841518848460032,-1.879644,0.971198,0.588726,0.780035,0.086465,0.027234,0.619135
1640841518850370048,-1.878135,0.970508,0.588749,0.780213,0.086597,0.027352,0.618886
1640841518853609984,-1.875567,0.969328,0.588789,0.780511,0.086838,0.027530,0.618469
1640841518855459840,-1.874096,0.968650,0.588813,0.780679,0.086978,0.027628,0.618233
1640841518858909952,-1.871342,0.967377,0.588859,0.780990,0.087227,0.027816,0.617796
1640841518860409856,-1.870141,0.966820,0.588880,0.781126,0.087326,0.027906,0.617606
1640841518864819968,-1.866594,0.965170,0.588943,0.781525,0.087595,0.028197,0.617050
1640841518865360128,-1.866159,0.964967,0.588951,0.781574,0.087627,0.028234,0.616982
1640841518868519936,-1.863603,0.963771,0.589000,0.781859,0.087829,0.028460,0.616582
1640841518870400000,-1.862077,0.963056,0.589030,0.782028,0.087961,0.028596,0.616342
1640841518873590016,-1.859479,0.961834,0.589082,0.782316,0.088202,0.028825,0.615932
1640841518875419904,-1.857984,0.961129,0.589112,0.782481,0.088345,0.028954,0.615695
1640841518879170048,-1.854908,0.959673,0.589177,0.782824,0.088641,0.029206,0.615204
1640841518880399872,-1.853896,0.959193,0.589199,0.782938,0.088736,0.029283,0.615042
1640841518883460096,-1.851370,0.957991,0.589255,0.783223,0.088959,0.029462,0.614638
1640841518885370112,-1.849789,0.957237,0.589291,0.783402,0.089081,0.029563,0.614387
1640841518889459968,-1.846389,0.955610,0.589370,0.783780,0.089274,0.029755,0.613867
1640841518890529792,-1.845497,0.955182,0.589391,0.783878,0.089305,0.029799,0.613736
1640841518893639936,-1.842895,0.953931,0.589454,0.784157,0.089363,0.029922,0.613365
1640841518895439872,-1.841385,0.953203,0.589491,0.784319,0.089389,0.029996,0.613150
1640841518899549952,-1.837922,0.951529,0.589579,0.784694,0.089483,0.030198,0.612647
1640841518901890048,-1.835943,0.950568,0.589630,0.784913,0.089571,0.030336,0.612346
1640841518903429888,-1.834637,0.949933,0.589664,0.785059,0.089636,0.030432,0.612146
1640841518905519872,-1.832860,0.949068,0.589711,0.785257,0.089725,0.030563,0.611872
1640841518908589824,-1.830241,0.947789,0.589782,0.785546,0.089837,0.030742,0.611475
1640841518910369792,-1.828718,0.947043,0.589824,0.785711,0.089882,0.030831,0.611251
1640841518913539840,-1.825996,0.945708,0.589900,0.786000,0.089900,0.030948,0.610872
1640841518915500032,-1.824308,0.944878,0.589948,0.786172,0.089860,0.030984,0.610655
1640841518918449920,-1.821759,0.943621,0.590022,0.786425,0.089752,0.031015,0.610343
1640841518920489984,-1.819990,0.942747,0.590073,0.786603,0.089711,0.031078,0.610116
1640841518923480064,-1.817390,0.941458,0.590151,0.786872,0.089735,0.031262,0.609757
1640841518925449728,-1.815671,0.940605,0.590202,0.787053,0.089784,0.031422,0.609508
1640841518928689920,-1.812835,0.939193,0.590289,0.787354,0.089878,0.031710,0.609090
1640841518931000064,-1.810805,0.938180,0.590352,0.787568,0.089927,0.031905,0.608795
1640841518933529856,-1.808575,0.937065,0.590422,0.787803,0.089962,0.032104,0.608476
1640841518935379968,-1.806940,0.936246,0.590474,0.787973,0.089984,0.032243,0.608244
1640841518938690048,-1.804005,0.934772,0.590568,0.788276,0.090032,0.032485,0.607832
1640841518940369920,-1.802511,0.934020,0.590617,0.788428,0.090069,0.032608,0.607623
1640841518944029696,-1.799244,0.932372,0.590725,0.788756,0.090182,0.032881,0.607166
1640841518945369856,-1.798044,0.931765,0.590765,0.788875,0.090231,0.032982,0.606998
1640841518948559872,-1.795180,0.930314,0.590862,0.789160,0.090352,0.033230,0.606597
1640841518950389760,-1.793532,0.929477,0.590918,0.789323,0.090420,0.033375,0.606366
1640841518954020096,-1.790251,0.927807,0.591032,0.789649,0.090546,0.033668,0.605906
1640841518956140032,-1.788327,0.926826,0.591099,0.789841,0.090615,0.033841,0.605636
1640841518958439936,-1.786235,0.925757,0.591173,0.790048,0.090687,0.034032,0.605344
1640841518960399872,-1.784448,0.924842,0.591236,0.790226,0.090746,0.034195,0.605094
1640841518966729984,-1.778645,0.921862,0.591447,0.790800,0.090916,0.034708,0.604289
1640841518967289856,-1.778129,0.921596,0.591466,0.790851,0.090929,0.034751,0.604218
1640841518969080064,-1.776478,0.920745,0.591527,0.791015,0.090967,0.034884,0.603990
1640841518970819840,-1.774871,0.919915,0.591586,0.791175,0.090998,0.035007,0.603768
1640841518973529856,-1.772360,0.918617,0.591681,0.791427,0.091035,0.035182,0.603422
1640841518975319808,-1.770697,0.917755,0.591744,0.791594,0.091051,0.035285,0.603194
1640841518978530048,-1.767705,0.916203,0.591858,0.791898,0.091059,0.035438,0.602785
1640841518980569856,-1.765798,0.915211,0.591931,0.792095,0.091049,0.035512,0.602524
1640841518983640064,-1.762919,0.913711,0.592043,0.792392,0.090997,0.035600,0.602135
1640841518985730048,-1.760952,0.912684,0.592120,0.792590,0.090908,0.035689,0.601882
1640841518988489984,-1.758348,0.911322,0.592224,0.792850,0.090783,0.035820,0.601552
1640841518990379776,-1.756560,0.910386,0.592295,0.793029,0.090731,0.035892,0.601319
1640841518993440000,-1.753656,0.908862,0.592412,0.793321,0.090692,0.035980,0.600934
1640841518995399936,-1.751790,0.907881,0.592487,0.793509,0.090673,0.036025,0.600686
1640841519002379776,-1.745111,0.904359,0.592762,0.794168,0.090434,0.036202,0.599840
1640841519003810048,-1.743735,0.903631,0.592820,0.794301,0.090350,0.036250,0.599674
1640841519004119808,-1.743437,0.903473,0.592832,0.794330,0.090331,0.036261,0.599638
1640841519005459968,-1.742145,0.902790,0.592886,0.794454,0.090249,0.036313,0.599483
1640841519008610048,-1.739102,0.901176,0.593015,0.794744,0.090059,0.036459,0.599118
1640841519010419968,-1.737348,0.900244,0.593090,0.794911,0.089965,0.036561,0.598905
1640841519013499904,-1.734354,0.898652,0.593218,0.795194,0.089837,0.036763,0.598535
1640841519015399936,-1.732502,0.897666,0.593298,0.795369,0.089779,0.036900,0.598303
1640841519018899968,-1.729080,0.895839,0.593447,0.795694,0.089712,0.037171,0.597864
1640841519021060096,-1.726961,0.894706,0.593540,0.795896,0.089696,0.037344,0.597587
1640841519023469824,-1.724591,0.893437,0.593644,0.796123,0.089696,0.037537,0.597272
1640841519025399808,-1.722688,0.892417,0.593729,0.796304,0.089701,0.037693,0.597020
1640841519028829696,-1.719295,0.890596,0.593881,0.796623,0.089696,0.037973,0.596578
1640841519030360064,-1.717777,0.889779,0.593949,0.796762,0.089681,0.038099,0.596386
1640841519036099840,-1.712060,0.886699,0.594209,0.797277,0.089595,0.038578,0.595679
1640841519036800000,-1.711360,0.886321,0.594241,0.797339,0.089586,0.038638,0.595593
1640841519038539776,-1.709619,0.885380,0.594322,0.797495,0.089567,0.038785,0.595378
1640841519040400128,-1.707753,0.884371,0.594408,0.797663,0.089557,0.038944,0.595144
1640841519043449856,-1.704685,0.882710,0.594551,0.797942,0.089564,0.039204,0.594752
1640841519045590016,-1.702526,0.881540,0.594652,0.798139,0.089578,0.039384,0.594473
1640841519048470016,-1.699613,0.879958,0.594789,0.798407,0.089599,0.039622,0.594095
1640841519050819840,-1.697229,0.878662,0.594903,0.798626,0.089609,0.039809,0.593786
1640841519053589760,-1.694411,0.877128,0.595037,0.798884,0.089606,0.040018,0.593425
1640841519055789824,-1.692166,0.875904,0.595145,0.799089,0.089596,0.040177,0.593140
1640841519058519808,-1.689374,0.874380,0.595280,0.799340,0.089584,0.040363,0.592791
1640841519060439808,-1.687405,0.873304,0.595376,0.799514,0.089575,0.040487,0.592549
1640841519063580160,-1.684176,0.871538,0.595534,0.799798,0.089552,0.040679,0.592157
1640841519065840128,-1.681845,0.870261,0.595649,0.800002,0.089519,0.040810,0.591876
1640841519068539904,-1.679054,0.868731,0.595787,0.800250,0.089451,0.040958,0.591541
1640841519070530048,-1.676991,0.867598,0.595890,0.800436,0.089377,0.041063,0.591293
1640841519073540096,-1.673862,0.865879,0.596047,0.800721,0.089231,0.041208,0.590919
1640841519076589824,-1.670682,0.864129,0.596207,0.801013,0.089055,0.041336,0.590541
1640841519078929920,-1.668235,0.862781,0.596331,0.801237,0.088911,0.041416,0.590254
1640841519080399872,-1.666695,0.861932,0.596410,0.801377,0.088819,0.041459,0.590074
1640841519083459840,-1.663481,0.860158,0.596574,0.801668,0.088627,0.041536,0.589703
1640841519085379840,-1.661459,0.859042,0.596678,0.801849,0.088509,0.041586,0.589470
1640841519088559872,-1.658102,0.857185,0.596852,0.802148,0.088323,0.041688,0.589084
1640841519090540032,-1.656006,0.856025,0.596961,0.802333,0.088215,0.041774,0.588842
1640841519093829888,-1.652514,0.854091,0.597143,0.802640,0.088041,0.041945,0.588437
1640841519095660032,-1.650566,0.853011,0.597246,0.802811,0.087943,0.042048,0.588211
1640841519098969856,-1.647034,0.851050,0.597432,0.803122,0.087750,0.042234,0.587802
1640841519101659904,-1.644155,0.849451,0.597585,0.803376,0.087573,0.042373,0.587471
1640841519103419904,-1.642267,0.848401,0.597686,0.803543,0.087452,0.042460,0.587255
1640841519105440000,-1.640096,0.847193,0.597802,0.803734,0.087314,0.042560,0.587007
1640841519108509952,-1.636787,0.845351,0.597980,0.804022,0.087116,0.042719,0.586629
1640841519110409984,-1.634735,0.844208,0.598090,0.804199,0.087008,0.042826,0.586395
1640841519113609984,-1.631269,0.842275,0.598278,0.804494,0.086856,0.043024,0.585998
1640841519116679936,-1.627934,0.840414,0.598460,0.804776,0.086740,0.043222,0.585614
1640841519118469888,-1.625985,0.839325,0.598567,0.804940,0.086683,0.043337,0.585388
1640841519120369920,-1.623912,0.838166,0.598681,0.805115,0.086629,0.043456,0.585147
1640841519123509760,-1.620478,0.836246,0.598870,0.805406,0.086549,0.043647,0.584743
1640841519125469952,-1.618329,0.835044,0.598989,0.805589,0.086499,0.043767,0.584490
1640841519128599808,-1.614888,0.833117,0.599180,0.805881,0.086411,0.043970,0.584086
1640841519135040000,-1.607777,0.829131,0.599579,0.806477,0.086172,0.044439,0.583261
1640841519135729920,-1.607012,0.828702,0.599622,0.806541,0.086144,0.044490,0.583174
1640841519136149760,-1.606547,0.828441,0.599649,0.806580,0.086126,0.044520,0.583120
1640841519138459904,-1.603982,0.827002,0.599794,0.806792,0.086029,0.044679,0.582829
1640841519140430080,-1.601791,0.825771,0.599918,0.806973,0.085946,0.044801,0.582581
1640841519143479808,-1.598390,0.823861,0.600112,0.807253,0.085814,0.044969,0.582199
1640841519145489920,-1.596144,0.822598,0.600240,0.807439,0.085720,0.045068,0.581948
1640841519149240064,-1.591941,0.820235,0.600482,0.807789,0.085523,0.045238,0.581477
1640841519150470144,-1.590559,0.819457,0.600561,0.807905,0.085450,0.045291,0.581323
1640841519153449984,-1.587205,0.817570,0.600755,0.808188,0.085255,0.045415,0.580948
1640841519155360000,-1.585050,0.816357,0.600880,0.808369,0.085116,0.045492,0.580711
1640841519158469888,-1.581534,0.814376,0.601085,0.808659,0.084867,0.045611,0.580334
1640841519160499712,-1.579233,0.813079,0.601220,0.808846,0.084689,0.045685,0.580094
1640841519163650048,-1.575654,0.811062,0.601430,0.809133,0.084395,0.045795,0.579727
1640841519165880064,-1.573114,0.809630,0.601580,0.809338,0.084178,0.045869,0.579467
1640841519168599808,-1.570010,0.807878,0.601764,0.809592,0.083908,0.045954,0.579145
1640841519170579968,-1.567744,0.806600,0.601898,0.809781,0.083710,0.046014,0.578905
1640841519173420032,-1.564488,0.804762,0.602093,0.810056,0.083423,0.046098,0.578554
1640841519175340032,-1.562282,0.803517,0.602225,0.810243,0.083224,0.046154,0.578316
1640841519178799872,-1.558298,0.801267,0.602464,0.810578,0.082850,0.046261,0.577892
1640841519180829952,-1.555954,0.799943,0.602605,0.810770,0.082619,0.046330,0.577650
1640841519184049920,-1.552227,0.797837,0.602831,0.811073,0.082242,0.046450,0.577269
1640841519185469952,-1.550580,0.796907,0.602931,0.811206,0.082076,0.046509,0.577101
1640841519188570112,-1.546978,0.794870,0.603150,0.811500,0.081719,0.046656,0.576726
1640841519190359808,-1.544894,0.793692,0.603278,0.811673,0.081520,0.046753,0.576503
1640841519193959936,-1.540691,0.791316,0.603536,0.812029,0.081144,0.046971,0.576037
1640841519195489792,-1.538901,0.790304,0.603646,0.812182,0.080991,0.047067,0.575835
1640841519199630080,-1.534045,0.787557,0.603946,0.812591,0.080592,0.047316,0.575293
1640841519201069824,-1.532352,0.786600,0.604051,0.812731,0.080457,0.047394,0.575108
1640841519203480064,-1.529513,0.784994,0.604228,0.812962,0.080231,0.047515,0.574803
1640841519205560064,-1.527059,0.783605,0.604381,0.813160,0.080037,0.047614,0.574541
1640841519208469760,-1.523617,0.781658,0.604597,0.813441,0.079760,0.047754,0.574170
1640841519210939904,-1.520689,0.780002,0.604781,0.813684,0.079518,0.047877,0.573849
1640841519213869824,-1.517208,0.778032,0.605001,0.813977,0.079225,0.048023,0.573463
1640841519215409920,-1.515374,0.776994,0.605117,0.814131,0.079069,0.048096,0.573259
1640841519218530048,-1.511653,0.774889,0.605353,0.814442,0.078748,0.048230,0.572850
1640841519220460032,-1.509346,0.773583,0.605500,0.814632,0.078548,0.048299,0.572601
1640841519223459840,-1.505752,0.771550,0.605730,0.814926,0.078233,0.048388,0.572218
1640841519225400064,-1.503423,0.770232,0.605879,0.815115,0.078026,0.048438,0.571973
1640841519228529920,-1.499657,0.768102,0.606122,0.815423,0.077684,0.048512,0.571575
1640841519230520064,-1.497258,0.766745,0.606277,0.815621,0.077460,0.048559,0.571319
1640841519233479936,-1.493682,0.764722,0.606509,0.815918,0.077116,0.048631,0.570934
1640841519235639808,-1.491067,0.763243,0.606679,0.816137,0.076852,0.048681,0.570653
1640841519238449920,-1.487658,0.761315,0.606901,0.816422,0.076492,0.048740,0.570288
1640841519240559872,-1.485092,0.759864,0.607069,0.816636,0.076205,0.048779,0.570016
1640841519243529984,-1.481474,0.757819,0.607307,0.816937,0.075780,0.048826,0.569638
1640841519245420032,-1.479166,0.756514,0.607459,0.817128,0.075500,0.048855,0.569399
1640841519248559872,-1.475325,0.754344,0.607713,0.817445,0.075032,0.048910,0.569001
1640841519250419968,-1.473045,0.753055,0.607864,0.817633,0.074756,0.048951,0.568764
1640841519253469952,-1.469299,0.750939,0.608113,0.817941,0.074310,0.049027,0.568372
1640841519255499776,-1.466800,0.749528,0.608280,0.818147,0.074015,0.049077,0.568110
1640841519258540032,-1.463050,0.747411,0.608531,0.818455,0.073577,0.049143,0.567717
1640841519260390144,-1.460764,0.746120,0.608685,0.818643,0.073310,0.049171,0.567478
1640841519263480064,-1.456937,0.743961,0.608942,0.818958,0.072866,0.049193,0.567079
1640841519265459968,-1.454480,0.742575,0.609108,0.819160,0.072587,0.049203,0.566822
1640841519268669952,-1.450489,0.740324,0.609379,0.819489,0.072159,0.049242,0.566398
1640841519270479872,-1.448234,0.739053,0.609532,0.819675,0.071936,0.049291,0.566152
1640841519273829888,-1.444051,0.736696,0.609818,0.820021,0.071553,0.049427,0.565688
1640841519275559936,-1.441887,0.735477,0.609966,0.820199,0.071362,0.049509,0.565447
1640841519278599936,-1.438076,0.733332,0.610227,0.820511,0.071023,0.049650,0.565024
1640841519280409856,-1.435804,0.732052,0.610384,0.820696,0.070814,0.049724,0.564775
1640841519283439872,-1.431991,0.729907,0.610647,0.821005,0.070453,0.049832,0.564361
1640841519285399808,-1.429520,0.728518,0.610818,0.821206,0.070216,0.049892,0.564094
1640841519288549888,-1.425541,0.726281,0.611095,0.821529,0.069834,0.049974,0.563663
1640841519290870016,-1.422605,0.724631,0.611299,0.821769,0.069555,0.050025,0.563342
1640841519294179840,-1.418406,0.722274,0.611593,0.822115,0.069161,0.050085,0.562881
1640841519295429888,-1.416817,0.721382,0.611704,0.822246,0.069012,0.050105,0.562707
1640841519298569984,-1.412821,0.719140,0.611985,0.822573,0.068631,0.050150,0.562271
1640841519300389888,-1.410500,0.717839,0.612149,0.822761,0.068404,0.050174,0.562021
1640841519303520000,-1.406501,0.715598,0.612431,0.823081,0.068000,0.050210,0.561598
1640841519305489920,-1.403979,0.714186,0.612610,0.823282,0.067737,0.050230,0.561333
1640841519309540096,-1.398783,0.711279,0.612980,0.823699,0.067175,0.050266,0.560786
1640841519310429696,-1.397639,0.710639,0.613061,0.823792,0.067047,0.050273,0.560664
1640841519313589760,-1.393572,0.708366,0.613352,0.824127,0.066584,0.050294,0.560225
1640841519315959808,-1.390515,0.706658,0.613572,0.824382,0.066227,0.050306,0.559890
1640841519318459904,-1.387285,0.704856,0.613804,0.824652,0.065845,0.050318,0.559537
1640841519320489984,-1.384658,0.703390,0.613993,0.824868,0.065533,0.050326,0.559255
1640841519324749824,-1.379132,0.700311,0.614393,0.825313,0.064868,0.050345,0.558673
1640841519325629952,-1.377988,0.699674,0.614476,0.825405,0.064727,0.050351,0.558553
1640841519328539904,-1.374202,0.697567,0.614751,0.825710,0.064249,0.050375,0.558155
1640841519330779904,-1.371281,0.695943,0.614964,0.825949,0.063866,0.050402,0.557844
1640841519333629952,-1.367560,0.693875,0.615236,0.826256,0.063366,0.050446,0.557442
1640841519335399936,-1.365245,0.692589,0.615405,0.826448,0.063053,0.050480,0.557189
1640841519340960000,-1.357953,0.688546,0.615941,0.827054,0.062096,0.050615,0.556385
1640841519342080000,-1.356481,0.687730,0.616050,0.827176,0.061910,0.050646,0.556222
1640841519343459840,-1.354666,0.686725,0.616184,0.827325,0.061684,0.050685,0.556020
1640841519345499904,-1.351979,0.685238,0.616382,0.827547,0.061353,0.050742,0.555722
1640841519348569856,-1.347929,0.682999,0.616682,0.827879,0.060860,0.050822,0.555274
1640841519350619904,-1.345220,0.681503,0.616884,0.828101,0.060532,0.050868,0.554975
1640841519353509888,-1.341395,0.679392,0.617169,0.828413,0.060072,0.050929,0.554554
1640841519355379712,-1.338916,0.678025,0.617353,0.828614,0.059783,0.050973,0.554281
1640841519358599936,-1.334640,0.675670,0.617673,0.828958,0.059308,0.051074,0.553808
1640841519360499968,-1.332113,0.674280,0.617862,0.829160,0.059045,0.051153,0.553526
1640841519366679808,-1.323871,0.669752,0.618482,0.829815,0.058226,0.051467,0.552601
1640841519367280128,-1.323069,0.669312,0.618542,0.829879,0.058145,0.051498,0.552510
1640841519371259904,-1.317742,0.666393,0.618945,0.830307,0.057577,0.051679,0.551910
1640841519371939840,-1.316831,0.665894,0.619014,0.830381,0.057472,0.051704,0.551808
1640841519373420032,-1.314846,0.664808,0.619164,0.830542,0.057238,0.051753,0.551585
1640841519375480064,-1.312080,0.663295,0.619373,0.830767,0.056900,0.051812,0.551275
1640841519378540032,-1.307965,0.661047,0.619686,0.831101,0.056379,0.051883,0.550819
1640841519380509952,-1.305312,0.659600,0.619888,0.831314,0.056039,0.051923,0.550528
1640841519383549952,-1.301212,0.657365,0.620200,0.831641,0.055504,0.051981,0.550083
1640841519386939904,-1.296630,0.654872,0.620550,0.832006,0.054890,0.052041,0.549586
1640841519388460032,-1.294573,0.653754,0.620707,0.832171,0.054607,0.052067,0.549362
1640841519390419968,-1.291918,0.652312,0.620910,0.832386,0.054233,0.052101,0.549070
1640841519393639936,-1.287549,0.649942,0.621245,0.832743,0.053593,0.052155,0.548586
1640841519395399936,-1.285158,0.648647,0.621429,0.832939,0.053228,0.052182,0.548321
1640841519400120064,-1.278732,0.645171,0.621923,0.833462,0.052187,0.052237,0.547621
1640841519400790016,-1.277819,0.644678,0.621993,0.833535,0.052031,0.052242,0.547524
1640841519403519744,-1.274093,0.642667,0.622280,0.833830,0.051377,0.052253,0.547136
1640841519405479936,-1.271415,0.641224,0.622487,0.834040,0.050893,0.052254,0.546861
1640841519408489984,-1.267296,0.639006,0.622805,0.834360,0.050137,0.052244,0.546443
1640841519410449920,-1.264611,0.637563,0.623013,0.834570,0.049642,0.052231,0.546170
1640841519413519872,-1.260399,0.635301,0.623339,0.834897,0.048868,0.052211,0.545740
1640841519416809984,-1.255877,0.632877,0.623689,0.835247,0.048044,0.052206,0.545279
1640841519419950080,-1.251553,0.630564,0.624025,0.835577,0.047269,0.052236,0.544837
1640841519421599744,-1.249279,0.629349,0.624201,0.835749,0.046866,0.052268,0.544605
1640841519423450112,-1.246726,0.627986,0.624400,0.835941,0.046418,0.052312,0.544344
1640841519425390080,-1.244047,0.626557,0.624608,0.836143,0.045951,0.052364,0.544070
1640841519428499968,-1.239745,0.624267,0.624942,0.836467,0.045204,0.052444,0.543626
1640841519430560000,-1.236893,0.622750,0.625164,0.836684,0.044709,0.052486,0.543329
1640841519434139904,-1.231928,0.620115,0.625551,0.837061,0.043855,0.052546,0.542811
1640841519435590144,-1.229914,0.619048,0.625708,0.837213,0.043515,0.052571,0.542602
1640841519438560000,-1.225785,0.616863,0.626030,0.837519,0.042837,0.052631,0.542179
1640841519440499968,-1.223085,0.615435,0.626241,0.837714,0.042408,0.052681,0.541906
1640841519443650048,-1.218695,0.613119,0.626583,0.838026,0.041733,0.052776,0.541467
1640841519446480128,-1.214746,0.611039,0.626892,0.838305,0.041141,0.052866,0.541070
1640841519448559872,-1.211839,0.609510,0.627119,0.838513,0.040712,0.052932,0.540774
1640841519450809856,-1.208692,0.607857,0.627364,0.838741,0.040249,0.052997,0.540448
1640841519453469952,-1.204967,0.605904,0.627655,0.839015,0.039700,0.053067,0.540057
1640841519455489792,-1.202135,0.604421,0.627877,0.839224,0.039279,0.053114,0.539758
1640841519458439936,-1.197995,0.602257,0.628200,0.839529,0.038650,0.053174,0.539324
1640841519460429824,-1.195199,0.600797,0.628419,0.839732,0.038215,0.053208,0.539034
1640841519463840000,-1.190401,0.598298,0.628794,0.840075,0.037441,0.053255,0.538550
1640841519465479936,-1.188091,0.597097,0.628975,0.840238,0.037059,0.053274,0.538320
1640841519468819968,-1.183382,0.594652,0.629343,0.840569,0.036271,0.053307,0.537853
1640841519470979840,-1.180332,0.593071,0.629582,0.840786,0.035761,0.053327,0.537547
1640841519473520128,-1.176743,0.591214,0.629862,0.841044,0.035164,0.053349,0.537180
1640841519475539968,-1.173885,0.589738,0.630086,0.841251,0.034685,0.053364,0.536886
1640841519478519808,-1.169665,0.587562,0.630416,0.841558,0.033956,0.053375,0.536450
1640841519480720128,-1.166546,0.585956,0.630660,0.841783,0.033393,0.053373,0.536132
1640841519483640064,-1.162402,0.583827,0.630984,0.842081,0.032616,0.053359,0.535713
1640841519485430016,-1.159859,0.582523,0.631182,0.842263,0.032125,0.053348,0.535458
1640841519488509952,-1.155479,0.580280,0.631525,0.842574,0.031263,0.053330,0.535022
1640841519490449920,-1.152718,0.578869,0.631740,0.842768,0.030711,0.053322,0.534748
1640841519493449984,-1.148443,0.576688,0.632074,0.843066,0.029850,0.053322,0.534327
1640841519495399936,-1.145661,0.575272,0.632291,0.843259,0.029291,0.053330,0.534053
1640841519501740032,-1.136603,0.570675,0.632998,0.843880,0.027541,0.053377,0.533159
1640841519502549760,-1.135445,0.570088,0.633089,0.843959,0.027330,0.053384,0.533044
1640841519503459840,-1.134142,0.569429,0.633190,0.844048,0.027096,0.053391,0.532914
1640841519505440000,-1.131307,0.567997,0.633411,0.844243,0.026598,0.053409,0.532628
1640841519508479744,-1.126950,0.565800,0.633751,0.844547,0.025854,0.053449,0.532179
1640841519510649856,-1.123837,0.564233,0.633993,0.844769,0.025334,0.053489,0.531849
1640841519513799936,-1.119313,0.561961,0.634346,0.845093,0.024588,0.053564,0.531361
1640841519515929856,-1.116252,0.560427,0.634584,0.845311,0.024084,0.053626,0.531031
1640841519518540032,-1.112497,0.558549,0.634876,0.845574,0.023463,0.053712,0.530631
1640841519520609792,-1.109517,0.557061,0.635108,0.845777,0.022965,0.053787,0.530321
1640841519523439872,-1.105438,0.555029,0.635425,0.846048,0.022276,0.053893,0.529908
1640841519526409984,-1.101154,0.552900,0.635758,0.846327,0.021558,0.053992,0.529481
1640841519528519936,-1.098108,0.551389,0.635994,0.846527,0.021057,0.054044,0.529177
1640841519531079936,-1.094409,0.549558,0.636281,0.846771,0.020465,0.054080,0.528805
1640841519533639936,-1.090708,0.547729,0.636568,0.847019,0.019890,0.054095,0.528429
1640841519535470080,-1.088060,0.546424,0.636774,0.847197,0.019487,0.054101,0.528158
1640841519539059968,-1.082861,0.543867,0.637176,0.847546,0.018709,0.054123,0.527623
1640841519540480000,-1.080803,0.542857,0.637336,0.847684,0.018404,0.054139,0.527411
1640841519543619840,-1.076249,0.540626,0.637688,0.847987,0.017728,0.054182,0.526941
1640841519545580032,-1.073404,0.539235,0.637909,0.848176,0.017300,0.054209,0.526650
1640841519548899840,-1.068582,0.536884,0.638281,0.848493,0.016555,0.054237,0.526160
1640841519550419712,-1.066373,0.535809,0.638452,0.848637,0.016201,0.054238,0.525938
1640841519553439744,-1.061980,0.533676,0.638792,0.848921,0.015469,0.054207,0.525505
1640841519555519744,-1.058953,0.532209,0.639025,0.849115,0.014940,0.054158,0.525211
1640841519558429952,-1.054714,0.530161,0.639353,0.849386,0.014190,0.054077,0.524802
1640841519560669952,-1.051450,0.528586,0.639604,0.849596,0.013622,0.054023,0.524484
1640841519563689984,-1.047045,0.526468,0.639944,0.849879,0.012866,0.053966,0.524049
1640841519565539840,-1.044346,0.525172,0.640152,0.850053,0.012403,0.053938,0.523781
1640841519569039872,-1.039235,0.522725,0.640546,0.850383,0.011509,0.053890,0.523270
1640841519570659840,-1.036867,0.521594,0.640728,0.850536,0.011082,0.053867,0.523034
1640841519573499904,-1.032715,0.519615,0.641048,0.850802,0.010315,0.053822,0.522622
1640841519575579904,-1.029673,0.518169,0.641282,0.850995,0.009745,0.053782,0.522322
1640841519578929920,-1.024769,0.515843,0.641659,0.851301,0.008825,0.053699,0.521848
1640841519580430080,-1.022572,0.514803,0.641828,0.851435,0.008417,0.053652,0.521640
1640841519583749888,-1.017708,0.512507,0.642201,0.851729,0.007530,0.053530,0.521187
1640841519585419776,-1.015259,0.511354,0.642389,0.851876,0.007092,0.053464,0.520960
1640841519588440064,-1.010830,0.509273,0.642729,0.852144,0.006310,0.053351,0.520543
1640841519590479872,-1.007836,0.507870,0.642959,0.852328,0.005791,0.053284,0.520254
1640841519593949952,-1.002741,0.505489,0.643350,0.852648,0.004927,0.053190,0.519749
1640841519597019904,-0.998231,0.503388,0.643695,0.852932,0.004191,0.053125,0.519295
1640841519598469888,-0.996100,0.502397,0.643859,0.853065,0.003855,0.053099,0.519081
1640841519600999936,-0.992380,0.500672,0.644144,0.853296,0.003290,0.053058,0.518711
1640841519603419904,-0.988820,0.499025,0.644416,0.853513,0.002770,0.053024,0.518359
1640841519605499904,-0.985760,0.497612,0.644650,0.853699,0.002336,0.052996,0.518058
1640841519608519936,-0.981314,0.495566,0.644990,0.853966,0.001721,0.052956,0.517624
1640841519610839808,-0.977898,0.493997,0.645252,0.854171,0.001256,0.052923,0.517291
1640841519613590016,-0.973846,0.492142,0.645561,0.854413,0.000708,0.052874,0.516897
1640841519615439872,-0.971120,0.490897,0.645770,0.854576,0.000340,0.052833,0.516632
1640841519618489856,-0.966623,0.488848,0.646113,0.854845,-0.000267,0.052742,0.516196
1640841519620469760,-0.963704,0.487522,0.646336,0.855020,-0.000664,0.052664,0.515913
1640841519623440128,-0.959322,0.485536,0.646671,0.855284,-0.001264,0.052520,0.515489
1640841519625890048,-0.955707,0.483902,0.646947,0.855502,-0.001766,0.052389,0.515140
1640841519628559872,-0.951766,0.482127,0.647248,0.855738,-0.002320,0.052246,0.514759
1640841519630689792,-0.948621,0.480713,0.647488,0.855926,-0.002768,0.052141,0.514455
1640841519635409920,-0.941650,0.477592,0.648020,0.856338,-0.003775,0.051922,0.513784
1640841519635949824,-0.940852,0.477236,0.648080,0.856385,-0.003890,0.051895,0.513708
1640841519638659840,-0.936848,0.475452,0.648386,0.856621,-0.004472,0.051744,0.513325
1640841519640679936,-0.933863,0.474125,0.648613,0.856797,-0.004904,0.051609,0.513041
1640841519643429888,-0.929798,0.472324,0.648923,0.857036,-0.005493,0.051402,0.512656
1640841519645469952,-0.926782,0.470991,0.649153,0.857213,-0.005932,0.051241,0.512371
1640841519648599808,-0.922154,0.468951,0.649506,0.857485,-0.006615,0.050998,0.511933
1640841519650739968,-0.918989,0.467560,0.649747,0.857670,-0.007089,0.050845,0.511632
1640841519654029824,-0.914123,0.465429,0.650118,0.857954,-0.007821,0.050631,0.511165
1640841519655459840,-0.912008,0.464505,0.650279,0.858078,-0.008133,0.050540,0.510962
1640841519658579712,-0.907392,0.462495,0.650631,0.858349,-0.008787,0.050334,0.510515
1640841519660440064,-0.904639,0.461299,0.650841,0.858513,-0.009151,0.050200,0.510247
1640841519663509760,-0.900096,0.459332,0.651187,0.858783,-0.009714,0.049961,0.509805
1640841519666769920,-0.895272,0.457251,0.651554,0.859070,-0.010279,0.049701,0.509336
1640841519670279936,-0.890077,0.455019,0.651950,0.859375,-0.010877,0.049433,0.508834
1640841519670879744,-0.889189,0.454639,0.652018,0.859427,-0.010979,0.049389,0.508749
1640841519673669888,-0.885059,0.452873,0.652332,0.859665,-0.011456,0.049193,0.508354
1640841519675479808,-0.882380,0.451731,0.652536,0.859819,-0.011763,0.049071,0.508099
1640841519678540032,-0.877850,0.449805,0.652881,0.860079,-0.012272,0.048865,0.507667
1640841519680699904,-0.874653,0.448451,0.653125,0.860262,-0.012622,0.048719,0.507362
1640841519684739840,-0.868673,0.445927,0.653580,0.860606,-0.013250,0.048437,0.506790
1640841519685410048,-0.867681,0.445510,0.653656,0.860663,-0.013351,0.048390,0.506695
1640841519688489984,-0.863123,0.443597,0.654003,0.860925,-0.013805,0.048167,0.506259
1640841519690719744,-0.859822,0.442216,0.654254,0.861113,-0.014124,0.048001,0.505945
1640841519693469952,-0.855752,0.440520,0.654564,0.861344,-0.014513,0.047788,0.505561
1640841519695419904,-0.852866,0.439320,0.654784,0.861507,-0.014792,0.047626,0.505290
1640841519698569984,-0.848205,0.437390,0.655139,0.861768,-0.015261,0.047336,0.504858
1640841519700599808,-0.845202,0.436150,0.655367,0.861935,-0.015584,0.047125,0.504584
1640841519703490048,-0.840926,0.434392,0.655693,0.862170,-0.016070,0.046798,0.504197
1640841519706070016,-0.837110,0.432828,0.655983,0.862378,-0.016522,0.046497,0.503855
1640841519709129728,-0.832585,0.430981,0.656328,0.862622,-0.017067,0.046152,0.503451
1640841519710449920,-0.830632,0.430186,0.656477,0.862726,-0.017302,0.046011,0.503277
1640841519713699840,-0.825827,0.428237,0.656842,0.862982,-0.017873,0.045675,0.502848
1640841519715419904,-0.823284,0.427209,0.657036,0.863117,-0.018169,0.045498,0.502622
1640841519718659840,-0.818496,0.425281,0.657401,0.863371,-0.018705,0.045150,0.502197
1640841519720470016,-0.815821,0.424207,0.657604,0.863513,-0.018989,0.044941,0.501960
1640841519723629824,-0.811152,0.422341,0.657959,0.863763,-0.019463,0.044555,0.501547
1640841519725449984,-0.808464,0.421269,0.658164,0.863908,-0.019729,0.044332,0.501307
1640841519728459776,-0.804019,0.419505,0.658502,0.864150,-0.020169,0.043985,0.500903
1640841519730939904,-0.800357,0.418058,0.658781,0.864352,-0.020539,0.043732,0.500561
1640841519733399808,-0.796726,0.416627,0.659057,0.864553,-0.020911,0.043504,0.500218
1640841519735479808,-0.793657,0.415423,0.659290,0.864722,-0.021225,0.043321,0.499928
1640841519739079936,-0.788346,0.413347,0.659694,0.865010,-0.021759,0.043001,0.499434
1640841519741509888,-0.784762,0.411953,0.659967,0.865200,-0.022107,0.042775,0.499110
1640841519743470080,-0.781873,0.410833,0.660186,0.865351,-0.022379,0.042587,0.498852
1640841519745529856,-0.778836,0.409660,0.660417,0.865510,-0.022652,0.042386,0.498580
1640841519748479744,-0.774490,0.407987,0.660747,0.865740,-0.023021,0.042093,0.498190
1640841519750429952,-0.771617,0.406885,0.660965,0.865894,-0.023248,0.041899,0.497927
1640841519753540096,-0.767037,0.405137,0.661313,0.866145,-0.023590,0.041589,0.497501
1640841519755559936,-0.764064,0.404006,0.661538,0.866308,-0.023808,0.041388,0.497223
1640841519758499840,-0.759738,0.402368,0.661866,0.866546,-0.024132,0.041099,0.496817
1640841519760480000,-0.756825,0.401269,0.662087,0.866704,-0.024362,0.040905,0.496545
1640841519766389760,-0.748137,0.398014,0.662745,0.867170,-0.025085,0.040332,0.495743
1640841519766949888,-0.747314,0.397708,0.662808,0.867213,-0.025154,0.040278,0.495667
1640841519768539904,-0.744978,0.396839,0.662984,0.867337,-0.025350,0.040122,0.495453
1640841519770579712,-0.741982,0.395728,0.663211,0.867496,-0.025596,0.039921,0.495178
1640841519773540096,-0.737636,0.394124,0.663540,0.867726,-0.025948,0.039626,0.494781
1640841519775509760,-0.734745,0.393061,0.663758,0.867877,-0.026183,0.039427,0.494519
1640841519778630144,-0.730169,0.391386,0.664104,0.868113,-0.026570,0.039108,0.494109
1640841519780489984,-0.727442,0.390393,0.664310,0.868251,-0.026812,0.038915,0.493869
1640841519783419904,-0.723148,0.388835,0.664634,0.868466,-0.027210,0.038610,0.493494
1640841519785559808,-0.720013,0.387703,0.664870,0.868622,-0.027512,0.038384,0.493220
1640841519788559872,-0.715621,0.386124,0.665201,0.868842,-0.027948,0.038064,0.492833
1640841519790579968,-0.712664,0.385067,0.665424,0.868991,-0.028249,0.037847,0.492569
1640841519793449984,-0.708467,0.383571,0.665739,0.869205,-0.028686,0.037536,0.492190
1640841519795640064,-0.705265,0.382436,0.665980,0.869368,-0.029027,0.037296,0.491901
1640841519798480128,-0.701114,0.380972,0.666292,0.869577,-0.029480,0.036980,0.491528
1640841519800580096,-0.698047,0.379895,0.666522,0.869729,-0.029821,0.036743,0.491255
1640841519803479808,-0.693814,0.378415,0.666839,0.869937,-0.030299,0.036415,0.490882
1640841519805459968,-0.690925,0.377410,0.667056,0.870079,-0.030623,0.036192,0.490627
1640841519809020160,-0.685734,0.375614,0.667444,0.870335,-0.031189,0.035801,0.490165
1640841519810509824,-0.683563,0.374867,0.667606,0.870444,-0.031418,0.035643,0.489969
1640841519813679872,-0.678945,0.373284,0.667951,0.870679,-0.031887,0.035322,0.489544
1640841519815840000,-0.675801,0.372212,0.668185,0.870842,-0.032197,0.035117,0.489249
1640841519818959872,-0.671261,0.370673,0.668524,0.871081,-0.032638,0.034845,0.488814
1640841519820479744,-0.669051,0.369927,0.668688,0.871199,-0.032852,0.034724,0.488598
1640841519823449856,-0.664735,0.368477,0.669009,0.871432,-0.033262,0.034504,0.488170
1640841519825469952,-0.661801,0.367496,0.669227,0.871591,-0.033526,0.034356,0.487877
1640841519828480000,-0.657431,0.366043,0.669551,0.871830,-0.033881,0.034124,0.487442
1640841519830639872,-0.654298,0.365007,0.669782,0.872002,-0.034098,0.033936,0.487133
1640841519837679872,-0.644097,0.361665,0.670536,0.872557,-0.034730,0.033258,0.486139
1640841519838059776,-0.643547,0.361487,0.670576,0.872587,-0.034768,0.033222,0.486086
1640841519838389760,-0.643069,0.361332,0.670612,0.872613,-0.034802,0.033191,0.486039
1640841519840469760,-0.640059,0.360357,0.670833,0.872774,-0.035031,0.032997,0.485746
1640841519843479808,-0.635706,0.358955,0.671153,0.873006,-0.035401,0.032726,0.485321
1640841519845459968,-0.632844,0.358038,0.671363,0.873158,-0.035661,0.032550,0.485040
1640841519849059840,-0.627646,0.356383,0.671744,0.873434,-0.036145,0.032221,0.484528
1640841519850849792,-0.625063,0.355566,0.671933,0.873572,-0.036382,0.032050,0.484273
1640841519853519872,-0.621212,0.354354,0.672214,0.873778,-0.036735,0.031785,0.483894
1640841519855469824,-0.618402,0.353473,0.672419,0.873926,-0.037000,0.031586,0.483617
1640841519858399744,-0.614182,0.352159,0.672726,0.874147,-0.037425,0.031284,0.483206
1640841519860489728,-0.611174,0.351228,0.672945,0.874300,-0.037760,0.031069,0.482917
1640841519866839808,-0.602046,0.348429,0.673606,0.874751,-0.038903,0.030411,0.482050
1640841519868710144,-0.599361,0.347613,0.673800,0.874882,-0.039257,0.030213,0.481796
1640841519869279744,-0.598543,0.347366,0.673859,0.874922,-0.039365,0.030151,0.481718
1640841519870529792,-0.596750,0.346824,0.673988,0.875010,-0.039601,0.030015,0.481548
1640841519873539840,-0.592434,0.345527,0.674299,0.875224,-0.040156,0.029677,0.481134
1640841519875469824,-0.589669,0.344701,0.674497,0.875364,-0.040496,0.029450,0.480865
1640841519878489856,-0.585345,0.343417,0.674807,0.875589,-0.040990,0.029081,0.480436
1640841519881209856,-0.581455,0.342270,0.675085,0.875795,-0.041423,0.028754,0.480042
1640841519884669952,-0.576510,0.340823,0.675437,0.876057,-0.042033,0.028402,0.479532
1640841519886109952,-0.574455,0.340225,0.675583,0.876164,-0.042320,0.028288,0.479317
1640841519888579840,-0.570930,0.339205,0.675833,0.876347,-0.042824,0.028111,0.478949
1640841519891840000,-0.566283,0.337870,0.676162,0.876588,-0.043435,0.027856,0.478467
1640841519893389824,-0.564075,0.337240,0.676318,0.876703,-0.043700,0.027722,0.478241
1640841519895429888,-0.561172,0.336415,0.676522,0.876854,-0.044033,0.027538,0.477943
1640841519900379904,-0.554134,0.334434,0.677016,0.877224,-0.044832,0.027085,0.477216
1640841519901890048,-0.551989,0.333835,0.677166,0.877337,-0.045090,0.026953,0.476991
1640841519903549952,-0.549634,0.333181,0.677330,0.877461,-0.045389,0.026815,0.476742
1640841519905689856,-0.546598,0.332341,0.677541,0.877622,-0.045787,0.026648,0.476416
1640841519908509952,-0.542602,0.331244,0.677819,0.877836,-0.046288,0.026439,0.475985
1640841519911379712,-0.538540,0.330137,0.678100,0.878057,-0.046730,0.026234,0.475546
1640841519913539840,-0.535485,0.329311,0.678311,0.878225,-0.047024,0.026084,0.475214
1640841519915639808,-0.532518,0.328513,0.678515,0.878390,-0.047288,0.025941,0.474891
1640841519918579712,-0.528368,0.327404,0.678800,0.878624,-0.047639,0.025746,0.474434
1640841519920610048,-0.525505,0.326645,0.678995,0.878787,-0.047881,0.025615,0.474114
1640841519923509760,-0.521419,0.325570,0.679274,0.879021,-0.048232,0.025429,0.473655
1640841519925639936,-0.518422,0.324786,0.679478,0.879193,-0.048496,0.025291,0.473317
1640841519928539904,-0.514344,0.323729,0.679754,0.879424,-0.048869,0.025096,0.472858
1640841519930809856,-0.511156,0.322908,0.679969,0.879604,-0.049173,0.024935,0.472502
1640841519933779968,-0.506989,0.321845,0.680249,0.879835,-0.049584,0.024716,0.472039
1640841519935489792,-0.504593,0.321237,0.680409,0.879967,-0.049825,0.024586,0.471775
1640841519938439936,-0.500463,0.320198,0.680685,0.880192,-0.050246,0.024357,0.471322
1640841519940460032,-0.497638,0.319492,0.680873,0.880345,-0.050535,0.024198,0.471013
1640841519943429888,-0.493489,0.318464,0.681148,0.880569,-0.050961,0.023961,0.470560
1640841519945519872,-0.490573,0.317747,0.681341,0.880727,-0.051263,0.023789,0.470240
1640841519948910080,-0.485848,0.316597,0.681651,0.880984,-0.051760,0.023496,0.469718
1640841519950569984,-0.483538,0.316039,0.681803,0.881111,-0.052007,0.023346,0.469460
1640841519953539840,-0.479408,0.315049,0.682072,0.881340,-0.052460,0.023070,0.468995
1640841519955520000,-0.476658,0.314395,0.682251,0.881492,-0.052772,0.022888,0.468683
1640841519958739968,-0.472191,0.313343,0.682540,0.881735,-0.053300,0.022605,0.468178
1640841519960480000,-0.469781,0.312779,0.682695,0.881865,-0.053599,0.022464,0.467907
1640841519963539712,-0.465546,0.311799,0.682967,0.882086,-0.054148,0.022244,0.467436
1640841519966169856,-0.461912,0.310965,0.683199,0.882274,-0.054631,0.022069,0.467035
1640841519968499968,-0.458696,0.310234,0.683404,0.882440,-0.055056,0.021910,0.466678
1640841519970479872,-0.455967,0.309619,0.683576,0.882583,-0.055408,0.021765,0.466372
1640841519973459968,-0.451864,0.308702,0.683835,0.882803,-0.055922,0.021531,0.465906
1640841519975929856,-0.448468,0.307951,0.684048,0.882988,-0.056339,0.021330,0.465514
1640841519978939904,-0.444335,0.307046,0.684306,0.883218,-0.056841,0.021086,0.465028
1640841519980499968,-0.442196,0.306582,0.684439,0.883339,-0.057100,0.020964,0.464772
1640841519983459840,-0.438142,0.305710,0.684690,0.883570,-0.057589,0.020742,0.464281
1640841519985489920,-0.435365,0.305119,0.684861,0.883729,-0.057916,0.020598,0.463944
1640841519989209856,-0.430285,0.304049,0.685173,0.884017,-0.058482,0.020356,0.463335
1640841519990559744,-0.428444,0.303666,0.685285,0.884120,-0.058676,0.020274,0.463117
1640841519993710080,-0.424154,0.302780,0.685545,0.884360,-0.059110,0.020091,0.462612
1640841519995569920,-0.421624,0.302263,0.685698,0.884502,-0.059358,0.019987,0.462313
1640841519998999808,-0.416966,0.301322,0.685978,0.884769,-0.059806,0.019793,0.461753
1640841520000460032,-0.414986,0.300927,0.686096,0.884885,-0.059995,0.019709,0.461509
1640841520003389952,-0.411017,0.300141,0.686332,0.885123,-0.060375,0.019533,0.461010
1640841520005539840,-0.408109,0.299572,0.686504,0.885301,-0.060649,0.019401,0.460639
1640841520008489728,-0.404126,0.298802,0.686738,0.885545,-0.061011,0.019215,0.460128
1640841520010889984,-0.400889,0.298183,0.686928,0.885744,-0.061289,0.019062,0.459716
1640841520013639936,-0.397187,0.297484,0.687143,0.885969,-0.061597,0.018884,0.459248
1640841520015439872,-0.394767,0.297033,0.687283,0.886114,-0.061799,0.018764,0.458945
1640841520018429952,-0.390753,0.296292,0.687514,0.886353,-0.062145,0.018560,0.458446
1640841520020470016,-0.388019,0.295793,0.687670,0.886513,-0.062395,0.018415,0.458108
1640841520023429888,-0.384058,0.295080,0.687896,0.886742,-0.062770,0.018201,0.457621
1640841520025559808,-0.381211,0.294575,0.688057,0.886907,-0.063042,0.018047,0.457270
1640841520028539904,-0.377236,0.293878,0.688280,0.887139,-0.063415,0.017832,0.456778
1640841520030530048,-0.374585,0.293419,0.688428,0.887295,-0.063652,0.017692,0.456446
1640841520034070016,-0.369877,0.292617,0.688690,0.887575,-0.064068,0.017444,0.455852
1640841520035779840,-0.367607,0.292236,0.688815,0.887710,-0.064275,0.017322,0.455565
1640841520038439936,-0.364081,0.291651,0.689008,0.887917,-0.064620,0.017123,0.455121
1640841520040539904,-0.361301,0.291196,0.689160,0.888077,-0.064914,0.016958,0.454772
1640841520044189952,-0.356478,0.290420,0.689421,0.888353,-0.065449,0.016664,0.454168
1640841520046039808,-0.354038,0.290034,0.689552,0.888492,-0.065722,0.016518,0.453861
1640841520048470016,-0.350838,0.289534,0.689724,0.888677,-0.066068,0.016331,0.453456
1640841520050860032,-0.347695,0.289050,0.689891,0.888861,-0.066386,0.016161,0.453054
1640841520053449984,-0.344295,0.288535,0.690070,0.889065,-0.066705,0.015992,0.452613
1640841520055460096,-0.341659,0.288142,0.690208,0.889224,-0.066946,0.015870,0.452268
1640841520058539776,-0.337629,0.287551,0.690419,0.889470,-0.067329,0.015695,0.451735
1640841520060519936,-0.335042,0.287178,0.690552,0.889627,-0.067598,0.015588,0.451389
1640841520065249792,-0.328876,0.286310,0.690869,0.889998,-0.068325,0.015335,0.450556
1640841520065869824,-0.328069,0.286198,0.690910,0.890047,-0.068422,0.015302,0.450446
1640841520069009920,-0.323988,0.285642,0.691116,0.890296,-0.068876,0.015125,0.449889
1640841520070619904,-0.321899,0.285363,0.691222,0.890427,-0.069074,0.015030,0.449603
1640841520073489920,-0.318180,0.284873,0.691407,0.890665,-0.069377,0.014860,0.449090
1640841520075459840,-0.315632,0.284544,0.691534,0.890831,-0.069557,0.014749,0.448736
1640841520078539776,-0.311655,0.284041,0.691730,0.891097,-0.069809,0.014597,0.448174
1640841520080529920,-0.309090,0.283723,0.691855,0.891272,-0.069965,0.014520,0.447805
1640841520083600128,-0.305139,0.283244,0.692047,0.891544,-0.070206,0.014425,0.447228
1640841520086009856,-0.302043,0.282877,0.692196,0.891758,-0.070397,0.014355,0.446772
1640841520088470016,-0.298889,0.282512,0.692347,0.891975,-0.070597,0.014271,0.446310
1640841520090579968,-0.296188,0.282205,0.692476,0.892159,-0.070774,0.014183,0.445917
1640841520093400064,-0.292583,0.281806,0.692645,0.892403,-0.071013,0.014049,0.445394
1640841520095539712,-0.289853,0.281511,0.692773,0.892588,-0.071194,0.013941,0.444999
1640841520098820096,-0.285676,0.281071,0.692967,0.892873,-0.071462,0.013779,0.444388
1640841520100580096,-0.283438,0.280841,0.693070,0.893028,-0.071598,0.013701,0.444058
1640841520103430144,-0.279820,0.280479,0.693236,0.893281,-0.071810,0.013586,0.443518
1640841520105899776,-0.276691,0.280175,0.693377,0.893500,-0.071999,0.013487,0.443049
1640841520108389888,-0.273542,0.279877,0.693519,0.893718,-0.072207,0.013378,0.442579
1640841520110589952,-0.270764,0.279622,0.693643,0.893906,-0.072412,0.013267,0.442167
1640841520113449728,-0.267159,0.279301,0.693803,0.894148,-0.072698,0.013109,0.441636
1640841520115599872,-0.264454,0.279067,0.693922,0.894328,-0.072922,0.012985,0.441239
1640841520118929920,-0.260272,0.278719,0.694104,0.894604,-0.073265,0.012791,0.440627
1640841520120999936,-0.257677,0.278510,0.694216,0.894776,-0.073472,0.012676,0.440246
1640841520123680000,-0.254324,0.278250,0.694360,0.895000,-0.073731,0.012536,0.439752
1640841520125429760,-0.252137,0.278086,0.694453,0.895147,-0.073894,0.012454,0.439427
1640841520128379904,-0.248457,0.277819,0.694608,0.895399,-0.074157,0.012334,0.438874
1640841520130579968,-0.245718,0.277629,0.694723,0.895589,-0.074344,0.012263,0.438455
1640841520133489920,-0.242101,0.277388,0.694873,0.895845,-0.074584,0.012189,0.437894
1640841520135939840,-0.239062,0.277195,0.694998,0.896061,-0.074789,0.012134,0.437417
1640841520138449920,-0.235953,0.277007,0.695125,0.896282,-0.075009,0.012073,0.436927
1640841520140739840,-0.233122,0.276843,0.695239,0.896484,-0.075221,0.012007,0.436480
1640841520143940096,-0.229174,0.276627,0.695398,0.896764,-0.075520,0.011904,0.435854
1640841520145489920,-0.227265,0.276528,0.695473,0.896901,-0.075658,0.011851,0.435551
1640841520148460032,-0.223612,0.276349,0.695617,0.897164,-0.075899,0.011747,0.434969
1640841520150539776,-0.221059,0.276231,0.695717,0.897351,-0.076038,0.011675,0.434560
1640841520153750016,-0.217125,0.276061,0.695870,0.897646,-0.076189,0.011571,0.433928
1640841520155699968,-0.214740,0.275966,0.695961,0.897829,-0.076232,0.011514,0.433543
1640841520158540032,-0.211273,0.275837,0.696093,0.898098,-0.076260,0.011435,0.432981
1640841520160509952,-0.208872,0.275755,0.696184,0.898283,-0.076319,0.011371,0.432591
1640841520163470080,-0.205270,0.275642,0.696319,0.898553,-0.076473,0.011260,0.432004
1640841520165459968,-0.202853,0.275574,0.696408,0.898732,-0.076600,0.011179,0.431611
1640841520168709888,-0.198913,0.275475,0.696553,0.899022,-0.076806,0.011046,0.430973
1640841520171660032,-0.195345,0.275399,0.696682,0.899285,-0.076959,0.010931,0.430401
1640841520173600000,-0.193003,0.275356,0.696767,0.899457,-0.077044,0.010858,0.430027
1640841520175590144,-0.190603,0.275318,0.696852,0.899633,-0.077125,0.010785,0.429645
1640841520178759936,-0.186789,0.275269,0.696987,0.899914,-0.077250,0.010670,0.429038
1640841520183729920,-0.180825,0.275224,0.697195,0.900351,-0.077479,0.010488,0.428084
1640841520184579840,-0.179808,0.275220,0.697230,0.900425,-0.077526,0.010456,0.427920
1640841520185580032,-0.178611,0.275216,0.697271,0.900512,-0.077586,0.010418,0.427726
1640841520188509952,-0.175110,0.275215,0.697391,0.900767,-0.077791,0.010302,0.427154
1640841520190619904,-0.172594,0.275222,0.697476,0.900950,-0.077957,0.010215,0.426741
1640841520193469952,-0.169201,0.275243,0.697589,0.901196,-0.078186,0.010089,0.426181
1640841520195489792,-0.166801,0.275264,0.697669,0.901371,-0.078340,0.009993,0.425786
1640841520198589952,-0.163125,0.275310,0.697789,0.901639,-0.078542,0.009833,0.425185
1640841520200839936,-0.160462,0.275352,0.697876,0.901834,-0.078647,0.009706,0.424754
1640841520203899904,-0.156847,0.275421,0.697992,0.902101,-0.078737,0.009526,0.424174
1640841520205560064,-0.154890,0.275465,0.698054,0.902247,-0.078799,0.009443,0.423853
1640841520208509952,-0.151417,0.275553,0.698163,0.902510,-0.078992,0.009347,0.423259
1640841520210479872,-0.149103,0.275619,0.698236,0.902687,-0.079137,0.009297,0.422856
1640841520213399808,-0.145678,0.275727,0.698342,0.902950,-0.079291,0.009201,0.422268
1640841520215510016,-0.143209,0.275814,0.698417,0.903140,-0.079356,0.009116,0.421851
1640841520218449920,-0.139774,0.275945,0.698521,0.903406,-0.079409,0.008993,0.421274
1640841520220609792,-0.137256,0.276050,0.698597,0.903603,-0.079439,0.008910,0.420847
1640841520223579904,-0.133800,0.276206,0.698699,0.903876,-0.079482,0.008816,0.420254
1640841520225489920,-0.131582,0.276314,0.698764,0.904052,-0.079511,0.008761,0.419870
1640841520228859904,-0.127677,0.276517,0.698878,0.904365,-0.079556,0.008664,0.419190
1640841520230559744,-0.125711,0.276626,0.698935,0.904522,-0.079574,0.008609,0.418848
1640841520233530112,-0.122282,0.276826,0.699032,0.904796,-0.079606,0.008498,0.418251
1640841520236320000,-0.119068,0.277027,0.699123,0.905052,-0.079640,0.008375,0.417693
1640841520238429952,-0.116643,0.277187,0.699190,0.905244,-0.079675,0.008265,0.417272
1640841520240550144,-0.114210,0.277354,0.699257,0.905436,-0.079720,0.008139,0.416851
1640841520243459840,-0.110878,0.277595,0.699348,0.905695,-0.079798,0.007948,0.416276
1640841520245479936,-0.108570,0.277769,0.699411,0.905873,-0.079856,0.007812,0.415879
1640841520251360000,-0.101872,0.278313,0.699589,0.906386,-0.080002,0.007461,0.414740
1640841520252989952,-0.100022,0.278473,0.699638,0.906527,-0.080034,0.007378,0.414427
1640841520253419776,-0.099534,0.278516,0.699650,0.906564,-0.080043,0.007357,0.414344
1640841520255519744,-0.097154,0.278730,0.699712,0.906745,-0.080084,0.007251,0.413942
1640841520258479872,-0.093807,0.279042,0.699798,0.907000,-0.080147,0.007091,0.413372
1640841520260529920,-0.091494,0.279266,0.699857,0.907178,-0.080198,0.006966,0.412975
1640841520263510016,-0.088138,0.279603,0.699941,0.907435,-0.080284,0.006769,0.412395
1640841520265729792,-0.085645,0.279863,0.700003,0.907627,-0.080355,0.006618,0.411961
1640841520268519936,-0.082517,0.280200,0.700080,0.907868,-0.080448,0.006434,0.411415
1640841520270669824,-0.080113,0.280468,0.700138,0.908052,-0.080522,0.006303,0.410996
1640841520273419776,-0.077044,0.280821,0.700212,0.908288,-0.080614,0.006151,0.410459
1640841520275519744,-0.074705,0.281099,0.700268,0.908468,-0.080680,0.006042,0.410049
1640841520278470144,-0.071427,0.281500,0.700345,0.908724,-0.080761,0.005891,0.409468
1640841520280529920,-0.069144,0.281787,0.700398,0.908904,-0.080807,0.005783,0.409059
1640841520283539968,-0.065814,0.282220,0.700475,0.909171,-0.080860,0.005624,0.408458
1640841520285489920,-0.063663,0.282507,0.700524,0.909345,-0.080889,0.005521,0.408067
1640841520288450048,-0.060404,0.282954,0.700597,0.909607,-0.080928,0.005372,0.407477
1640841520290469888,-0.058185,0.283267,0.700647,0.909784,-0.080954,0.005275,0.407076
1640841520293439744,-0.054930,0.283738,0.700719,0.910044,-0.080985,0.005139,0.406490
1640841520295519744,-0.052656,0.284076,0.700768,0.910226,-0.080999,0.005043,0.406081
1640841520298849792,-0.049025,0.284631,0.700847,0.910520,-0.081000,0.004881,0.405423
1640841520300559872,-0.047164,0.284922,0.700886,0.910673,-0.080986,0.004792,0.405083
1640841520303779840,-0.043670,0.285483,0.700960,0.910965,-0.080932,0.004606,0.404439
1640841520305519872,-0.041786,0.285792,0.701000,0.911124,-0.080894,0.004499,0.404091
1640841520308460032,-0.038610,0.286326,0.701065,0.911389,-0.080832,0.004314,0.403507
1640841520312769792,-0.033970,0.287131,0.701160,0.911764,-0.080780,0.004045,0.402673
1640841520314060032,-0.032586,0.287378,0.701188,0.911873,-0.080772,0.003963,0.402427
1640841520315689984,-0.030838,0.287693,0.701223,0.912011,-0.080765,0.003858,0.402116
1640841520318879744,-0.027427,0.288321,0.701290,0.912283,-0.080750,0.003638,0.401505
1640841520322860032,-0.023186,0.289127,0.701372,0.912627,-0.080721,0.003335,0.400731
1640841520323609856,-0.022389,0.289282,0.701388,0.912692,-0.080715,0.003276,0.400584
1640841520325469952,-0.020414,0.289668,0.701426,0.912854,-0.080702,0.003128,0.400220
1640841520328529920,-0.017174,0.290316,0.701487,0.913118,-0.080691,0.002886,0.399620
1640841520334029824,-0.011375,0.291516,0.701594,0.913581,-0.080725,0.002477,0.398555
1640841520334820096,-0.010544,0.291692,0.701610,0.913646,-0.080736,0.002419,0.398404
1640841520335480064,-0.009851,0.291839,0.701622,0.913701,-0.080746,0.002371,0.398278
1640841520338559744,-0.006623,0.292538,0.701681,0.913951,-0.080802,0.002130,0.397694
1640841520340689920,-0.004396,0.293029,0.701720,0.914121,-0.080848,0.001946,0.397294
1640841520343459840,-0.001508,0.293678,0.701771,0.914341,-0.080909,0.001692,0.396776
1640841520345559808,0.000677,0.294178,0.701810,0.914508,-0.080955,0.001500,0.396384
1640841520348489984,0.003716,0.294886,0.701862,0.914740,-0.081008,0.001248,0.395836
1640841520350579968,0.005879,0.295399,0.701899,0.914908,-0.081036,0.001089,0.395444
1640841520353449728,0.008840,0.296114,0.701949,0.915140,-0.081060,0.000892,0.394901
1640841520355559936,0.011012,0.296647,0.701985,0.915313,-0.081067,0.000754,0.394499
1640841520358569984,0.014102,0.297420,0.702035,0.915563,-0.081064,0.000552,0.393919
1640841520360639744,0.016221,0.297958,0.702070,0.915737,-0.081054,0.000403,0.393516
1640841520363510016,0.019152,0.298716,0.702116,0.915981,-0.081026,0.000187,0.392955
1640841520365530112,0.021209,0.299257,0.702149,0.916153,-0.080997,0.000033,0.392560
1640841520368460032,0.024185,0.300052,0.702195,0.916401,-0.080938,-0.000183,0.391992
1640841520370829824,0.026586,0.300704,0.702232,0.916600,-0.080875,-0.000347,0.391540
1640841520373449984,0.029232,0.301435,0.702272,0.916818,-0.080791,-0.000518,0.391046
1640841520376789760,0.032595,0.302380,0.702322,0.917096,-0.080668,-0.000733,0.390420
1640841520378929920,0.034744,0.302995,0.702354,0.917274,-0.080585,-0.000874,0.390017
1640841520380489728,0.036307,0.303447,0.702376,0.917405,-0.080522,-0.000982,0.389722
1640841520383450112,0.039266,0.304315,0.702419,0.917655,-0.080403,-0.001198,0.389156
1640841520386419968,0.042224,0.305199,0.702460,0.917907,-0.080286,-0.001424,0.388586
1640841520390749952,0.046521,0.306511,0.702519,0.918269,-0.080126,-0.001758,0.387760
1640841520391559936,0.047323,0.306759,0.702530,0.918336,-0.080099,-0.001820,0.387607
1640841520393469696,0.049210,0.307348,0.702555,0.918493,-0.080038,-0.001967,0.387248
1640841520398959872,0.054612,0.309072,0.702626,0.918932,-0.079905,-0.002392,0.386229
1640841520399699968,0.055338,0.309307,0.702635,0.918990,-0.079893,-0.002450,0.386093
1640841520400509952,0.056131,0.309566,0.702645,0.919053,-0.079882,-0.002514,0.385945
1640841520406439936,0.061920,0.311490,0.702717,0.919502,-0.079876,-0.002999,0.384872
1640841520407069952,0.062533,0.311697,0.702724,0.919549,-0.079884,-0.003052,0.384759
1640841520408429824,0.063854,0.312146,0.702740,0.919648,-0.079908,-0.003169,0.384517
1640841520410709760,0.066065,0.312906,0.702766,0.919811,-0.079960,-0.003368,0.384112
1640841520413440000,0.068705,0.313825,0.702797,0.920013,-0.079976,-0.003595,0.383624
1640841520415489792,0.070681,0.314522,0.702819,0.920173,-0.079907,-0.003745,0.383252
1640841520418969856,0.074027,0.315720,0.702856,0.920456,-0.079711,-0.003970,0.382610
1640841520420549888,0.075541,0.316269,0.702873,0.920585,-0.079633,-0.004066,0.382316
1640841520423539968,0.078400,0.317318,0.702903,0.920823,-0.079555,-0.004247,0.381758
1640841520425900032,0.080650,0.318155,0.702927,0.921006,-0.079533,-0.004392,0.381318
1640841520428699904,0.083311,0.319159,0.702954,0.921220,-0.079510,-0.004568,0.380804
1640841520432379904,0.086796,0.320494,0.702988,0.921499,-0.079417,-0.004809,0.380145
1640841520433399808,0.087759,0.320868,0.702998,0.921576,-0.079375,-0.004876,0.379965
1640841520435779840,0.090002,0.321745,0.703019,0.921758,-0.079260,-0.005030,0.379546
1640841520438429952,0.092493,0.322731,0.703042,0.921962,-0.079112,-0.005190,0.379078
1640841520440819968,0.094733,0.323629,0.703062,0.922150,-0.078969,-0.005318,0.378649
1640841520443539968,0.097274,0.324661,0.703084,0.922365,-0.078802,-0.005453,0.378158
1640841520445600000,0.099194,0.325449,0.703100,0.922528,-0.078676,-0.005556,0.377786
1640841520448449792,0.101842,0.326549,0.703122,0.922750,-0.078505,-0.005708,0.377276
1640841520450660096,0.103889,0.327410,0.703139,0.922918,-0.078379,-0.005840,0.376888
1640841520453430016,0.106448,0.328499,0.703158,0.923126,-0.078225,-0.006016,0.376407
1640841520455569920,0.108419,0.329348,0.703173,0.923285,-0.078109,-0.006154,0.376039
1640841520458939904,0.111513,0.330697,0.703195,0.923535,-0.077928,-0.006362,0.375459
1640841520460620032,0.113051,0.331375,0.703206,0.923660,-0.077838,-0.006457,0.375169
1640841520463529728,0.115707,0.332559,0.703224,0.923876,-0.077683,-0.006606,0.374665
1640841520466169856,0.118109,0.333644,0.703240,0.924072,-0.077550,-0.006729,0.374209
1640841520468479744,0.120205,0.334601,0.703252,0.924240,-0.077444,-0.006832,0.373814
1640841520470599936,0.122123,0.335485,0.703264,0.924391,-0.077357,-0.006925,0.373455
1640841520473609984,0.124838,0.336752,0.703279,0.924603,-0.077242,-0.007057,0.372953
1640841520475539968,0.126574,0.337571,0.703289,0.924737,-0.077167,-0.007143,0.372634
1640841520478540032,0.129264,0.338854,0.703303,0.924944,-0.077037,-0.007283,0.372143
1640841520480509952,0.131025,0.339703,0.703311,0.925081,-0.076937,-0.007380,0.371822
1640841520483399936,0.133602,0.340958,0.703323,0.925282,-0.076767,-0.007525,0.371353
1640841520486139904,0.136036,0.342159,0.703334,0.925475,-0.076587,-0.007656,0.370907
1640841520489219840,0.138762,0.343521,0.703345,0.925693,-0.076372,-0.007784,0.370404
1640841520490659840,0.140033,0.344162,0.703350,0.925796,-0.076269,-0.007833,0.370168
1640841520493839872,0.142833,0.345588,0.703360,0.926023,-0.076037,-0.007918,0.369643
1640841520495599872,0.144377,0.346383,0.703365,0.926150,-0.075906,-0.007953,0.369353
1640841520498609920,0.147011,0.347752,0.703372,0.926366,-0.075674,-0.007997,0.368857
1640841520500730112,0.148860,0.348724,0.703378,0.926518,-0.075504,-0.008017,0.368509
1640841520503789824,0.151521,0.350138,0.703384,0.926737,-0.075253,-0.008038,0.368009
1640841520505619968,0.153107,0.350989,0.703387,0.926867,-0.075105,-0.008052,0.367711
1640841520508409856,0.155518,0.352296,0.703392,0.927065,-0.074889,-0.008084,0.367255
1640841520510550016,0.157362,0.353305,0.703395,0.927216,-0.074735,-0.008123,0.366905
1640841520513509888,0.159905,0.354712,0.703399,0.927423,-0.074547,-0.008207,0.366417
1640841520515529984,0.161634,0.355678,0.703400,0.927564,-0.074433,-0.008278,0.366083
1640841520519150080,0.164723,0.357424,0.703403,0.927812,-0.074238,-0.008400,0.365491
1640841520520519936,0.165888,0.358089,0.703403,0.927904,-0.074163,-0.008438,0.365270
1640841520523459840,0.168381,0.359525,0.703404,0.928101,-0.074006,-0.008506,0.364800
1640841520525469952,0.170081,0.360514,0.703404,0.928235,-0.073904,-0.008547,0.364478
1640841520528479744,0.172617,0.362004,0.703403,0.928436,-0.073764,-0.008604,0.363994
1640841520530629888,0.174423,0.363076,0.703402,0.928580,-0.073678,-0.008648,0.363642
1640841520533459968,0.176793,0.364496,0.703400,0.928771,-0.073579,-0.008707,0.363174
1640841520535960064,0.178879,0.365760,0.703398,0.928938,-0.073502,-0.008758,0.362759
1640841520540359936,0.182534,0.368003,0.703392,0.929230,-0.073377,-0.008833,0.362035
1640841520541009920,0.183072,0.368337,0.703391,0.929273,-0.073359,-0.008842,0.361929
1640841520543369984,0.185023,0.369553,0.703387,0.929425,-0.073293,-0.008868,0.361549
1640841520545529856,0.186802,0.370672,0.703383,0.929564,-0.073235,-0.008883,0.361204
1640841520548499712,0.189241,0.372221,0.703377,0.929753,-0.073164,-0.008886,0.360731
1640841520550639872,0.190993,0.373344,0.703372,0.929889,-0.073120,-0.008877,0.360390
1640841520553519872,0.193343,0.374866,0.703365,0.930071,-0.073065,-0.008852,0.359931
1640841520556859904,0.196057,0.376643,0.703355,0.930282,-0.072997,-0.008817,0.359400
1640841520558419968,0.197320,0.377478,0.703351,0.930381,-0.072959,-0.008800,0.359153
1640841520560519936,0.199017,0.378607,0.703344,0.930514,-0.072900,-0.008781,0.358821
1640841520563520000,0.201433,0.380230,0.703334,0.930703,-0.072797,-0.008758,0.358351
1640841520565869824,0.203319,0.381510,0.703326,0.930852,-0.072704,-0.008739,0.357984
1640841520568589824,0.205495,0.382999,0.703316,0.931024,-0.072583,-0.008710,0.357561
1640841520570960128,0.207384,0.384305,0.703306,0.931174,-0.072469,-0.008675,0.357194
1640841520573469952,0.209378,0.385696,0.703296,0.931334,-0.072340,-0.008629,0.356805
1640841520575729920,0.211168,0.386955,0.703286,0.931478,-0.072217,-0.008580,0.356454
1640841520578480128,0.213340,0.388495,0.703273,0.931655,-0.072060,-0.008515,0.356025
1640841520580519936,0.214945,0.389644,0.703264,0.931788,-0.071939,-0.008463,0.355703
1640841520583520000,0.217298,0.391344,0.703249,0.931984,-0.071757,-0.008384,0.355228
1640841520585569792,0.218901,0.392512,0.703239,0.932117,-0.071630,-0.008332,0.354904
1640841520588620032,0.221277,0.394259,0.703223,0.932314,-0.071443,-0.008259,0.354427
1640841520590989824,0.223117,0.395624,0.703210,0.932463,-0.071301,-0.008209,0.354063
1640841520593669888,0.225191,0.397177,0.703195,0.932629,-0.071145,-0.008162,0.353660
1640841520595490048,0.226595,0.398237,0.703184,0.932739,-0.071045,-0.008134,0.353389
1640841520598429952,0.228856,0.399957,0.703167,0.932916,-0.070893,-0.008095,0.352954
1640841520600569856,0.230496,0.401216,0.703154,0.933044,-0.070794,-0.008070,0.352637
1640841520603680000,0.232871,0.403055,0.703135,0.933228,-0.070666,-0.008033,0.352176
1640841520605659904,0.234378,0.404233,0.703122,0.933344,-0.070596,-0.008008,0.351882
1640841520608689920,0.236677,0.406044,0.703102,0.933520,-0.070508,-0.007959,0.351435
1640841520610550016,0.238083,0.407161,0.703090,0.933626,-0.070465,-0.007923,0.351161
1640841520613440000,0.240262,0.408906,0.703070,0.933790,-0.070409,-0.007863,0.350737
1640841520615520000,0.241825,0.410167,0.703055,0.933907,-0.070373,-0.007820,0.350434
1640841520618729728,0.244228,0.412125,0.703032,0.934087,-0.070313,-0.007765,0.349969
1640841520620529920,0.245571,0.413228,0.703019,0.934187,-0.070274,-0.007744,0.349709
1640841520623950080,0.248115,0.415335,0.702994,0.934378,-0.070188,-0.007712,0.349217
1640841520625599744,0.249338,0.416356,0.702982,0.934470,-0.070143,-0.007695,0.348979
1640841520628399872,0.251407,0.418097,0.702960,0.934628,-0.070064,-0.007651,0.348573
1640841520630759936,0.253145,0.419572,0.702942,0.934762,-0.069998,-0.007591,0.348227
1640841520633900032,0.255450,0.421544,0.702917,0.934944,-0.069909,-0.007478,0.347760
1640841520636109824,0.257066,0.422939,0.702900,0.935073,-0.069841,-0.007385,0.347429
1640841520638670080,0.258932,0.424562,0.702879,0.935224,-0.069752,-0.007277,0.347042
1640841520641129984,0.260720,0.426129,0.702859,0.935371,-0.069652,-0.007179,0.346668
1640841520643389952,0.262357,0.427575,0.702840,0.935507,-0.069550,-0.007094,0.346324
1640841520645769728,0.264076,0.429104,0.702820,0.935651,-0.069432,-0.007006,0.345959
1640841520648460032,0.266012,0.430841,0.702797,0.935815,-0.069288,-0.006908,0.345544
1640841520650709760,0.267627,0.432299,0.702777,0.935954,-0.069162,-0.006823,0.345196
1640841520653910016,0.269915,0.434384,0.702749,0.936152,-0.068971,-0.006701,0.344700
1640841520655619840,0.271134,0.435503,0.702734,0.936257,-0.068865,-0.006634,0.344435
1640841520658530048,0.273202,0.437415,0.702709,0.936437,-0.068676,-0.006520,0.343987
1640841520660539904,0.274626,0.438741,0.702691,0.936560,-0.068540,-0.006441,0.343681
1640841520666810112,0.279044,0.442908,0.702634,0.936939,-0.068113,-0.006206,0.342736
1640841520667419904,0.279472,0.443316,0.702628,0.936975,-0.068073,-0.006185,0.342645
1640841520668449792,0.280194,0.444005,0.702618,0.937036,-0.068007,-0.006150,0.342492
1640841520670929920,0.281928,0.445670,0.702595,0.937182,-0.067855,-0.006070,0.342125
1640841520673430016,0.283671,0.447356,0.702572,0.937326,-0.067712,-0.005994,0.341759
1640841520675579904,0.285166,0.448811,0.702552,0.937448,-0.067597,-0.005930,0.341449
1640841520678619904,0.287272,0.450877,0.702523,0.937615,-0.067440,-0.005835,0.341022
1640841520680819968,0.288791,0.452379,0.702502,0.937732,-0.067330,-0.005758,0.340724
1640841520683499776,0.290635,0.454216,0.702477,0.937870,-0.067196,-0.005654,0.340371
1640841520685560064,0.292049,0.455633,0.702457,0.937975,-0.067093,-0.005564,0.340104
1640841520688499968,0.294061,0.457664,0.702429,0.938123,-0.066944,-0.005418,0.339728
1640841520690619904,0.295507,0.459135,0.702408,0.938230,-0.066834,-0.005298,0.339455
1640841520693440000,0.297425,0.461098,0.702381,0.938374,-0.066680,-0.005122,0.339091
1640841520695529984,0.298842,0.462559,0.702361,0.938480,-0.066558,-0.004987,0.338821
1640841520699209984,0.301328,0.465143,0.702325,0.938668,-0.066320,-0.004759,0.338352
1640841520700539904,0.302223,0.466081,0.702312,0.938735,-0.066225,-0.004684,0.338185
1640841520703660032,0.304319,0.468287,0.702281,0.938890,-0.065990,-0.004520,0.337802
1640841520705529856,0.305571,0.469615,0.702263,0.938981,-0.065846,-0.004426,0.337578
1640841520708459776,0.307527,0.471703,0.702234,0.939121,-0.065625,-0.004279,0.337235
1640841520710559744,0.308925,0.473205,0.702213,0.939217,-0.065475,-0.004168,0.336997
1640841520713519872,0.310890,0.475330,0.702184,0.939348,-0.065281,-0.004000,0.336671
1640841520715510016,0.312207,0.476764,0.702165,0.939435,-0.065152,-0.003879,0.336455
1640841520719899904,0.315100,0.479942,0.702122,0.939627,-0.064839,-0.003598,0.335982
1640841520720589824,0.315554,0.480444,0.702115,0.939658,-0.064783,-0.003552,0.335908
1640841520723449856,0.317429,0.482527,0.702087,0.939785,-0.064540,-0.003360,0.335600
1640841520725529856,0.318790,0.484048,0.702067,0.939877,-0.064352,-0.003219,0.335380
1640841520728469760,0.320706,0.486205,0.702038,0.940003,-0.064079,-0.003023,0.335079
1640841520730779904,0.322208,0.487907,0.702015,0.940098,-0.063866,-0.002873,0.334855
1640841520733499904,0.323971,0.489917,0.701989,0.940205,-0.063618,-0.002700,0.334604
1640841520735620096,0.325341,0.491489,0.701968,0.940285,-0.063430,-0.002563,0.334417
1640841520738620160,0.327274,0.493722,0.701939,0.940393,-0.063172,-0.002360,0.334162
1640841520740599808,0.328546,0.495201,0.701920,0.940463,-0.063007,-0.002217,0.333997
1640841520743409920,0.330347,0.497306,0.701893,0.940560,-0.062775,-0.002006,0.333770
1640841520745709824,0.331816,0.499036,0.701872,0.940638,-0.062579,-0.001830,0.333588
1640841520749420032,0.334179,0.501837,0.701836,0.940762,-0.062241,-0.001548,0.333303
1640841520750670080,0.334972,0.502783,0.701825,0.940803,-0.062118,-0.001455,0.333210
1640841520753880064,0.337005,0.505222,0.701794,0.940908,-0.061783,-0.001219,0.332977
1640841520758579968,0.339969,0.508811,0.701751,0.941057,-0.061251,-0.000867,0.332654
1640841520758999808,0.340233,0.509133,0.701747,0.941070,-0.061201,-0.000834,0.332626
1640841520760589824,0.341232,0.510353,0.701732,0.941119,-0.061011,-0.000709,0.332524
1640841520763539968,0.343080,0.512623,0.701705,0.941207,-0.060647,-0.000464,0.332341
1640841520765639936,0.344392,0.514244,0.701686,0.941268,-0.060379,-0.000280,0.332219
1640841520768399872,0.346112,0.516381,0.701661,0.941345,-0.060012,-0.000021,0.332067
1640841520770639872,0.347504,0.518121,0.701641,0.941405,-0.059703,0.000204,0.331953
1640841520773499904,0.349276,0.520350,0.701616,0.941478,-0.059293,0.000506,0.331817
1640841520775620096,0.350586,0.522007,0.701597,0.941532,-0.058980,0.000735,0.331720
1640841520778439936,0.352325,0.524218,0.701573,0.941604,-0.058555,0.001037,0.331591
1640841520780609792,0.353658,0.525925,0.701554,0.941659,-0.058224,0.001263,0.331491
1640841520783429888,0.355387,0.528149,0.701530,0.941729,-0.057797,0.001546,0.331366
1640841520785609984,0.356720,0.529875,0.701512,0.941779,-0.057480,0.001759,0.331277
1640841520788430080,0.358440,0.532113,0.701488,0.941836,-0.057096,0.002027,0.331181
1640841520790639872,0.359784,0.533872,0.701470,0.941872,-0.056825,0.002231,0.331125
1640841520793419776,0.361471,0.536091,0.701448,0.941906,-0.056517,0.002481,0.331078
1640841520795539968,0.362753,0.537789,0.701431,0.941928,-0.056294,0.002667,0.331053
1640841520799320064,0.365034,0.540826,0.701401,0.941965,-0.055886,0.002987,0.331012
1640841520800549888,0.365774,0.541817,0.701392,0.941978,-0.055746,0.003088,0.330998
1640841520803399936,0.367485,0.544119,0.701370,0.942008,-0.055409,0.003320,0.330967
1640841520806159872,0.369137,0.546355,0.701349,0.942035,-0.055072,0.003544,0.330945
1640841520809759744,0.371285,0.549283,0.701323,0.942062,-0.054626,0.003844,0.330940
1640841520811339776,0.372225,0.550571,0.701312,0.942070,-0.054429,0.003980,0.330947
1640841520814649856,0.374190,0.553278,0.701289,0.942082,-0.054005,0.004270,0.330979
1640841520815579904,0.374741,0.554040,0.701282,0.942084,-0.053882,0.004353,0.330992
1640841520818480128,0.376456,0.556422,0.701263,0.942089,-0.053483,0.004614,0.331039
1640841520821049856,0.377971,0.558539,0.701246,0.942092,-0.053105,0.004850,0.331088
1640841520823500032,0.379412,0.560563,0.701230,0.942094,-0.052724,0.005076,0.331140
1640841520825749760,0.380732,0.562426,0.701216,0.942094,-0.052366,0.005287,0.331192
1640841520828480000,0.382330,0.564693,0.701199,0.942093,-0.051932,0.005546,0.331260
1640841520830739968,0.383650,0.566575,0.701185,0.942090,-0.051582,0.005764,0.331320
1640841520833410048,0.385206,0.568803,0.701170,0.942083,-0.051179,0.006023,0.331398
1640841520835899904,0.386652,0.570886,0.701156,0.942073,-0.050806,0.006264,0.331479
1640841520838569984,0.388200,0.573127,0.701141,0.942057,-0.050401,0.006518,0.331579
1640841520840669952,0.389414,0.574893,0.701130,0.942042,-0.050077,0.006712,0.331669
1640841520843549952,0.391076,0.577321,0.701115,0.942016,-0.049623,0.006970,0.331805
1640841520845559808,0.392233,0.579020,0.701105,0.941995,-0.049301,0.007144,0.331908
1640841520848460032,0.393899,0.581477,0.701092,0.941962,-0.048833,0.007384,0.332066
1640841520850589952,0.395119,0.583286,0.701082,0.941936,-0.048488,0.007553,0.332187
1640841520853519872,0.396794,0.585781,0.701069,0.941898,-0.048012,0.007774,0.332360
1640841520855869952,0.398134,0.587787,0.701059,0.941865,-0.047625,0.007941,0.332505
1640841520858690048,0.399738,0.590200,0.701048,0.941823,-0.047151,0.008131,0.332685
1640841520860620032,0.400834,0.591855,0.701041,0.941794,-0.046818,0.008255,0.332813
1640841520864819968,0.403211,0.595467,0.701026,0.941723,-0.046084,0.008505,0.333109
1640841520865619968,0.403663,0.596156,0.701023,0.941708,-0.045947,0.008550,0.333169
1640841520868759808,0.405434,0.598868,0.701013,0.941642,-0.045439,0.008723,0.333420
1640841520870640128,0.406491,0.600495,0.701008,0.941597,-0.045163,0.008823,0.333583
1640841520873819904,0.408276,0.603253,0.700999,0.941511,-0.044734,0.008986,0.333878
1640841520875539968,0.409240,0.604749,0.700994,0.941462,-0.044511,0.009072,0.334046
1640841520878479872,0.410884,0.607309,0.700987,0.941373,-0.044128,0.009214,0.334342
1640841520880749824,0.412150,0.609291,0.700983,0.941303,-0.043817,0.009318,0.334577
1640841520883419904,0.413636,0.611627,0.700977,0.941221,-0.043414,0.009437,0.334856
1640841520885759744,0.414936,0.613679,0.700973,0.941152,-0.043014,0.009536,0.335100
1640841520888460032,0.416433,0.616051,0.700969,0.941073,-0.042513,0.009647,0.335382
1640841520890859776,0.417760,0.618164,0.700966,0.940995,-0.042113,0.009751,0.335650
1640841520893499904,0.419217,0.620493,0.700963,0.940894,-0.041769,0.009877,0.335969
1640841520895559936,0.420353,0.622314,0.700962,0.940810,-0.041537,0.009978,0.336232
1640841520898459904,0.421947,0.624882,0.700960,0.940687,-0.041198,0.010119,0.336612
1640841520903269888,0.424584,0.629155,0.700958,0.940492,-0.040465,0.010333,0.337239
1640841520904389888,0.425197,0.630152,0.700958,0.940448,-0.040271,0.010383,0.337385
1640841520905589760,0.425852,0.631221,0.700958,0.940401,-0.040059,0.010437,0.337540
1640841520908470016,0.427424,0.633792,0.700959,0.940287,-0.039549,0.010575,0.337912
1640841520910709760,0.428643,0.635795,0.700960,0.940197,-0.039168,0.010695,0.338202
1640841520913449984,0.430133,0.638250,0.700961,0.940085,-0.038713,0.010851,0.338561
1640841520915599872,0.431299,0.640179,0.700963,0.939995,-0.038355,0.010972,0.338849
1640841520919010048,0.433145,0.643245,0.700967,0.939845,-0.037767,0.011150,0.339323
1640841520921530112,0.434507,0.645516,0.700970,0.939730,-0.037303,0.011261,0.339691
1640841520923429888,0.435531,0.647231,0.700973,0.939640,-0.036941,0.011334,0.339976
1640841520925609728,0.436705,0.649201,0.700977,0.939535,-0.036518,0.011408,0.340310
1640841520928439808,0.438227,0.651763,0.700983,0.939396,-0.035968,0.011494,0.340747
1640841520930670080,0.439424,0.653786,0.700988,0.939286,-0.035539,0.011555,0.341093
1640841520933699840,0.441047,0.656538,0.700995,0.939134,-0.034966,0.011628,0.341568
1640841520935549952,0.442036,0.658221,0.701000,0.939040,-0.034620,0.011665,0.341862
1640841520938569984,0.443648,0.660973,0.701008,0.938881,-0.034061,0.011713,0.342353
1640841520940569856,0.444714,0.662799,0.701014,0.938772,-0.033695,0.011734,0.342686
1640841520943439872,0.446242,0.665422,0.701024,0.938612,-0.033174,0.011753,0.343175
1640841520945619712,0.447400,0.667418,0.701031,0.938487,-0.032783,0.011761,0.343554
1640841520948439808,0.448895,0.670003,0.701041,0.938323,-0.032283,0.011765,0.344050
1640841520950739968,0.450113,0.672115,0.701050,0.938187,-0.031882,0.011768,0.344457
1640841520953619968,0.451636,0.674764,0.701062,0.938015,-0.031386,0.011772,0.344970
1640841520956270080,0.453034,0.677205,0.701074,0.937854,-0.030935,0.011775,0.345448
1640841520958370048,0.454141,0.679142,0.701083,0.937724,-0.030583,0.011776,0.345833
1640841520960569856,0.455299,0.681173,0.701094,0.937584,-0.030216,0.011776,0.346243
1640841520964320000,0.457269,0.684642,0.701112,0.937341,-0.029597,0.011774,0.346954
1640841520965789952,0.458040,0.686003,0.701120,0.937244,-0.029356,0.011774,0.347236
1640841520968459776,0.459439,0.688479,0.701134,0.937068,-0.028920,0.011773,0.347748
1640841520971059968,0.460799,0.690893,0.701148,0.936896,-0.028496,0.011774,0.348247
1640841520974329856,0.462507,0.693933,0.701167,0.936679,-0.027961,0.011778,0.348873
1640841520975520000,0.463128,0.695040,0.701174,0.936600,-0.027764,0.011781,0.349101
1640841520978469888,0.464665,0.697789,0.701192,0.936403,-0.027268,0.011793,0.349667
1640841520980679936,0.465815,0.699851,0.701206,0.936255,-0.026887,0.011807,0.350092
1640841520983459840,0.467260,0.702447,0.701224,0.936067,-0.026396,0.011828,0.350630
1640841520986529792,0.468853,0.705318,0.701245,0.935857,-0.025847,0.011848,0.351230
1640841520989199872,0.470237,0.707817,0.701263,0.935672,-0.025376,0.011853,0.351758
1640841520990619904,0.470972,0.709148,0.701274,0.935572,-0.025130,0.011848,0.352041
1640841520993369856,0.472394,0.711727,0.701294,0.935375,-0.024670,0.011816,0.352597
1640841520995529984,0.473510,0.713755,0.701310,0.935218,-0.024327,0.011768,0.353040
1640841520998629888,0.475109,0.716669,0.701333,0.934989,-0.023834,0.011679,0.353681
1640841521003150080,0.477437,0.720923,0.701369,0.934663,-0.022989,0.011584,0.354602
1640841521004480000,0.478122,0.722176,0.701380,0.934567,-0.022717,0.011562,0.354872
1640841521006249984,0.479031,0.723845,0.701395,0.934440,-0.022348,0.011533,0.355232
1640841521008719872,0.480300,0.726175,0.701416,0.934259,-0.021832,0.011484,0.355741
1640841521010629888,0.481280,0.727979,0.701432,0.934116,-0.021441,0.011435,0.356141
1640841521013419776,0.482711,0.730615,0.701456,0.933903,-0.020887,0.011350,0.356734
1640841521015599872,0.483827,0.732677,0.701476,0.933735,-0.020466,0.011281,0.357200
1640841521018939904,0.485536,0.735838,0.701506,0.933478,-0.019835,0.011181,0.357912
1640841521020669952,0.486421,0.737476,0.701523,0.933345,-0.019515,0.011137,0.358277
1640841521023719936,0.487979,0.740368,0.701552,0.933111,-0.018959,0.011071,0.358917
1640841521025609984,0.488943,0.742160,0.701570,0.932966,-0.018622,0.011033,0.359314
1640841521028479744,0.490406,0.744884,0.701598,0.932742,-0.018121,0.010973,0.359923
1640841521030599936,0.491487,0.746897,0.701619,0.932573,-0.017759,0.010923,0.360379
1640841521033569792,0.492999,0.749720,0.701649,0.932333,-0.017258,0.010847,0.361027
1640841521035549952,0.494006,0.751603,0.701670,0.932171,-0.016925,0.010794,0.361461
1640841521038459904,0.495486,0.754371,0.701701,0.931933,-0.016429,0.010716,0.362100
1640841521040679936,0.496613,0.756485,0.701724,0.931752,-0.016041,0.010658,0.362585
1640841521043510016,0.498050,0.759180,0.701755,0.931522,-0.015533,0.010587,0.363200
1640841521046609920,0.499623,0.762134,0.701789,0.931272,-0.014959,0.010514,0.363867
1640841521048419840,0.500540,0.763860,0.701809,0.931127,-0.014615,0.010474,0.364253
1640841521050679808,0.501685,0.766015,0.701835,0.930947,-0.014179,0.010427,0.364731
1640841521053570048,0.503149,0.768773,0.701868,0.930718,-0.013607,0.010373,0.365336
1640841521055680000,0.504217,0.770787,0.701893,0.930552,-0.013177,0.010342,0.365776
1640841521059119872,0.505957,0.774071,0.701934,0.930281,-0.012445,0.010314,0.366493
1640841521060600064,0.506706,0.775485,0.701951,0.930163,-0.012118,0.010311,0.366801
1640841521063429888,0.508136,0.778188,0.701986,0.929938,-0.011479,0.010318,0.367393
1640841521065860096,0.509364,0.780511,0.702015,0.929743,-0.010927,0.010327,0.367903
1640841521068419840,0.510657,0.782957,0.702047,0.929537,-0.010354,0.010332,0.368440
1640841521070639872,0.511777,0.785080,0.702075,0.929357,-0.009872,0.010326,0.368905
1640841521073459968,0.513200,0.787776,0.702111,0.929129,-0.009287,0.010298,0.369496
1640841521075959808,0.514462,0.790167,0.702143,0.928927,-0.008781,0.010259,0.370017
1640841521078549760,0.515768,0.792644,0.702177,0.928720,-0.008249,0.010217,0.370550
1640841521080610048,0.516806,0.794615,0.702204,0.928557,-0.007810,0.010185,0.370968
1640841521083429888,0.518228,0.797312,0.702242,0.928335,-0.007195,0.010144,0.371536
1640841521085539840,0.519291,0.799331,0.702270,0.928168,-0.006732,0.010112,0.371962
1640841521088480000,0.520773,0.802143,0.702310,0.927932,-0.006096,0.010063,0.372563
1640841521090679808,0.521881,0.804248,0.702340,0.927752,-0.005633,0.010020,0.373021
1640841521093479936,0.523291,0.806926,0.702379,0.927518,-0.005055,0.009964,0.373610
1640841521095619840,0.524369,0.808973,0.702409,0.927340,-0.004615,0.009924,0.374061
1640841521098929920,0.526036,0.812139,0.702456,0.927064,-0.003930,0.009873,0.374751
1640841521100709888,0.526932,0.813841,0.702482,0.926919,-0.003553,0.009855,0.375116
1640841521103489792,0.528332,0.816499,0.702522,0.926694,-0.002957,0.009836,0.375677
1640841521105619968,0.529405,0.818535,0.702553,0.926523,-0.002497,0.009828,0.376102
1640841521108439808,0.530825,0.821231,0.702595,0.926297,-0.001892,0.009819,0.376662
1640841521111439872,0.532335,0.824097,0.702639,0.926055,-0.001261,0.009806,0.377260
1640841521113760000,0.533504,0.826313,0.702674,0.925865,-0.000790,0.009789,0.377727
1640841521115579904,0.534421,0.828051,0.702702,0.925714,-0.000433,0.009768,0.378097
1640841521118429952,0.535856,0.830771,0.702745,0.925473,0.000100,0.009720,0.378688
1640841521120600064,0.536950,0.832842,0.702779,0.925288,0.000521,0.009692,0.379142
1640841521123469824,0.538396,0.835579,0.702823,0.925044,0.001164,0.009703,0.379733
1640841521126050048,0.539697,0.838039,0.702864,0.924829,0.001791,0.009745,0.380255
1640841521128499968,0.540932,0.840374,0.702903,0.924627,0.002388,0.009793,0.380740
1640841521134419968,0.543919,0.846010,0.702998,0.924153,0.003752,0.009889,0.381875
1640841521135160064,0.544292,0.846714,0.703010,0.924094,0.003920,0.009901,0.382016
1640841521137339904,0.545392,0.848787,0.703046,0.923921,0.004424,0.009939,0.382429
1640841521138459904,0.545958,0.849852,0.703064,0.923831,0.004689,0.009961,0.382643
1640841521140960000,0.547221,0.852228,0.703105,0.923628,0.005300,0.010016,0.383123
1640841521143460096,0.548484,0.854602,0.703147,0.923423,0.005934,0.010077,0.383605
1640841521146469888,0.550005,0.857458,0.703198,0.923175,0.006714,0.010152,0.384187
1640841521148460032,0.551012,0.859345,0.703232,0.923011,0.007235,0.010197,0.384570
1640841521150609920,0.552100,0.861382,0.703268,0.922834,0.007797,0.010241,0.384982
1640841521153479936,0.553553,0.864099,0.703318,0.922600,0.008543,0.010289,0.385526
1640841521155569920,0.554611,0.866077,0.703355,0.922430,0.009082,0.010316,0.385920
1640841521158809856,0.556254,0.869139,0.703412,0.922168,0.009910,0.010348,0.386525
1640841521160699904,0.557212,0.870924,0.703445,0.922015,0.010387,0.010360,0.386875
1640841521163810048,0.558790,0.873859,0.703501,0.921765,0.011164,0.010374,0.387450
1640841521165769728,0.559786,0.875706,0.703536,0.921606,0.011645,0.010381,0.387812
1640841521169299968,0.561580,0.879030,0.703601,0.921319,0.012496,0.010396,0.388468
1640841521170619904,0.562251,0.880272,0.703625,0.921210,0.012808,0.010403,0.388716
1640841521173420032,0.563676,0.882904,0.703677,0.920978,0.013464,0.010423,0.389243
1640841521175649792,0.564812,0.884997,0.703719,0.920792,0.013986,0.010442,0.389664
1640841521178720000,0.566377,0.887876,0.703777,0.920535,0.014716,0.010476,0.390242
1640841521180809984,0.567443,0.889834,0.703817,0.920361,0.015225,0.010503,0.390632
1640841521183419904,0.568776,0.892276,0.703867,0.920144,0.015874,0.010546,0.391116
1640841521185609728,0.569895,0.894322,0.703910,0.919962,0.016427,0.010593,0.391519
1640841521188390144,0.571317,0.896917,0.703965,0.919733,0.017138,0.010672,0.392025
1640841521190909952,0.572608,0.899266,0.704015,0.919526,0.017789,0.010765,0.392479
1640841521193549824,0.573961,0.901724,0.704067,0.919309,0.018479,0.010881,0.392951
1640841521195609856,0.575018,0.903639,0.704109,0.919140,0.019022,0.010980,0.393318
1640841521199669760,0.577104,0.907407,0.704192,0.918805,0.020108,0.011190,0.394039
1640841521200649984,0.577608,0.908316,0.704212,0.918724,0.020374,0.011241,0.394214
1640841521203399936,0.579024,0.910862,0.704270,0.918495,0.021130,0.011387,0.394704
1640841521205590016,0.580152,0.912886,0.704316,0.918311,0.021745,0.011503,0.395095
1640841521208940032,0.581881,0.915978,0.704387,0.918027,0.022713,0.011677,0.395695
1640841521210840064,0.582863,0.917729,0.704428,0.917865,0.023278,0.011772,0.396035
1640841521213469952,0.584223,0.920149,0.704485,0.917640,0.024076,0.011903,0.396505
1640841521215739904,0.585399,0.922234,0.704535,0.917446,0.024772,0.012017,0.396906
1640841521218409984,0.586784,0.924683,0.704594,0.917221,0.025588,0.012157,0.397370
1640841521220819968,0.588035,0.926890,0.704648,0.917022,0.026315,0.012290,0.397778
1640841521223419904,0.589387,0.929267,0.704707,0.916810,0.027091,0.012442,0.398210
1640841521226089984,0.590778,0.931703,0.704768,0.916592,0.027887,0.012600,0.398652
1640841521228659968,0.592118,0.934043,0.704827,0.916379,0.028662,0.012751,0.399081
1640841521230589952,0.593126,0.935798,0.704872,0.916216,0.029255,0.012860,0.399409
1640841521233459968,0.594627,0.938403,0.704940,0.915968,0.030150,0.013016,0.399906
1640841521235549952,0.595722,0.940296,0.704990,0.915786,0.030803,0.013123,0.400270
1640841521238390016,0.597212,0.942864,0.705058,0.915539,0.031677,0.013261,0.400760
1640841521242169856,0.599199,0.946273,0.705151,0.915218,0.032801,0.013431,0.401398
1640841521243759872,0.600037,0.947704,0.705190,0.915084,0.033261,0.013502,0.401662
1640841521246189824,0.601318,0.949888,0.705251,0.914882,0.033952,0.013611,0.402062
1640841521248389888,0.602480,0.951861,0.705306,0.914699,0.034568,0.013715,0.402421
1640841521250680064,0.603692,0.953911,0.705365,0.914509,0.035201,0.013832,0.402793
1640841521253469952,0.605171,0.956403,0.705437,0.914277,0.035967,0.013981,0.403247
1640841521255650048,0.606328,0.958346,0.705493,0.914094,0.036565,0.014100,0.403605
1640841521258619904,0.607908,0.960987,0.705572,0.913839,0.037385,0.014256,0.404101
1640841521260779776,0.609059,0.962903,0.705630,0.913649,0.037990,0.014361,0.404469
1640841521263799808,0.610672,0.965576,0.705711,0.913380,0.038850,0.014501,0.404991
1640841521265600000,0.611635,0.967166,0.705760,0.913219,0.039369,0.014586,0.405300
1640841521268519936,0.613200,0.969739,0.705841,0.912961,0.040221,0.014732,0.405793
1640841521270609920,0.614323,0.971577,0.705900,0.912780,0.040838,0.014850,0.406133
1640841521273579776,0.615921,0.974182,0.705984,0.912529,0.041729,0.015036,0.406600
1640841521275709952,0.617070,0.976045,0.706045,0.912349,0.042379,0.015182,0.406930
1640841521278400000,0.618524,0.978393,0.706122,0.912121,0.043220,0.015379,0.407347
1640841521280619776,0.619727,0.980326,0.706188,0.911928,0.043931,0.015550,0.407695
1640841521283360000,0.621214,0.982705,0.706269,0.911686,0.044830,0.015768,0.408131
1640841521285659904,0.622466,0.984698,0.706338,0.911479,0.045601,0.015952,0.408500
1640841521288529920,0.624030,0.987177,0.706425,0.911218,0.046580,0.016177,0.408963
1640841521291499776,0.625654,0.989734,0.706517,0.910945,0.047608,0.016399,0.409442
1640841521293449984,0.626723,0.991409,0.706577,0.910767,0.048286,0.016541,0.409755
1640841521295640064,0.627926,0.993286,0.706646,0.910566,0.049045,0.016699,0.410103
1640841521298749952,0.629638,0.995943,0.706746,0.910285,0.050111,0.016926,0.410590
1640841521300570112,0.630642,0.997494,0.706804,0.910123,0.050722,0.017062,0.410869
1640841521303459840,0.632240,0.999949,0.706899,0.909868,0.051672,0.017282,0.411305
1640841521305750016,0.633510,1.001890,0.706975,0.909666,0.052407,0.017455,0.411651
1640841521309309952,0.635490,1.004896,0.707094,0.909346,0.053527,0.017705,0.412203
1640841521310609920,0.636215,1.005990,0.707139,0.909226,0.053931,0.017789,0.412411
1640841521313999872,0.638109,1.008836,0.707255,0.908908,0.054974,0.017995,0.412964
1640841521315709952,0.639068,1.010268,0.707315,0.908748,0.055499,0.018095,0.413243
1640841521318379776,0.640567,1.012497,0.707409,0.908500,0.056321,0.018256,0.413670
1640841521320760064,0.641908,1.014477,0.707494,0.908284,0.057062,0.018410,0.414034
1640841521323590144,0.643506,1.016824,0.707596,0.908037,0.057951,0.018609,0.414445
1640841521325700096,0.644701,1.018569,0.707673,0.907856,0.058615,0.018768,0.414740
1640841521328509696,0.646297,1.020885,0.707777,0.907620,0.059498,0.018993,0.415120
1640841521331130112,0.647789,1.023037,0.707875,0.907402,0.060314,0.019216,0.415468
1640841521333489920,0.649137,1.024969,0.707965,0.907207,0.061048,0.019421,0.415778
1640841521335629824,0.650363,1.026716,0.708047,0.907030,0.061717,0.019608,0.416057
1640841521338419968,0.651965,1.028985,0.708156,0.906797,0.062603,0.019844,0.416421
1640841521340659968,0.653255,1.030801,0.708244,0.906608,0.063329,0.020025,0.416713
1640841521343499776,0.654896,1.033095,0.708358,0.906369,0.064269,0.020247,0.417080
1640841521345600000,0.656113,1.034786,0.708443,0.906193,0.064978,0.020411,0.417344
1640841521350819840,0.659150,1.038966,0.708658,0.905768,0.066783,0.020835,0.417959
1640841521351389952,0.659483,1.039421,0.708681,0.905723,0.066983,0.020883,0.418022
1640841521353499904,0.660718,1.041101,0.708770,0.905559,0.067726,0.021066,0.418248
1640841521355639808,0.661973,1.042799,0.708861,0.905395,0.068477,0.021253,0.418472
1640841521358439936,0.663620,1.045013,0.708982,0.905182,0.069450,0.021496,0.418759
1640841521360719872,0.664966,1.046809,0.709081,0.905009,0.070227,0.021689,0.418994
1640841521363909888,0.666855,1.049311,0.709222,0.904767,0.071290,0.021955,0.419323
1640841521365759744,0.667954,1.050756,0.709305,0.904627,0.071897,0.022110,0.419513
1640841521369089792,0.669938,1.053348,0.709456,0.904377,0.072976,0.022398,0.419851
1640841521370909952,0.671027,1.054759,0.709540,0.904241,0.073559,0.022562,0.420033
1640841521373379840,0.672508,1.056667,0.709655,0.904059,0.074344,0.022788,0.420275
1640841521375589888,0.673837,1.058368,0.709758,0.903899,0.075037,0.022991,0.420485
1640841521378520064,0.675606,1.060614,0.709898,0.903692,0.075940,0.023256,0.420753
1640841521380790016,0.676980,1.062346,0.710008,0.903537,0.076626,0.023455,0.420951
1640841521383369984,0.678548,1.064307,0.710134,0.903366,0.077386,0.023672,0.421166
1640841521385919744,0.680102,1.066237,0.710260,0.903203,0.078114,0.023880,0.421369
1640841521388599808,0.681742,1.068257,0.710394,0.903038,0.078847,0.024097,0.421575
1640841521390619904,0.682981,1.069773,0.710496,0.902917,0.079374,0.024260,0.421726
1640841521393440000,0.684718,1.071881,0.710641,0.902752,0.080076,0.024491,0.421933
1640841521395649792,0.686083,1.073525,0.710756,0.902625,0.080614,0.024677,0.422091
1640841521398889984,0.688092,1.075925,0.710927,0.902440,0.081419,0.024957,0.422315
1640841521400620032,0.689169,1.077200,0.711019,0.902342,0.081869,0.025111,0.422429
1640841521403739904,0.691117,1.079490,0.711187,0.902165,0.082710,0.025401,0.422626
1640841521405659904,0.692320,1.080893,0.711292,0.902058,0.083238,0.025587,0.422739
1640841521408399872,0.694042,1.082886,0.711444,0.901910,0.083995,0.025866,0.422888
1640841521410660096,0.695467,1.084523,0.711570,0.901794,0.084614,0.026110,0.422998
1640841521413440000,0.697227,1.086526,0.711728,0.901659,0.085354,0.026427,0.423115
1640841521416009984,0.698860,1.088368,0.711875,0.901546,0.086009,0.026740,0.423205
1640841521420189952,0.701529,1.091345,0.712119,0.901368,0.087068,0.027263,0.423333
1640841521421139968,0.702137,1.092019,0.712175,0.901327,0.087318,0.027379,0.423363
1640841521423499776,0.703653,1.093685,0.712316,0.901220,0.087956,0.027662,0.423440
1640841521425629952,0.705026,1.095183,0.712444,0.901122,0.088545,0.027910,0.423509
1640841521428529920,0.706901,1.097211,0.712620,0.900989,0.089351,0.028238,0.423600
1640841521433879808,0.710381,1.100922,0.712953,0.900760,0.090802,0.028819,0.423740
1640841521434759936,0.710956,1.101528,0.713008,0.900725,0.091036,0.028913,0.423758
1640841521437430016,0.712706,1.103361,0.713178,0.900624,0.091737,0.029193,0.423802
1640841521439049984,0.713770,1.104467,0.713282,0.900567,0.092158,0.029363,0.423819
1640841521440640000,0.714817,1.105550,0.713385,0.900515,0.092568,0.029528,0.423830
1640841521443389952,0.716635,1.107413,0.713565,0.900431,0.093267,0.029812,0.423835
1640841521445859840,0.718273,1.109077,0.713729,0.900361,0.093884,0.030062,0.423830
1640841521448659968,0.720137,1.110953,0.713917,0.900285,0.094565,0.030339,0.423821
1640841521450670080,0.721480,1.112291,0.714053,0.900231,0.095042,0.030531,0.423815
1640841521453469952,0.723358,1.114146,0.714245,0.900157,0.095688,0.030792,0.423807
1640841521455629824,0.724811,1.115568,0.714395,0.900103,0.096171,0.030992,0.423799
1640841521458550016,0.726784,1.117480,0.714600,0.900034,0.096805,0.031263,0.423781
1640841521460579840,0.728160,1.118801,0.714744,0.899991,0.097232,0.031456,0.423761
1640841521463379968,0.730065,1.120613,0.714945,0.899938,0.097803,0.031724,0.423721
1640841521465920000,0.731800,1.122245,0.715130,0.899898,0.098304,0.031965,0.423671
1640841521468449792,0.733535,1.123861,0.715315,0.899867,0.098788,0.032195,0.423608
1640841521470729728,0.735104,1.125309,0.715485,0.899845,0.099210,0.032394,0.423540
1640841521473430016,0.736968,1.127012,0.715688,0.899826,0.099696,0.032618,0.423451
1640841521475790080,0.738605,1.128491,0.715867,0.899811,0.100109,0.032806,0.423369
1640841521478429952,0.740441,1.130135,0.716070,0.899796,0.100559,0.033009,0.423279
1640841521480679936,0.742013,1.131527,0.716245,0.899782,0.100934,0.033178,0.423207
1640841521483559936,0.744031,1.133296,0.716471,0.899760,0.101407,0.033390,0.423124
1640841521486309888,0.745967,1.134973,0.716689,0.899739,0.101867,0.033593,0.423042
1640841521488469760,0.747493,1.136281,0.716863,0.899726,0.102248,0.033755,0.422964
1640841521490629888,0.749024,1.137581,0.717038,0.899719,0.102653,0.033920,0.422868
1640841521493419776,0.751009,1.139249,0.717267,0.899718,0.103204,0.034137,0.422720
1640841521495759872,0.752680,1.140637,0.717461,0.899721,0.103683,0.034322,0.422579
1640841521498669824,0.754767,1.142351,0.717704,0.899731,0.104288,0.034554,0.422391
1640841521501319936,0.756674,1.143899,0.717929,0.899743,0.104839,0.034766,0.422212
1640841521503439872,0.758206,1.145129,0.718110,0.899754,0.105274,0.034935,0.422067
1640841521505669888,0.759823,1.146413,0.718303,0.899766,0.105730,0.035111,0.421912
1640841521508469760,0.761860,1.148014,0.718547,0.899783,0.106310,0.035326,0.421711
1640841521510819840,0.763576,1.149347,0.718754,0.899800,0.106812,0.035501,0.421535
1640841521513600000,0.765615,1.150912,0.719002,0.899822,0.107422,0.035698,0.421316
1640841521515869952,0.767285,1.152179,0.719206,0.899842,0.107929,0.035850,0.421130
1640841521518409984,0.769161,1.153586,0.719437,0.899869,0.108498,0.036011,0.420912
1640841521520629760,0.770807,1.154806,0.719640,0.899896,0.108993,0.036142,0.420716
1640841521523539968,0.772972,1.156393,0.719910,0.899938,0.109629,0.036301,0.420447
1640841521525639936,0.774541,1.157528,0.720106,0.899973,0.110077,0.036408,0.420246
1640841521528780032,0.776895,1.159210,0.720403,0.900034,0.110721,0.036556,0.419932
1640841521531289856,0.778785,1.160542,0.720642,0.900091,0.111211,0.036666,0.419671
1640841521533530112,0.780478,1.161721,0.720858,0.900146,0.111634,0.036759,0.419433
1640841521535609856,0.782055,1.162807,0.721060,0.900199,0.112018,0.036840,0.419209
1640841521538550016,0.784292,1.164329,0.721349,0.900275,0.112554,0.036949,0.418892
1640841521540640000,0.785888,1.165401,0.721556,0.900328,0.112936,0.037023,0.418669
1640841521543539968,0.788111,1.166875,0.721846,0.900402,0.113462,0.037121,0.418360
1640841521546279936,0.790221,1.168254,0.722122,0.900476,0.113946,0.037209,0.418062
1640841521549969920,0.793075,1.170088,0.722499,0.900590,0.114559,0.037323,0.417637
1640841521550720000,0.793657,1.170457,0.722576,0.900616,0.114677,0.037346,0.417547
1640841521553359872,0.795712,1.171750,0.722850,0.900714,0.115078,0.037421,0.417219
1640841521555609856,0.797469,1.172841,0.723085,0.900802,0.115411,0.037478,0.416931
1640841521559320064,0.800379,1.174619,0.723476,0.900952,0.115961,0.037551,0.416448
1640841521560839936,0.801576,1.175340,0.723638,0.901013,0.116192,0.037571,0.416249
1640841521563849984,0.803955,1.176755,0.723962,0.901134,0.116657,0.037599,0.415855
1640841521566030080,0.805684,1.177769,0.724198,0.901222,0.116996,0.037613,0.415566
1640841521569619968,0.808544,1.179418,0.724590,0.901372,0.117544,0.037639,0.415083
1640841521570629888,0.809351,1.179877,0.724702,0.901416,0.117695,0.037648,0.414945
1640841521573369856,0.811548,1.181114,0.725006,0.901536,0.118101,0.037680,0.414566
1640841521575680000,0.813407,1.182145,0.725264,0.901639,0.118442,0.037715,0.414242
1640841521579419904,0.816430,1.183791,0.725686,0.901808,0.119001,0.037794,0.413706
1640841521581619968,0.818216,1.184748,0.725937,0.901907,0.119339,0.037854,0.413387
1640841521583819776,0.820008,1.185694,0.726190,0.902007,0.119684,0.037918,0.413063
1640841521585659904,0.821512,1.186478,0.726403,0.902092,0.119979,0.037968,0.412788
1640841521588389888,0.823750,1.187629,0.726720,0.902220,0.120427,0.038026,0.412372
1640841521590629888,0.825593,1.188563,0.726983,0.902328,0.120803,0.038050,0.412023
1640841521593519872,0.827980,1.189752,0.727325,0.902471,0.121298,0.038053,0.411565
1640841521598759936,0.832335,1.191866,0.727952,0.902733,0.122212,0.038025,0.410721
1640841521599490048,0.832944,1.192157,0.728040,0.902770,0.122340,0.038022,0.410602
1640841521600960000,0.834173,1.192738,0.728219,0.902843,0.122598,0.038016,0.410364
1640841521603719936,0.836488,1.193817,0.728555,0.902981,0.123078,0.038011,0.409918
1640841521605619968,0.838087,1.194551,0.728789,0.903076,0.123402,0.038012,0.409610
1640841521608379904,0.840418,1.195604,0.729130,0.903216,0.123858,0.038018,0.409164
1640841521611160064,0.842775,1.196649,0.729476,0.903359,0.124295,0.038030,0.408714
1640841521613549824,0.844810,1.197535,0.729777,0.903484,0.124651,0.038045,0.408328
1640841521615680000,0.846629,1.198315,0.730046,0.903598,0.124955,0.038057,0.407981
1640841521619809792,0.850173,1.199800,0.730573,0.903826,0.125532,0.038061,0.407298
1640841521621569792,0.851690,1.200423,0.730799,0.903926,0.125778,0.038051,0.407000
1640841521623409920,0.853280,1.201067,0.731037,0.904033,0.126036,0.038035,0.406685
1640841521625870080,0.855413,1.201917,0.731357,0.904177,0.126379,0.038012,0.406259
1640841521628499968,0.857701,1.202812,0.731701,0.904333,0.126740,0.037996,0.405802
1640841521633199872,0.861813,1.204376,0.732323,0.904611,0.127370,0.038008,0.404983
1640841521633779968,0.862322,1.204566,0.732400,0.904646,0.127446,0.038013,0.404881
1640841521637159936,0.865299,1.205658,0.732853,0.904848,0.127889,0.038051,0.404285
1640841521639559936,0.867422,1.206420,0.733177,0.904995,0.128202,0.038086,0.403855
1640841521640640000,0.868380,1.206758,0.733323,0.905061,0.128343,0.038103,0.403659
1640841521643399936,0.870834,1.207613,0.733700,0.905233,0.128704,0.038149,0.403153
1640841521645629952,0.872824,1.208292,0.734006,0.905375,0.128997,0.038186,0.402739
1640841521648460032,0.875360,1.209138,0.734396,0.905555,0.129373,0.038230,0.402207
1640841521650669824,0.877347,1.209788,0.734704,0.905698,0.129671,0.038260,0.401787
1640841521653389824,0.879801,1.210573,0.735084,0.905874,0.130044,0.038292,0.401266
1640841521655739904,0.881929,1.211239,0.735415,0.906026,0.130371,0.038318,0.400813
1640841521658429952,0.884374,1.211988,0.735796,0.906199,0.130754,0.038347,0.400294
1640841521660669952,0.886418,1.212599,0.736115,0.906342,0.131079,0.038374,0.399863
1640841521663429888,0.888945,1.213338,0.736511,0.906517,0.131484,0.038411,0.399329
1640841521665720064,0.891049,1.213939,0.736842,0.906664,0.131821,0.038445,0.398881
1640841521668419840,0.893538,1.214634,0.737234,0.906842,0.132213,0.038488,0.398343
1640841521670980096,0.895908,1.215278,0.737608,0.907017,0.132574,0.038531,0.397818
1640841521673539840,0.898286,1.215908,0.737985,0.907198,0.132924,0.038575,0.397284
1640841521675750144,0.900347,1.216442,0.738312,0.907356,0.133218,0.038611,0.396821
1640841521678429952,0.902854,1.217074,0.738711,0.907546,0.133566,0.038651,0.396265
1640841521680640000,0.904928,1.217585,0.739042,0.907700,0.133845,0.038678,0.395816
1640841521683449856,0.907575,1.218219,0.739465,0.907892,0.134189,0.038709,0.395255
1640841521685609728,0.909617,1.218695,0.739792,0.908040,0.134442,0.038733,0.394827
1640841521689440000,0.913253,1.219514,0.740376,0.908306,0.134862,0.038784,0.394067
1640841521691309824,0.915036,1.219903,0.740663,0.908439,0.135052,0.038816,0.393691
1640841521693889792,0.917503,1.220428,0.741061,0.908627,0.135299,0.038864,0.393167
1640841521695619840,0.919162,1.220772,0.741329,0.908756,0.135455,0.038898,0.392813
1640841521698690048,0.922116,1.221366,0.741808,0.908988,0.135715,0.038958,0.392179
1640841521700700160,0.924057,1.221744,0.742123,0.909143,0.135875,0.038995,0.391760
1640841521703419904,0.926693,1.222243,0.742552,0.909355,0.136081,0.039040,0.391191
1640841521705839872,0.929046,1.222673,0.742935,0.909545,0.136256,0.039076,0.390684
1640841521708519936,0.931661,1.223135,0.743363,0.909756,0.136443,0.039114,0.390125
1640841521710660096,0.933756,1.223493,0.743705,0.909923,0.136589,0.039143,0.389681
1640841521713409792,0.936458,1.223938,0.744148,0.910136,0.136778,0.039183,0.389113
1640841521715680000,0.938695,1.224294,0.744516,0.910310,0.136941,0.039226,0.388643
1640841521718659840,0.941643,1.224745,0.745001,0.910537,0.137176,0.039305,0.388020
1640841521720699904,0.943669,1.225042,0.745335,0.910692,0.137353,0.039377,0.387588
1640841521723699712,0.946657,1.225463,0.745829,0.910919,0.137633,0.039501,0.386942
1640841521725649920,0.948606,1.225727,0.746151,0.911067,0.137823,0.039585,0.386517
1640841521728499968,0.951464,1.226098,0.746625,0.911286,0.138103,0.039701,0.385887
1640841521730690048,0.953668,1.226371,0.746991,0.911458,0.138315,0.039777,0.385397
1640841521733440000,0.956444,1.226699,0.747452,0.911677,0.138574,0.039858,0.384777
1640841521735919872,0.958956,1.226982,0.747871,0.911876,0.138796,0.039925,0.384219
1640841521738899968,0.961987,1.227304,0.748376,0.912114,0.139045,0.040013,0.383554
1640841521740839936,0.963966,1.227504,0.748707,0.912267,0.139195,0.040081,0.383127
1640841521743579904,0.966770,1.227772,0.749176,0.912483,0.139390,0.040190,0.382532
1640841521745639936,0.968885,1.227964,0.749531,0.912645,0.139524,0.040274,0.382086
1640841521748469760,0.971799,1.228212,0.750020,0.912873,0.139691,0.040382,0.381468
1640841521750629888,0.974032,1.228390,0.750395,0.913052,0.139806,0.040454,0.380991
1640841521753629952,0.977143,1.228621,0.750919,0.913306,0.139952,0.040543,0.380319
1640841521755759872,0.979359,1.228773,0.751293,0.913489,0.140046,0.040603,0.379839
1640841521758550016,0.982271,1.228959,0.751784,0.913730,0.140160,0.040682,0.379206
1640841521760669952,0.984491,1.229088,0.752160,0.913914,0.140242,0.040747,0.378725
1640841521765440000,0.989508,1.229345,0.753009,0.914326,0.140404,0.040913,0.377651
1640841521765910016,0.990004,1.229368,0.753093,0.914367,0.140418,0.040931,0.377546
1640841521768750080,0.993008,1.229496,0.753603,0.914608,0.140492,0.041045,0.376921
1640841521770850048,0.995237,1.229579,0.753982,0.914785,0.140535,0.041137,0.376467
1640841521773459968,0.998015,1.229670,0.754454,0.915002,0.140577,0.041260,0.375908
1640841521775689728,1.000395,1.229736,0.754859,0.915189,0.140609,0.041372,0.375428
1640841521778409984,1.003309,1.229803,0.755356,0.915420,0.140649,0.041518,0.374833
1640841521780659968,1.005726,1.229846,0.755769,0.915616,0.140687,0.041645,0.374326
1640841521783520000,1.008809,1.229886,0.756295,0.915871,0.140745,0.041814,0.373662
1640841521785910016,1.011394,1.229907,0.756738,0.916085,0.140799,0.041956,0.373099
1640841521788529920,1.014237,1.229915,0.757224,0.916319,0.140860,0.042109,0.372485
1640841521790710016,1.016609,1.229912,0.757631,0.916510,0.140912,0.042232,0.371982
1640841521793599744,1.019764,1.229891,0.758172,0.916758,0.140977,0.042390,0.371326
1640841521795640064,1.021998,1.229867,0.758556,0.916932,0.141019,0.042502,0.370868
1640841521799150080,1.025855,1.229804,0.759219,0.917231,0.141078,0.042704,0.370082
1640841521800629760,1.027486,1.229770,0.759500,0.917358,0.141097,0.042795,0.369750
1640841521803459840,1.030614,1.229692,0.760038,0.917602,0.141123,0.042976,0.369111
1640841521805639936,1.033031,1.229621,0.760455,0.917793,0.141135,0.043119,0.368616
1640841521808419840,1.036122,1.229516,0.760989,0.918039,0.141141,0.043299,0.367979
1640841521810649856,1.038610,1.229421,0.761418,0.918240,0.141139,0.043440,0.367462
1640841521813400064,1.041687,1.229289,0.761950,0.918490,0.141126,0.043607,0.366821
1640841521815680000,1.044245,1.229168,0.762393,0.918699,0.141101,0.043742,0.366291
1640841521818569984,1.047499,1.228999,0.762956,0.918965,0.141045,0.043911,0.365625
1640841521821110016,1.050367,1.228836,0.763453,0.919198,0.140968,0.044062,0.365051
1640841521823379968,1.052939,1.228680,0.763900,0.919405,0.140879,0.044199,0.364547
1640841521825700096,1.055574,1.228510,0.764357,0.919616,0.140773,0.044343,0.364037
1640841521828419840,1.058672,1.228296,0.764896,0.919863,0.140634,0.044521,0.363445
1640841521830799872,1.061391,1.228097,0.765368,0.920078,0.140504,0.044685,0.362930
1640841521833829888,1.064864,1.227826,0.765973,0.920352,0.140329,0.044904,0.362276
1640841521835879936,1.067221,1.227633,0.766384,0.920538,0.140202,0.045055,0.361833
1640841521838899968,1.070704,1.227333,0.766991,0.920815,0.139996,0.045274,0.361181
1640841521840899840,1.073016,1.227124,0.767395,0.921000,0.139844,0.045412,0.360749
1640841521843379968,1.075892,1.226854,0.767897,0.921233,0.139638,0.045574,0.360213
1640841521845759744,1.078659,1.226584,0.768381,0.921457,0.139431,0.045727,0.359702
1640841521848470016,1.081819,1.226262,0.768933,0.921708,0.139196,0.045903,0.359127
1640841521851040000,1.084825,1.225943,0.769460,0.921940,0.138983,0.046080,0.358591
1640841521853369856,1.087557,1.225643,0.769939,0.922147,0.138794,0.046251,0.358109
1640841521855899904,1.090533,1.225305,0.770460,0.922370,0.138592,0.046449,0.357588
1640841521858599936,1.093717,1.224930,0.771020,0.922608,0.138373,0.046678,0.357029
1640841521860600064,1.096082,1.224644,0.771435,0.922785,0.138205,0.046861,0.356610
1640841521863479808,1.099497,1.224217,0.772036,0.923044,0.137958,0.047137,0.356000
1640841521867640064,1.104449,1.223573,0.772908,0.923416,0.137600,0.047539,0.355118
1640841521868480000,1.105452,1.223439,0.773084,0.923491,0.137529,0.047618,0.354941
1640841521870649856,1.108046,1.223086,0.773542,0.923681,0.137350,0.047812,0.354488
1640841521875409920,1.113758,1.222280,0.774551,0.924090,0.136972,0.048192,0.353516
1640841521875939840,1.114396,1.222188,0.774663,0.924135,0.136929,0.048232,0.353410
1640841521878399744,1.117362,1.221752,0.775188,0.924343,0.136724,0.048412,0.352922
1640841521880699904,1.120141,1.221334,0.775680,0.924536,0.136518,0.048576,0.352472
1640841521883980032,1.124117,1.220721,0.776385,0.924811,0.136202,0.048807,0.351840
1640841521885639936,1.126134,1.220402,0.776743,0.924951,0.136031,0.048921,0.351523
1640841521888429824,1.129532,1.219856,0.777346,0.925187,0.135729,0.049109,0.350991
1640841521890699776,1.132304,1.219401,0.777839,0.925382,0.135468,0.049258,0.350557
1640841521893549824,1.135794,1.218816,0.778460,0.925629,0.135125,0.049436,0.350012
1640841521895639808,1.138359,1.218377,0.778918,0.925812,0.134862,0.049557,0.349613
1640841521898639872,1.142051,1.217734,0.779576,0.926075,0.134470,0.049709,0.349045
1640841521900780032,1.144692,1.217265,0.780048,0.926262,0.134181,0.049798,0.348646
1640841521903499776,1.148056,1.216656,0.780650,0.926500,0.133801,0.049891,0.348145
1640841521905730048,1.150821,1.216148,0.781145,0.926695,0.133477,0.049958,0.347742
1640841521908470016,1.154227,1.215510,0.781756,0.926932,0.133060,0.050039,0.347257
1640841521910709760,1.157018,1.214979,0.782257,0.927125,0.132702,0.050113,0.346869
1640841521913499904,1.160503,1.214305,0.782884,0.927364,0.132234,0.050214,0.346394
1640841521915619840,1.163158,1.213784,0.783361,0.927545,0.131864,0.050292,0.346038
1640841521918599936,1.166899,1.213037,0.784036,0.927801,0.131326,0.050396,0.345541
1640841521920709888,1.169554,1.212500,0.784515,0.927984,0.130934,0.050460,0.345188
1640841521923800064,1.173452,1.211698,0.785220,0.928255,0.130346,0.050538,0.344671
1640841521925849856,1.176044,1.211157,0.785689,0.928435,0.129950,0.050581,0.344330
1640841521928359936,1.179224,1.210485,0.786266,0.928655,0.129460,0.050628,0.343914
1640841521930739968,1.182247,1.209837,0.786814,0.928862,0.128993,0.050667,0.343525
1640841521933420032,1.185659,1.209097,0.787435,0.929093,0.128463,0.050708,0.343092
1640841521935670016,1.188530,1.208465,0.787957,0.929285,0.128014,0.050742,0.342734
1640841521938469888,1.192111,1.207668,0.788610,0.929523,0.127450,0.050785,0.342293
1640841521941649920,1.196189,1.206747,0.789355,0.929790,0.126803,0.050841,0.341800
1640841521943369984,1.198399,1.206241,0.789760,0.929933,0.126450,0.050874,0.341537
1640841521946129920,1.201954,1.205420,0.790411,0.930161,0.125882,0.050930,0.341115
1640841521948389888,1.204870,1.204739,0.790946,0.930348,0.125418,0.050979,0.340771
1640841521950639872,1.207780,1.204052,0.791481,0.930533,0.124959,0.051031,0.340427
1640841521953389824,1.211344,1.203201,0.792137,0.930758,0.124403,0.051096,0.340003
1640841521955669760,1.214305,1.202487,0.792683,0.930946,0.123945,0.051143,0.339650
1640841521958400000,1.217859,1.201620,0.793340,0.931171,0.123393,0.051182,0.339227
1640841521960739840,1.220911,1.200868,0.793905,0.931365,0.122914,0.051190,0.338866
1640841521966689792,1.228699,1.198917,0.795350,0.931859,0.121649,0.051130,0.337972
1640841521967299840,1.229500,1.198714,0.795499,0.931909,0.121514,0.051121,0.337884
1640841521968439808,1.230997,1.198333,0.795777,0.932003,0.121258,0.051104,0.337722
1640841521970710016,1.233983,1.197568,0.796334,0.932186,0.120735,0.051070,0.337408
1640841521973409792,1.237541,1.196649,0.796998,0.932402,0.120090,0.051031,0.337047
1640841521975739904,1.240619,1.195846,0.797574,0.932588,0.119516,0.050993,0.336741
1640841521979849728,1.246060,1.194410,0.798594,0.932923,0.118466,0.050909,0.336198
1640841521980779776,1.247294,1.194082,0.798825,0.933000,0.118223,0.050885,0.336073
1640841521983389952,1.250762,1.193154,0.799477,0.933220,0.117527,0.050810,0.335718
1640841521985629952,1.253743,1.192349,0.800039,0.933410,0.116912,0.050736,0.335415
1640841521988469760,1.257531,1.191318,0.800754,0.933653,0.116107,0.050631,0.335035
1640841521990929920,1.260818,1.190416,0.801375,0.933863,0.115382,0.050531,0.334715
1640841521994429952,1.265506,1.189118,0.802264,0.934158,0.114307,0.050375,0.334283
1640841521996039936,1.267666,1.188515,0.802674,0.934293,0.113798,0.050299,0.334091
1640841522000499968,1.273665,1.186825,0.803815,0.934665,0.112370,0.050075,0.333568
1640841522002799872,1.276766,1.185943,0.804407,0.934856,0.111628,0.049957,0.333300
1640841522007389952,1.282970,1.184160,0.805594,0.935235,0.110128,0.049736,0.332766
1640841522008199936,1.284066,1.183843,0.805804,0.935302,0.109859,0.049701,0.332672
1640841522008689920,1.284730,1.183650,0.805931,0.935343,0.109697,0.049680,0.332615
1640841522011520000,1.288569,1.182532,0.806668,0.935576,0.108746,0.049575,0.332287
1640841522013440000,1.291177,1.181767,0.807170,0.935734,0.108095,0.049511,0.332064
1640841522015659776,1.294198,1.180877,0.807752,0.935916,0.107338,0.049439,0.331808
1640841522018759936,1.298423,1.179623,0.808568,0.936169,0.106281,0.049325,0.331450
1640841522020679936,1.301045,1.178840,0.809075,0.936325,0.105630,0.049241,0.331228
1640841522023429888,1.304805,1.177710,0.809803,0.936548,0.104705,0.049105,0.330912
1640841522025920000,1.308216,1.176678,0.810465,0.936749,0.103876,0.048979,0.330625
1640841522029609984,1.313281,1.175135,0.811451,0.937041,0.102665,0.048812,0.330199
1640841522030739968,1.314834,1.174659,0.811754,0.937129,0.102299,0.048768,0.330068
1640841522033459968,1.318578,1.173506,0.812485,0.937340,0.101430,0.048675,0.329752
1640841522035630080,1.321569,1.172580,0.813070,0.937507,0.100748,0.048605,0.329498
1640841522038419968,1.325421,1.171381,0.813824,0.937719,0.099890,0.048510,0.329168
1640841522040679936,1.328545,1.170403,0.814438,0.937891,0.099210,0.048423,0.328898
1640841522043910144,1.333019,1.168994,0.815318,0.938134,0.098256,0.048282,0.328510
1640841522045729792,1.335543,1.168194,0.815816,0.938271,0.097723,0.048194,0.328292
1640841522048569856,1.339488,1.166939,0.816595,0.938482,0.096890,0.048044,0.327957
1640841522050690048,1.342436,1.165996,0.817179,0.938638,0.096263,0.047924,0.327712
1640841522053409792,1.346224,1.164778,0.817930,0.938837,0.095449,0.047760,0.327403
1640841522055680000,1.349391,1.163755,0.818559,0.939003,0.094760,0.047615,0.327150
1640841522058599936,1.353469,1.162430,0.819370,0.939216,0.093862,0.047420,0.326825
1640841522060889856,1.356672,1.161385,0.820009,0.939384,0.093147,0.047260,0.326570
1640841522063449856,1.360257,1.160209,0.820726,0.939573,0.092336,0.047075,0.326282
1640841522065899776,1.363693,1.159077,0.821414,0.939756,0.091551,0.046890,0.326004
1640841522068429824,1.367246,1.157901,0.822127,0.939946,0.090732,0.046689,0.325713
1640841522071419904,1.371450,1.156503,0.822972,0.940173,0.089753,0.046438,0.325366
1640841522073880064,1.374914,1.155345,0.823671,0.940359,0.088942,0.046220,0.325080
1640841522075869952,1.377719,1.154403,0.824237,0.940509,0.088283,0.046040,0.324851
1640841522078519808,1.381458,1.153143,0.824993,0.940706,0.087403,0.045793,0.324554
1640841522081090048,1.385090,1.151914,0.825730,0.940894,0.086548,0.045551,0.324275
1640841522083379968,1.388329,1.150813,0.826388,0.941058,0.085786,0.045336,0.324029
1640841522086339840,1.392521,1.149383,0.827241,0.941270,0.084803,0.045065,0.323709
1640841522088440064,1.395499,1.148362,0.827849,0.941422,0.084107,0.044882,0.323476
1640841522091300096,1.399559,1.146965,0.828679,0.941630,0.083164,0.044649,0.323145
1640841522093359872,1.402486,1.145955,0.829278,0.941782,0.082488,0.044489,0.322899
1640841522095599872,1.405672,1.144851,0.829932,0.941946,0.081756,0.044313,0.322630
1640841522098559744,1.409887,1.143384,0.830799,0.942160,0.080793,0.044067,0.322281
1640841522101189888,1.413637,1.142075,0.831572,0.942345,0.079942,0.043825,0.321985
1640841522103419904,1.416820,1.140959,0.832229,0.942499,0.079226,0.043603,0.321741
1640841522106619904,1.421391,1.139350,0.833176,0.942719,0.078209,0.043271,0.321392
1640841522108439808,1.423994,1.138431,0.833716,0.942844,0.077639,0.043083,0.321186
1640841522110699776,1.427229,1.137285,0.834388,0.943003,0.076940,0.042852,0.320921
1640841522113420032,1.431126,1.135901,0.835200,0.943195,0.076110,0.042577,0.320591
1640841522115739904,1.434453,1.134714,0.835895,0.943358,0.075408,0.042344,0.320305
1640841522118479872,1.438386,1.133307,0.836718,0.943550,0.074584,0.042067,0.319969
1640841522120849920,1.441791,1.132085,0.837432,0.943714,0.073874,0.041823,0.319684
1640841522123559936,1.445688,1.130682,0.838251,0.943898,0.073063,0.041536,0.319363
1640841522125969920,1.449157,1.129429,0.838981,0.944062,0.072345,0.041270,0.319078
1640841522128499968,1.452802,1.128108,0.839751,0.944234,0.071594,0.040976,0.318775
1640841522130720000,1.456003,1.126945,0.840428,0.944387,0.070936,0.040705,0.318505
1640841522133479936,1.459986,1.125494,0.841272,0.944578,0.070112,0.040355,0.318165
1640841522135729920,1.463236,1.124307,0.841963,0.944734,0.069429,0.040062,0.317889
1640841522138469888,1.467196,1.122855,0.842806,0.944923,0.068575,0.039702,0.317557
1640841522141159936,1.471088,1.121425,0.843637,0.945107,0.067705,0.039348,0.317239
1640841522143379968,1.474302,1.120240,0.844324,0.945258,0.066971,0.039056,0.316981
1640841522146819840,1.479287,1.118397,0.845393,0.945491,0.065828,0.038599,0.316580
1640841522148399872,1.481579,1.117548,0.845886,0.945599,0.065310,0.038387,0.316392
1640841522150769920,1.485018,1.116270,0.846627,0.945761,0.064549,0.038063,0.316104
1640841522155089920,1.491293,1.113932,0.847982,0.946056,0.063189,0.037470,0.315564
1640841522156100096,1.492762,1.113383,0.848300,0.946125,0.062872,0.037332,0.315437
1640841522158589952,1.496383,1.112028,0.849085,0.946294,0.062084,0.036999,0.315125
1640841522160759808,1.499541,1.110843,0.849771,0.946440,0.061386,0.036716,0.314857
1640841522163810048,1.503983,1.109173,0.850739,0.946643,0.060398,0.036327,0.314483
1640841522165689856,1.506723,1.108140,0.851337,0.946766,0.059794,0.036090,0.314254
1640841522168419840,1.510704,1.106637,0.852207,0.946944,0.058936,0.035744,0.313921
1640841522170769920,1.514134,1.105339,0.852959,0.947094,0.058225,0.035442,0.313633
1640841522173449984,1.518047,1.103855,0.853819,0.947264,0.057455,0.035092,0.313301
1640841522175729920,1.521379,1.102589,0.854552,0.947408,0.056824,0.034799,0.313015
1640841522178579712,1.525546,1.101002,0.855472,0.947587,0.056054,0.034453,0.312650
1640841522181249792,1.529452,1.099510,0.856336,0.947755,0.055336,0.034165,0.312299
1640841522183409920,1.532614,1.098301,0.857037,0.947891,0.054755,0.033957,0.312011
1640841522185880064,1.536232,1.096915,0.857841,0.948046,0.054097,0.033730,0.311680
1640841522189779968,1.541949,1.094719,0.859115,0.948284,0.053093,0.033353,0.311168
1640841522190919936,1.543620,1.094076,0.859488,0.948352,0.052811,0.033232,0.311022
1640841522193869824,1.547949,1.092408,0.860457,0.948526,0.052098,0.032905,0.310647
1640841522195680000,1.550606,1.091383,0.861053,0.948632,0.051672,0.032700,0.310416
1640841522198520064,1.554777,1.089771,0.861990,0.948799,0.051015,0.032380,0.310048
1640841522204519936,1.563597,1.086351,0.863979,0.949159,0.049657,0.031744,0.309230
1640841522205299968,1.564744,1.085905,0.864239,0.949206,0.049485,0.031663,0.309121
1640841522205890048,1.565612,1.085568,0.864436,0.949242,0.049355,0.031601,0.309038
1640841522208439808,1.569364,1.084108,0.865286,0.949396,0.048804,0.031328,0.308680
1640841522210779904,1.572809,1.082766,0.866069,0.949537,0.048310,0.031067,0.308352
1640841522213440000,1.576727,1.081237,0.866962,0.949695,0.047756,0.030760,0.307980
1640841522216169728,1.580749,1.079665,0.867880,0.949858,0.047190,0.030437,0.307598
1640841522218599936,1.584332,1.078263,0.868700,0.950003,0.046682,0.030144,0.307257
1640841522220809984,1.587590,1.076986,0.869448,0.950135,0.046213,0.029877,0.306946
1640841522223449856,1.591485,1.075458,0.870343,0.950292,0.045643,0.029554,0.306574
1640841522225769984,1.594908,1.074113,0.871132,0.950431,0.045134,0.029267,0.306247
1640841522228940032,1.599588,1.072272,0.872214,0.950619,0.044430,0.028867,0.305804
1640841522230729728,1.602231,1.071231,0.872826,0.950725,0.044029,0.028638,0.305555
1640841522233989888,1.607047,1.069332,0.873944,0.950917,0.043287,0.028215,0.305101
1640841522235950080,1.609943,1.068188,0.874618,0.951033,0.042834,0.027960,0.304826
1640841522238720000,1.614038,1.066570,0.875573,0.951199,0.042182,0.027600,0.304434
1640841522240769792,1.617068,1.065371,0.876281,0.951322,0.041691,0.027335,0.304140
1640841522243379712,1.620928,1.063843,0.877186,0.951480,0.041061,0.027000,0.303761
1640841522245769984,1.624464,1.062442,0.878016,0.951624,0.040483,0.026697,0.303414
1640841522248440064,1.628414,1.060874,0.878946,0.951784,0.039844,0.026360,0.303027
1640841522251520000,1.632972,1.059064,0.880022,0.951964,0.039125,0.025977,0.302586
1640841522253430016,1.635799,1.057940,0.880691,0.952075,0.038688,0.025743,0.302314
1640841522255859968,1.639397,1.056508,0.881544,0.952215,0.038136,0.025450,0.301967
1640841522258400000,1.643158,1.055011,0.882438,0.952362,0.037561,0.025153,0.301599
1640841522260740096,1.646623,1.053629,0.883264,0.952500,0.037029,0.024888,0.301254
1640841522263799808,1.651155,1.051822,0.884347,0.952682,0.036329,0.024555,0.300790
1640841522266919936,1.655777,1.049976,0.885455,0.952869,0.035620,0.024222,0.300307
1640841522269280000,1.659273,1.048579,0.886295,0.953012,0.035097,0.023971,0.299937
1640841522270899968,1.661673,1.047619,0.886873,0.953109,0.034747,0.023796,0.299682
1640841522273440000,1.665436,1.046114,0.887781,0.953261,0.034221,0.023514,0.299282
1640841522275749888,1.668859,1.044744,0.888609,0.953397,0.033770,0.023246,0.298921
1640841522278409984,1.672801,1.043165,0.889565,0.953550,0.033292,0.022920,0.298509
1640841522281139968,1.676845,1.041543,0.890549,0.953705,0.032835,0.022569,0.298091
1640841522283719936,1.680669,1.040009,0.891481,0.953853,0.032387,0.022240,0.297693
1640841522285670144,1.683558,1.038850,0.892187,0.953966,0.032019,0.022002,0.297387
1640841522288630016,1.687943,1.037088,0.893262,0.954141,0.031435,0.021649,0.296915
1640841522290860032,1.691247,1.035761,0.894073,0.954273,0.030994,0.021379,0.296555
1640841522293429760,1.695054,1.034230,0.895011,0.954426,0.030502,0.021059,0.296137
1640841522295709952,1.698431,1.032872,0.895845,0.954561,0.030072,0.020767,0.295766
1640841522300249856,1.705155,1.030166,0.897511,0.954825,0.029213,0.020176,0.295039
1640841522302479872,1.708457,1.028836,0.898332,0.954953,0.028779,0.019883,0.294689
1640841522304039936,1.710766,1.027906,0.898908,0.955041,0.028469,0.019675,0.294446
1640841522305719808,1.713253,1.026904,0.899528,0.955137,0.028130,0.019447,0.294184
1640841522308489984,1.717353,1.025251,0.900554,0.955295,0.027558,0.019056,0.293748
1640841522310809856,1.720785,1.023867,0.901415,0.955431,0.027068,0.018712,0.293376
1640841522313459968,1.724705,1.022285,0.902401,0.955588,0.026501,0.018304,0.292941
1640841522316049920,1.728535,1.020740,0.903368,0.955742,0.025948,0.017905,0.292512
1640841522318929920,1.732793,1.019021,0.904445,0.955912,0.025347,0.017481,0.292034
1640841522320699904,1.735409,1.017965,0.905109,0.956015,0.024990,0.017239,0.291743
1640841522323419904,1.739428,1.016341,0.906131,0.956169,0.024467,0.016904,0.291300
1640841522325760000,1.742884,1.014945,0.907012,0.956300,0.024030,0.016638,0.290922
1640841522328539904,1.746988,1.013286,0.908061,0.956456,0.023510,0.016323,0.290468
1640841522332130048,1.752286,1.011145,0.909421,0.956663,0.022815,0.015885,0.289869
1640841522333649920,1.754527,1.010238,0.909998,0.956751,0.022516,0.015690,0.289612
1640841522337839872,1.760704,1.007740,0.911593,0.956992,0.021702,0.015136,0.288906
1640841522338939904,1.762325,1.007084,0.912012,0.957054,0.021493,0.014989,0.288723
1640841522340709888,1.764932,1.006030,0.912689,0.957153,0.021166,0.014752,0.288432
1640841522343379968,1.768864,1.004439,0.913711,0.957300,0.020688,0.014397,0.287996
1640841522347389952,1.774763,1.002052,0.915251,0.957521,0.019999,0.013868,0.287334
1640841522348640000,1.776601,1.001308,0.915732,0.957591,0.019790,0.013705,0.287123
1640841522350809856,1.779791,1.000017,0.916569,0.957715,0.019430,0.013423,0.286747
1640841522353479936,1.783713,0.998429,0.917600,0.957871,0.018994,0.013077,0.286272
1640841522355699968,1.786972,0.997110,0.918460,0.958002,0.018637,0.012787,0.285870
1640841522358369792,1.790889,0.995524,0.919497,0.958159,0.018215,0.012431,0.285386
1640841522360849920,1.794525,0.994052,0.920462,0.958303,0.017828,0.012091,0.284940
1640841522363430144,1.798305,0.992522,0.921468,0.958452,0.017427,0.011727,0.284481
1640841522365739776,1.801686,0.991153,0.922371,0.958583,0.017064,0.011394,0.284073
1640841522368689920,1.806002,0.989406,0.923526,0.958750,0.016587,0.010961,0.283555
1640841522370739968,1.808998,0.988192,0.924331,0.958865,0.016243,0.010657,0.283195
1640841522374099968,1.813905,0.986206,0.925654,0.959054,0.015653,0.010152,0.282607
1640841522375699968,1.816240,0.985261,0.926285,0.959144,0.015363,0.009909,0.282326
1640841522378659840,1.820557,0.983514,0.927455,0.959311,0.014813,0.009455,0.281804
1640841522380709888,1.823543,0.982305,0.928267,0.959427,0.014423,0.009137,0.281441
1640841522383849984,1.828114,0.980455,0.929514,0.959604,0.013816,0.008643,0.280883
1640841522385700096,1.830804,0.979367,0.930251,0.959707,0.013454,0.008347,0.280555
1640841522388569856,1.834974,0.977679,0.931395,0.959867,0.012890,0.007883,0.280049
1640841522390699776,1.838067,0.976429,0.932247,0.959984,0.012471,0.007533,0.279677
1640841522393369856,1.841939,0.974862,0.933317,0.960129,0.011948,0.007088,0.279213
1640841522395649792,1.845243,0.973526,0.934232,0.960252,0.011510,0.006705,0.278818
1640841522399040000,1.850149,0.971543,0.935597,0.960433,0.010876,0.006132,0.278230
1640841522400780032,1.852665,0.970526,0.936299,0.960527,0.010563,0.005837,0.277926
1640841522403389952,1.856435,0.969002,0.937354,0.960667,0.010106,0.005397,0.277467
1640841522405750016,1.859840,0.967626,0.938310,0.960794,0.009701,0.005006,0.277050
1640841522408379904,1.863631,0.966095,0.939378,0.960935,0.009252,0.004584,0.276583
1640841522410849792,1.867187,0.964658,0.940384,0.961067,0.008829,0.004202,0.276144
1640841522413410048,1.870869,0.963172,0.941428,0.961203,0.008390,0.003816,0.275687
1640841522415859968,1.874388,0.961751,0.942430,0.961333,0.007974,0.003448,0.275251
1640841522419859968,1.880126,0.959436,0.944071,0.961544,0.007308,0.002832,0.274538
1640841522420679680,1.881300,0.958962,0.944408,0.961587,0.007174,0.002702,0.274393
1640841522423569920,1.885437,0.957293,0.945598,0.961738,0.006709,0.002228,0.273879
1640841522425859840,1.888711,0.955973,0.946543,0.961857,0.006343,0.001839,0.273472
1640841522428419840,1.892367,0.954499,0.947602,0.961990,0.005932,0.001391,0.273015
1640841522430749952,1.895690,0.953160,0.948568,0.962112,0.005549,0.000973,0.272598
1640841522433430016,1.899507,0.951622,0.949682,0.962251,0.005099,0.000484,0.272117
1640841522435770112,1.902836,0.950282,0.950657,0.962371,0.004697,0.000056,0.271698
1640841522438380032,1.906544,0.948789,0.951747,0.962503,0.004241,-0.000416,0.271236
1640841522440699904,1.909835,0.947464,0.952718,0.962619,0.003830,-0.000825,0.270832
1640841522443399936,1.913661,0.945925,0.953852,0.962750,0.003345,-0.001296,0.270368
1640841522445959936,1.917284,0.944468,0.954929,0.962874,0.002877,-0.001748,0.269931
1640841522448719872,1.921183,0.942900,0.956093,0.963006,0.002361,-0.002252,0.269458
1640841522450680064,1.923949,0.941789,0.956921,0.963101,0.001988,-0.002629,0.269120
1640841522453500160,1.927922,0.940192,0.958116,0.963238,0.001440,-0.003197,0.268626
1640841522455680000,1.930990,0.938961,0.959043,0.963344,0.001012,-0.003641,0.268242
1640841522460099840,1.937197,0.936469,0.960927,0.963558,0.000141,-0.004501,0.267463
1640841522460969984,1.938417,0.935979,0.961298,0.963599,-0.000030,-0.004660,0.267310
1640841522463399936,1.941821,0.934613,0.962339,0.963715,-0.000506,-0.005093,0.266885
1640841522466009856,1.945472,0.933149,0.963459,0.963838,-0.001017,-0.005545,0.266430
1640841522468410112,1.948824,0.931805,0.964492,0.963949,-0.001487,-0.005958,0.266015
1640841522470680064,1.951990,0.930537,0.965471,0.964054,-0.001931,-0.006351,0.265624
1640841522473469952,1.955874,0.928980,0.966678,0.964181,-0.002469,-0.006840,0.265145
1640841522475940096,1.959308,0.927605,0.967749,0.964293,-0.002928,-0.007275,0.264720
1640841522478589952,1.962986,0.926132,0.968901,0.964414,-0.003393,-0.007742,0.264260
1640841522480679936,1.965883,0.924973,0.969812,0.964510,-0.003736,-0.008111,0.263894
1640841522483369728,1.969605,0.923484,0.970988,0.964634,-0.004152,-0.008585,0.263419
1640841522485679872,1.972796,0.922208,0.972001,0.964741,-0.004495,-0.008991,0.263009
1640841522488399872,1.976547,0.920708,0.973196,0.964867,-0.004891,-0.009469,0.262524
1640841522491099904,1.980264,0.919222,0.974386,0.964990,-0.005284,-0.009943,0.262044
1640841522493440000,1.983480,0.917937,0.975420,0.965097,-0.005630,-0.010352,0.261628
1640841522495829760,1.986760,0.916627,0.976479,0.965205,-0.005981,-0.010771,0.261205
1640841522499759872,1.992141,0.914478,0.978227,0.965382,-0.006535,-0.011458,0.260508
1640841522500849920,1.993630,0.913884,0.978713,0.965430,-0.006680,-0.011649,0.260315
1640841522503330048,1.997016,0.912533,0.979822,0.965541,-0.007002,-0.012085,0.259875
1640841522505760000,2.000327,0.911211,0.980911,0.965650,-0.007312,-0.012519,0.259442
1640841522508829952,2.004503,0.909546,0.982291,0.965786,-0.007709,-0.013080,0.258894
1640841522510819840,2.007204,0.908469,0.983188,0.965874,-0.007975,-0.013454,0.258538
1640841522513459968,2.010782,0.907043,0.984382,0.965991,-0.008337,-0.013959,0.258065
1640841522518720000,2.017891,0.904210,0.986770,0.966220,-0.009068,-0.014978,0.257124
1640841522519229952,2.018578,0.903937,0.987003,0.966242,-0.009138,-0.015076,0.257033
1640841522520829952,2.020734,0.903078,0.987733,0.966311,-0.009358,-0.015383,0.256748
1640841522523439872,2.024246,0.901680,0.988927,0.966422,-0.009709,-0.015877,0.256286
1640841522526080000,2.027790,0.900269,0.990138,0.966533,-0.010061,-0.016373,0.255821
1640841522528389888,2.030886,0.899037,0.991201,0.966630,-0.010371,-0.016808,0.255413
1640841522532950016,2.036981,0.896612,0.993309,0.966821,-0.011000,-0.017685,0.254603
1640841522533489920,2.037701,0.896325,0.993559,0.966844,-0.011074,-0.017790,0.254506
1640841522535689728,2.040632,0.895160,0.994580,0.966936,-0.011370,-0.018215,0.254112
1640841522538949888,2.044967,0.893436,0.996099,0.967073,-0.011778,-0.018839,0.253526
1640841522540689920,2.047275,0.892518,0.996912,0.967147,-0.011975,-0.019166,0.253212
1640841522543409920,2.050878,0.891086,0.998187,0.967262,-0.012262,-0.019667,0.252718
1640841522545729792,2.053945,0.889868,0.999277,0.967362,-0.012495,-0.020084,0.252292
1640841522548470016,2.057559,0.888432,1.000569,0.967481,-0.012770,-0.020566,0.251782
1640841522551110144,2.061034,0.887051,1.001818,0.967598,-0.013045,-0.021018,0.251281
1640841522553459968,2.064120,0.885826,1.002934,0.967702,-0.013293,-0.021415,0.250832
1640841522555689728,2.067043,0.884665,1.003995,0.967801,-0.013521,-0.021792,0.250408
1640841522558400000,2.070589,0.883257,1.005289,0.967917,-0.013773,-0.022258,0.249904
1640841522560750080,2.073656,0.882040,1.006414,0.968014,-0.013964,-0.022672,0.249480
1640841522563520000,2.077264,0.880608,1.007746,0.968126,-0.014166,-0.023165,0.248987
1640841522566899968,2.081654,0.878865,1.009376,0.968264,-0.014401,-0.023767,0.248381
1640841522570569984,2.086407,0.876980,1.011155,0.968419,-0.014671,-0.024404,0.247695
1640841522572140032,2.088435,0.876175,1.011918,0.968488,-0.014795,-0.024671,0.247392
1640841522573380096,2.090035,0.875540,1.012522,0.968543,-0.014895,-0.024879,0.247150
1640841522575680000,2.092998,0.874365,1.013645,0.968645,-0.015081,-0.025265,0.246699
1640841522578400000,2.096494,0.872978,1.014978,0.968764,-0.015291,-0.025723,0.246172
1640841522580869888,2.099661,0.871722,1.016192,0.968868,-0.015465,-0.026146,0.245708
1640841522583429888,2.102936,0.870424,1.017454,0.968972,-0.015638,-0.026588,0.245237
1640841522586040064,2.106267,0.869103,1.018746,0.969077,-0.015814,-0.027040,0.244761
1640841522588599808,2.109526,0.867810,1.020017,0.969180,-0.015999,-0.027478,0.244293
1640841522590739968,2.112244,0.866733,1.021083,0.969267,-0.016167,-0.027838,0.243895
1640841522593319936,2.115514,0.865436,1.022372,0.969373,-0.016377,-0.028263,0.243410
1640841522595749888,2.118586,0.864218,1.023590,0.969475,-0.016572,-0.028650,0.242947
1640841522598369792,2.121891,0.862908,1.024908,0.969586,-0.016765,-0.029050,0.242441
1640841522600780032,2.124923,0.861706,1.026124,0.969690,-0.016915,-0.029401,0.241973
1640841522603840000,2.128762,0.860184,1.027675,0.969824,-0.017058,-0.029820,0.241374
1640841522606939904,2.132640,0.858646,1.029252,0.969960,-0.017173,-0.030225,0.240770
1640841522608399872,2.134462,0.857924,1.029997,0.970022,-0.017227,-0.030414,0.240488
1640841522610729984,2.137365,0.856773,1.031189,0.970121,-0.017318,-0.030716,0.240045
1640841522613420032,2.140707,0.855448,1.032570,0.970233,-0.017428,-0.031069,0.239540
1640841522615779840,2.143631,0.854288,1.033785,0.970330,-0.017518,-0.031382,0.239099
1640841522619609856,2.148362,0.852412,1.035767,0.970488,-0.017632,-0.031901,0.238379
1640841522621059840,2.150148,0.851704,1.036520,0.970549,-0.017660,-0.032101,0.238103
1640841522623729920,2.153430,0.850402,1.037910,0.970661,-0.017692,-0.032472,0.237591
1640841522625769728,2.155931,0.849410,1.038976,0.970748,-0.017705,-0.032755,0.237196
1640841522628409856,2.159160,0.848129,1.040359,0.970861,-0.017715,-0.033113,0.236685
1640841522630759936,2.162026,0.846992,1.041595,0.970961,-0.017725,-0.033420,0.236229
1640841522633440000,2.165286,0.845698,1.043010,0.971074,-0.017739,-0.033761,0.235712
1640841522636309760,2.168766,0.844317,1.044531,0.971195,-0.017757,-0.034122,0.235162
1640841522638479872,2.171389,0.843275,1.045685,0.971285,-0.017770,-0.034398,0.234748
1640841522640889856,2.174296,0.842121,1.046970,0.971383,-0.017784,-0.034714,0.234292
1640841522643349760,2.177255,0.840947,1.048287,0.971483,-0.017796,-0.035042,0.233829
1640841522645710080,2.180085,0.839822,1.049555,0.971578,-0.017804,-0.035359,0.233386
1640841522648499968,2.183422,0.838497,1.051059,0.971690,-0.017807,-0.035729,0.232862
1640841522650820096,2.186188,0.837397,1.052315,0.971784,-0.017804,-0.036027,0.232426
1640841522653400064,2.189255,0.836178,1.053716,0.971889,-0.017792,-0.036342,0.231937
1640841522655699968,2.191982,0.835094,1.054969,0.971984,-0.017776,-0.036606,0.231498
1640841522658419968,2.195196,0.833816,1.056456,0.972096,-0.017765,-0.036909,0.230981
1640841522660790016,2.197989,0.832705,1.057757,0.972190,-0.017780,-0.037176,0.230538
1640841522663349760,2.200996,0.831508,1.059167,0.972290,-0.017815,-0.037470,0.230067
1640841522666159872,2.204287,0.830198,1.060721,0.972398,-0.017865,-0.037793,0.229553
1640841522670560000,2.209416,0.828155,1.063167,0.972568,-0.017928,-0.038293,0.228745
1640841522671269888,2.210241,0.827826,1.063563,0.972595,-0.017934,-0.038372,0.228614
1640841522673399808,2.212712,0.826841,1.064754,0.972679,-0.017940,-0.038607,0.228219
1640841522675889920,2.215592,0.825693,1.066151,0.972777,-0.017923,-0.038880,0.227753
1640841522678449920,2.218543,0.824516,1.067592,0.972880,-0.017874,-0.039158,0.227270
1640841522680739840,2.221175,0.823466,1.068886,0.972973,-0.017800,-0.039405,0.226834
1640841522683369984,2.224188,0.822263,1.070377,0.973081,-0.017685,-0.039685,0.226332
1640841522685730048,2.226883,0.821187,1.071721,0.973178,-0.017569,-0.039927,0.225881
1640841522688499968,2.230035,0.819927,1.073303,0.973292,-0.017433,-0.040194,0.225353
1640841522691549952,2.233493,0.818544,1.075053,0.973416,-0.017297,-0.040464,0.224775
1640841522693369856,2.235549,0.817722,1.076101,0.973491,-0.017219,-0.040619,0.224431
1640841522695709952,2.238186,0.816666,1.077452,0.973586,-0.017118,-0.040820,0.223988
1640841522698969856,2.241845,0.815201,1.079343,0.973719,-0.016964,-0.041115,0.223366
1640841522700829952,2.243926,0.814367,1.080426,0.973795,-0.016865,-0.041298,0.223008
1640841522703619840,2.247036,0.813119,1.082055,0.973909,-0.016706,-0.041586,0.222469
1640841522705769984,2.249425,0.812161,1.083316,0.973997,-0.016580,-0.041811,0.222053
1640841522709270016,2.253299,0.810605,1.085376,0.974137,-0.016379,-0.042167,0.221384
1640841522710729728,2.254909,0.809958,1.086239,0.974195,-0.016301,-0.042306,0.221109
1640841522713399808,2.257845,0.808777,1.087821,0.974300,-0.016166,-0.042551,0.220609
1640841522715729920,2.260398,0.807750,1.089207,0.974390,-0.016059,-0.042760,0.220175
1640841522718349824,2.263259,0.806598,1.090771,0.974492,-0.015948,-0.042996,0.219685
1640841522721089792,2.266239,0.805397,1.092414,0.974599,-0.015844,-0.043253,0.219167
1640841522723429888,2.268774,0.804374,1.093821,0.974691,-0.015763,-0.043480,0.218721
1640841522725769984,2.271301,0.803354,1.095234,0.974782,-0.015689,-0.043710,0.218274
1640841522728449792,2.274184,0.802190,1.096858,0.974886,-0.015610,-0.043976,0.217761
1640841522732290048,2.278295,0.800527,1.099197,0.975033,-0.015505,-0.044353,0.217031
1640841522733899776,2.280011,0.799832,1.100181,0.975095,-0.015460,-0.044509,0.216726
1640841522735770112,2.281999,0.799026,1.101327,0.975166,-0.015404,-0.044688,0.216372
1640841522738449920,2.284839,0.797874,1.102976,0.975268,-0.015314,-0.044938,0.215867
1640841522740929792,2.287456,0.796812,1.104507,0.975362,-0.015216,-0.045162,0.215401
1640841522743379712,2.290032,0.795765,1.106025,0.975455,-0.015103,-0.045374,0.214941
1640841522746139904,2.292922,0.794589,1.107742,0.975561,-0.014964,-0.045601,0.214424
1640841522748430080,2.295310,0.793617,1.109172,0.975649,-0.014846,-0.045777,0.213994
1640841522750749952,2.297721,0.792634,1.110625,0.975739,-0.014727,-0.045944,0.213557
1640841522753649920,2.300722,0.791409,1.112449,0.975851,-0.014580,-0.046140,0.213010
1640841522755719936,2.302855,0.790537,1.113756,0.975931,-0.014475,-0.046276,0.212620
1640841522758439936,2.305648,0.789394,1.115479,0.976036,-0.014334,-0.046456,0.212110
1640841522760779776,2.308041,0.788414,1.116967,0.976124,-0.014208,-0.046616,0.211676
1640841522764029952,2.311349,0.787057,1.119042,0.976245,-0.014022,-0.046847,0.211077
1640841522765859840,2.313204,0.786295,1.120215,0.976313,-0.013911,-0.046980,0.210741
1640841522768469760,2.315839,0.785211,1.121893,0.976410,-0.013744,-0.047170,0.210260
1640841522770759936,2.318142,0.784263,1.123371,0.976496,-0.013589,-0.047334,0.209835
1640841522773380096,2.320767,0.783180,1.125068,0.976594,-0.013403,-0.047520,0.209346
1640841522775790080,2.323171,0.782188,1.126635,0.976685,-0.013230,-0.047691,0.208895
1640841522778439936,2.325802,0.781099,1.128364,0.976784,-0.013042,-0.047882,0.208399
1640841522781499904,2.328826,0.779847,1.130369,0.976897,-0.012832,-0.048108,0.207829
1640841522783350016,2.330647,0.779091,1.131586,0.976965,-0.012711,-0.048247,0.207485
1640841522786119936,2.333362,0.777963,1.133414,0.977066,-0.012534,-0.048459,0.206971
1640841522788610048,2.335792,0.776952,1.135064,0.977156,-0.012381,-0.048651,0.206510
1640841522790739968,2.337861,0.776090,1.136479,0.977232,-0.012253,-0.048816,0.206117
1640841522793530112,2.340561,0.774963,1.138341,0.977332,-0.012091,-0.049032,0.205603
1640841522795749888,2.342699,0.774069,1.139827,0.977410,-0.011966,-0.049201,0.205195
1640841522798579968,2.345413,0.772932,1.141729,0.977510,-0.011813,-0.049411,0.204676
1640841522800999936,2.347723,0.771963,1.143362,0.977596,-0.011687,-0.049584,0.204234
1640841522803629824,2.350222,0.770912,1.145143,0.977688,-0.011556,-0.049763,0.203754
1640841522805959936,2.352426,0.769984,1.146726,0.977771,-0.011444,-0.049911,0.203328
1640841522808489984,2.354808,0.768979,1.148452,0.977861,-0.011325,-0.050059,0.202864
1640841522810789888,2.356964,0.768068,1.150026,0.977944,-0.011217,-0.050179,0.202438
1640841522813449984,2.359447,0.767017,1.151853,0.978042,-0.011092,-0.050305,0.201943
1640841522815789824,2.361621,0.766095,1.153466,0.978128,-0.010977,-0.050412,0.201506
1640841522818569984,2.364191,0.765003,1.155390,0.978229,-0.010829,-0.050549,0.200988
1640841522821059840,2.366482,0.764027,1.157120,0.978317,-0.010683,-0.050688,0.200529
1640841522823369984,2.368597,0.763124,1.158730,0.978398,-0.010535,-0.050832,0.200105
1640841522825829888,2.370840,0.762165,1.160451,0.978484,-0.010365,-0.050993,0.199654
1640841522828329984,2.373108,0.761193,1.162206,0.978571,-0.010181,-0.051154,0.199192
1640841522830819840,2.375357,0.760228,1.163960,0.978660,-0.009989,-0.051306,0.198728
1640841522833459968,2.377729,0.759207,1.165827,0.978755,-0.009780,-0.051458,0.198231
1640841522835789824,2.379813,0.758308,1.167481,0.978839,-0.009598,-0.051586,0.197792
1640841522840719872,2.384191,0.756414,1.170999,0.979014,-0.009234,-0.051842,0.196871
1640841522841739776,2.385091,0.756023,1.171730,0.979050,-0.009164,-0.051894,0.196683
1640841522843419904,2.386570,0.755381,1.172936,0.979108,-0.009053,-0.051979,0.196375
1640841522845710080,2.388579,0.754507,1.174585,0.979187,-0.008907,-0.052097,0.195959
1640841522848419840,2.390944,0.753475,1.176543,0.979278,-0.008740,-0.052242,0.195473
1640841522850769920,2.392984,0.752583,1.178247,0.979355,-0.008600,-0.052374,0.195057
1640841522853999872,2.395773,0.751360,1.180599,0.979459,-0.008421,-0.052560,0.194491
1640841522855929856,2.397431,0.750631,1.182010,0.979521,-0.008325,-0.052668,0.194155
1640841522858840064,2.399918,0.749535,1.184144,0.979614,-0.008204,-0.052818,0.193647
1640841522860709888,2.401509,0.748833,1.185521,0.979675,-0.008143,-0.052904,0.193319
1640841522863389952,2.403778,0.747828,1.187500,0.979762,-0.008071,-0.053016,0.192849
1640841522866759936,2.406613,0.746569,1.189999,0.979870,-0.007984,-0.053150,0.192263
1640841522868379904,2.407969,0.745965,1.191204,0.979922,-0.007936,-0.053216,0.191985
1640841522870779904,2.409969,0.745072,1.192996,0.979997,-0.007850,-0.053318,0.191579
1640841522873809920,2.412480,0.743948,1.195266,0.980089,-0.007717,-0.053451,0.191071
1640841522876529920,2.414721,0.742942,1.197312,0.980173,-0.007576,-0.053566,0.190615
1640841522878439936,2.416287,0.742237,1.198754,0.980232,-0.007466,-0.053641,0.190293
1640841522880719872,2.418147,0.741397,1.200480,0.980305,-0.007324,-0.053720,0.189903
1640841522883429888,2.420347,0.740401,1.202539,0.980392,-0.007146,-0.053804,0.189435
1640841522886139904,2.422534,0.739408,1.204606,0.980480,-0.006963,-0.053879,0.188966
1640841522890189824,2.425779,0.737929,1.207710,0.980610,-0.006700,-0.053986,0.188267
1640841522891340032,2.426695,0.737509,1.208595,0.980647,-0.006628,-0.054016,0.188070
1640841522893609984,2.428497,0.736684,1.210345,0.980719,-0.006489,-0.054073,0.187682
1640841522895759872,2.430195,0.735903,1.212008,0.980787,-0.006360,-0.054125,0.187315
1640841522898419968,2.432285,0.734940,1.214072,0.980872,-0.006200,-0.054185,0.186860
1640841522900759808,2.434113,0.734094,1.215895,0.980946,-0.006056,-0.054233,0.186457
1640841522903479808,2.436227,0.733113,1.218021,0.981034,-0.005886,-0.054284,0.185987
1640841522905949952,2.438135,0.732225,1.219959,0.981113,-0.005733,-0.054331,0.185558
1640841522908679936,2.440231,0.731245,1.222108,0.981201,-0.005569,-0.054392,0.185084
1640841522910789888,2.441843,0.730489,1.223775,0.981267,-0.005449,-0.054447,0.184716
1640841522913389824,2.443818,0.729560,1.225836,0.981349,-0.005312,-0.054525,0.184265
1640841522915729920,2.445586,0.728726,1.227698,0.981421,-0.005200,-0.054598,0.183860
1640841522918339840,2.447547,0.727797,1.229781,0.981501,-0.005090,-0.054678,0.183411
1640841522920849920,2.449421,0.726906,1.231792,0.981578,-0.005000,-0.054748,0.182982
1640841522923749888,2.451573,0.725879,1.234123,0.981666,-0.004914,-0.054820,0.182490
1640841522926919936,2.453909,0.724759,1.236683,0.981761,-0.004840,-0.054885,0.181958
1640841522928400128,2.454994,0.724237,1.237882,0.981806,-0.004812,-0.054911,0.181711
1640841522931820032,2.457486,0.723033,1.240661,0.981908,-0.004757,-0.054957,0.181143
1640841522933509888,2.458710,0.722440,1.242040,0.981959,-0.004733,-0.054976,0.180864
1640841522935749888,2.460325,0.721654,1.243872,0.982026,-0.004697,-0.054998,0.180496
1640841522939190016,2.462788,0.720451,1.246696,0.982128,-0.004616,-0.055038,0.179930
1640841522940800000,2.463934,0.719889,1.248023,0.982175,-0.004562,-0.055062,0.179664
1640841522943949824,2.466163,0.718790,1.250627,0.982268,-0.004423,-0.055117,0.179142
1640841522945709824,2.467401,0.718178,1.252087,0.982321,-0.004339,-0.055140,0.178849
1640841522948369920,2.469263,0.717254,1.254300,0.982402,-0.004224,-0.055147,0.178403
1640841522950749952,2.470918,0.716429,1.256286,0.982477,-0.004149,-0.055107,0.178002
1640841522953670144,2.472935,0.715418,1.258733,0.982572,-0.004083,-0.055014,0.177508
1640841522959059968,2.476621,0.713558,1.263274,0.982747,-0.003939,-0.054815,0.176604
1640841522960409856,2.477537,0.713093,1.264416,0.982789,-0.003883,-0.054777,0.176381
1640841522961120000,2.478017,0.712849,1.265018,0.982811,-0.003850,-0.054760,0.176264
1640841522964179968,2.480077,0.711797,1.267618,0.982905,-0.003678,-0.054702,0.175763
1640841522965799936,2.481161,0.711242,1.268998,0.982954,-0.003572,-0.054678,0.175498
1640841522968479744,2.482945,0.710323,1.271289,0.983035,-0.003379,-0.054644,0.175054
1640841522971639808,2.485032,0.709242,1.274001,0.983133,-0.003134,-0.054603,0.174522
1640841522974609920,2.486979,0.708228,1.276560,0.983226,-0.002897,-0.054562,0.174016
1640841522975770112,2.487735,0.707833,1.277562,0.983262,-0.002806,-0.054546,0.173819
1640841522978729984,2.489655,0.706825,1.280126,0.983353,-0.002583,-0.054505,0.173317
1640841522980720128,2.490937,0.706148,1.281856,0.983414,-0.002446,-0.054478,0.172983
1640841522983549952,2.492749,0.705187,1.284323,0.983499,-0.002267,-0.054441,0.172514
1640841522985900032,2.494243,0.704390,1.286379,0.983568,-0.002127,-0.054414,0.172127
1640841522988509952,2.495892,0.703506,1.288670,0.983645,-0.001974,-0.054390,0.171698
1640841522990789888,2.497323,0.702735,1.290677,0.983712,-0.001837,-0.054374,0.171323
1640841522993469952,2.498994,0.701829,1.293045,0.983790,-0.001674,-0.054359,0.170880
1640841522995719936,2.500387,0.701070,1.295038,0.983855,-0.001536,-0.054349,0.170507
1640841522998679808,2.502207,0.700073,1.297670,0.983941,-0.001355,-0.054336,0.170015
1640841523000779776,2.503490,0.699366,1.299543,0.984003,-0.001229,-0.054324,0.169666
1640841523003799808,2.505322,0.698350,1.302246,0.984090,-0.001050,-0.054303,0.169164
1640841523005949952,2.506616,0.697629,1.304176,0.984152,-0.000925,-0.054287,0.168809
1640841523008450048,2.508112,0.696790,1.306428,0.984223,-0.000783,-0.054268,0.168400
1640841523010840064,2.509532,0.695989,1.308586,0.984290,-0.000649,-0.054250,0.168014
1640841523013360128,2.511019,0.695145,1.310870,0.984360,-0.000509,-0.054232,0.167612
1640841523016219904,2.512694,0.694189,1.313470,0.984438,-0.000350,-0.054213,0.167158
1640841523018779904,2.514182,0.693334,1.315806,0.984508,-0.000205,-0.054196,0.166751
1640841523020759808,2.515325,0.692673,1.317617,0.984563,-0.000090,-0.054184,0.166435
1640841523023360000,2.516816,0.691805,1.320003,0.984634,0.000068,-0.054171,0.166016
1640841523026670080,2.518699,0.690702,1.323051,0.984725,0.000284,-0.054165,0.165475
1640841523028460032,2.519709,0.690106,1.324704,0.984775,0.000411,-0.054169,0.165179
1640841523030789888,2.521017,0.689331,1.326862,0.984839,0.000589,-0.054182,0.164790
1640841523033399808,2.522470,0.688463,1.329286,0.984911,0.000803,-0.054205,0.164350
1640841523036039936,2.523930,0.687586,1.331747,0.984984,0.001035,-0.054228,0.163906
1640841523038380032,2.525213,0.686809,1.333934,0.985047,0.001250,-0.054242,0.163518
1640841523040859904,2.526564,0.685986,1.336259,0.985114,0.001486,-0.054244,0.163115
1640841523043429888,2.527954,0.685134,1.338676,0.985182,0.001733,-0.054233,0.162704
1640841523045709824,2.529177,0.684378,1.340826,0.985242,0.001949,-0.054219,0.162341
1640841523048409856,2.530615,0.683483,1.343381,0.985314,0.002194,-0.054204,0.161905
1640841523050959872,2.531962,0.682639,1.345801,0.985383,0.002412,-0.054195,0.161484
1640841523053400064,2.533241,0.681831,1.348123,0.985450,0.002611,-0.054193,0.161075
1640841523056019968,2.534604,0.680964,1.350625,0.985521,0.002820,-0.054199,0.160632
1640841523058400000,2.535832,0.680177,1.352904,0.985586,0.003009,-0.054210,0.160228
1640841523060799744,2.537061,0.679383,1.355208,0.985650,0.003204,-0.054229,0.159822
1640841523063429888,2.538397,0.678514,1.357741,0.985719,0.003426,-0.054258,0.159380
1640841523066109952,2.539747,0.677628,1.360331,0.985788,0.003667,-0.054297,0.158937
1640841523069179904,2.541279,0.676614,1.363307,0.985863,0.003964,-0.054351,0.158441
1640841523070829824,2.542097,0.676069,1.364911,0.985904,0.004118,-0.054373,0.158175
1640841523073560064,2.543439,0.675167,1.367572,0.985975,0.004323,-0.054374,0.157725
1640841523075729920,2.544498,0.674450,1.369693,0.986034,0.004454,-0.054358,0.157361
1640841523078409984,2.545795,0.673565,1.372320,0.986106,0.004597,-0.054344,0.156909
1640841523080819968,2.546951,0.672769,1.374689,0.986169,0.004732,-0.054361,0.156506
1640841523083479808,2.548217,0.671891,1.377312,0.986234,0.004897,-0.054414,0.156068
1640841523087429888,2.550076,0.670586,1.381221,0.986329,0.005173,-0.054510,0.155428
1640841523088940032,2.550780,0.670087,1.382720,0.986364,0.005288,-0.054538,0.155187
1640841523090779904,2.551633,0.669479,1.384551,0.986408,0.005435,-0.054560,0.154893
1640841523093339904,2.552810,0.668633,1.387104,0.986471,0.005650,-0.054574,0.154484
1640841523095799808,2.553932,0.667820,1.389564,0.986531,0.005867,-0.054577,0.154087
1640841523100059904,2.555852,0.666412,1.393840,0.986639,0.006259,-0.054583,0.153376
1640841523101369856,2.556437,0.665979,1.395159,0.986673,0.006384,-0.054587,0.153152
1640841523103369984,2.557325,0.665317,1.397177,0.986725,0.006581,-0.054597,0.152807
1640841523106139904,2.558543,0.664401,1.399980,0.986796,0.006866,-0.054614,0.152328
1640841523108399872,2.559528,0.663653,1.402272,0.986853,0.007113,-0.054631,0.151942
1640841523110769920,2.560553,0.662868,1.404683,0.986911,0.007386,-0.054652,0.151546
1640841523113669888,2.561795,0.661907,1.407641,0.986979,0.007739,-0.054681,0.151069
1640841523115729920,2.562669,0.661224,1.409748,0.987027,0.007997,-0.054706,0.150732
1640841523118449920,2.563813,0.660322,1.412538,0.987090,0.008343,-0.054745,0.150286
1640841523120749824,2.564771,0.659559,1.414903,0.987144,0.008635,-0.054784,0.149903
1640841523123749888,2.566009,0.658563,1.417997,0.987214,0.009013,-0.054842,0.149397
1640841523125749760,2.566826,0.657899,1.420066,0.987261,0.009260,-0.054884,0.149058
1640841523128369920,2.567888,0.657029,1.422782,0.987322,0.009577,-0.054941,0.148613
1640841523130899968,2.568902,0.656187,1.425413,0.987380,0.009873,-0.054997,0.148186
1640841523133529856,2.569947,0.655312,1.428155,0.987440,0.010171,-0.055056,0.147745
1640841523135729920,2.570812,0.654579,1.430455,0.987489,0.010417,-0.055107,0.147378
1640841523138439936,2.571868,0.653676,1.433295,0.987549,0.010722,-0.055175,0.146927
1640841523140819968,2.572786,0.652883,1.435797,0.987601,0.010995,-0.055240,0.146532
1640841523143460096,2.573794,0.652002,1.438579,0.987658,0.011299,-0.055316,0.146095
1640841523146309888,2.574870,0.651050,1.441591,0.987720,0.011617,-0.055398,0.145621
1640841523148399872,2.575651,0.650351,1.443805,0.987765,0.011836,-0.055456,0.145273
1640841523150759936,2.576526,0.649562,1.446312,0.987817,0.012063,-0.055517,0.144879
1640841523153400064,2.577494,0.648678,1.449123,0.987876,0.012296,-0.055577,0.144435
1640841523156219904,2.578516,0.647732,1.452135,0.987940,0.012536,-0.055629,0.143956
1640841523158409728,2.579302,0.646998,1.454480,0.987990,0.012725,-0.055660,0.143580
1640841523160960000,2.580207,0.646142,1.457217,0.988050,0.012959,-0.055682,0.143136
1640841523163339776,2.581043,0.645342,1.459779,0.988107,0.013198,-0.055690,0.142717
1640841523165730048,2.581875,0.644538,1.462357,0.988165,0.013453,-0.055689,0.142294
1640841523168419840,2.582800,0.643632,1.465267,0.988229,0.013746,-0.055681,0.141821
1640841523171010048,2.583681,0.642758,1.468076,0.988290,0.014021,-0.055675,0.141373
1640841523173789952,2.584615,0.641820,1.471099,0.988354,0.014313,-0.055674,0.140899
1640841523176440064,2.585495,0.640925,1.473989,0.988413,0.014594,-0.055683,0.140450
1640841523178729984,2.586246,0.640150,1.476493,0.988463,0.014841,-0.055701,0.140062
1640841523180729856,2.586897,0.639473,1.478684,0.988507,0.015065,-0.055728,0.139721
1640841523183319808,2.587730,0.638595,1.481529,0.988562,0.015365,-0.055775,0.139275
1640841523185799936,2.588518,0.637753,1.484259,0.988616,0.015661,-0.055823,0.138844
1640841523191180032,2.590197,0.635924,1.490206,0.988735,0.016316,-0.055880,0.137891
1640841523192479744,2.590597,0.635481,1.491647,0.988765,0.016475,-0.055880,0.137658
1640841523193440000,2.590890,0.635154,1.492713,0.988787,0.016591,-0.055877,0.137486
1640841523195789824,2.591602,0.634352,1.495326,0.988841,0.016876,-0.055866,0.137065
1640841523198419712,2.592390,0.633454,1.498258,0.988901,0.017190,-0.055853,0.136598
1640841523200739840,2.593076,0.632661,1.500851,0.988953,0.017462,-0.055849,0.136192
1640841523203369728,2.593844,0.631760,1.503796,0.989009,0.017763,-0.055858,0.135742
1640841523205910016,2.594577,0.630889,1.506649,0.989062,0.018039,-0.055873,0.135312
1640841523208959744,2.595444,0.629842,1.510083,0.989126,0.018345,-0.055883,0.134794
1640841523210959872,2.596006,0.629154,1.512340,0.989170,0.018527,-0.055878,0.134449
1640841523213399808,2.596682,0.628314,1.515100,0.989226,0.018726,-0.055859,0.134022
1640841523216189952,2.597446,0.627352,1.518264,0.989290,0.018931,-0.055833,0.133531
1640841523218329856,2.598024,0.626614,1.520696,0.989338,0.019076,-0.055821,0.133154
1640841523221099776,2.598762,0.625656,1.523851,0.989399,0.019255,-0.055826,0.132672
1640841523223389952,2.599364,0.624863,1.526466,0.989448,0.019398,-0.055843,0.132278
1640841523226279936,2.600114,0.623861,1.529774,0.989510,0.019576,-0.055863,0.131784
1640841523228410112,2.600658,0.623121,1.532218,0.989555,0.019707,-0.055865,0.131420
1640841523230830080,2.601269,0.622279,1.535000,0.989608,0.019860,-0.055845,0.131006
1640841523233449984,2.601920,0.621366,1.538019,0.989667,0.020030,-0.055804,0.130555
1640841523235780096,2.602492,0.620553,1.540710,0.989720,0.020188,-0.055756,0.130150
1640841523238799872,2.603221,0.619498,1.544206,0.989789,0.020405,-0.055687,0.129617
1640841523240790016,2.603694,0.618802,1.546515,0.989835,0.020555,-0.055643,0.129260
1640841523244079872,2.604465,0.617648,1.550342,0.989911,0.020817,-0.055572,0.128664
1640841523245900032,2.604885,0.617009,1.552463,0.989953,0.020965,-0.055534,0.128336
1640841523248489984,2.605474,0.616098,1.555488,0.990011,0.021176,-0.055479,0.127874
1640841523250789888,2.605989,0.615288,1.558180,0.990062,0.021361,-0.055430,0.127473
1640841523253350144,2.606554,0.614384,1.561183,0.990117,0.021565,-0.055375,0.127034
1640841523255759872,2.607077,0.613532,1.564015,0.990168,0.021753,-0.055327,0.126625
1640841523258479872,2.607658,0.612569,1.567219,0.990225,0.021963,-0.055277,0.126163
1640841523260879872,2.608162,0.611718,1.570053,0.990275,0.022145,-0.055240,0.125750
1640841523263340032,2.608671,0.610844,1.572963,0.990327,0.022329,-0.055210,0.125320
1640841523265929984,2.609197,0.609922,1.576033,0.990383,0.022512,-0.055184,0.124862
1640841523268399872,2.609690,0.609042,1.578968,0.990436,0.022670,-0.055158,0.124423
1640841523270769920,2.610156,0.608195,1.581789,0.990487,0.022800,-0.055129,0.124004
1640841523273429760,2.610669,0.607244,1.584962,0.990545,0.022913,-0.055086,0.123539
1640841523275889920,2.611135,0.606362,1.587902,0.990598,0.022987,-0.055033,0.123117
1640841523278560000,2.611632,0.605403,1.591100,0.990657,0.023052,-0.054965,0.122663
1640841523280769792,2.612035,0.604608,1.593752,0.990705,0.023111,-0.054904,0.122288
1640841523283539968,2.612532,0.603610,1.597083,0.990766,0.023199,-0.054824,0.121816
1640841523285750016,2.612921,0.602812,1.599746,0.990814,0.023274,-0.054759,0.121437
1640841523289379840,2.613545,0.601498,1.604129,0.990893,0.023395,-0.054659,0.120813
1640841523290779904,2.613781,0.600991,1.605823,0.990924,0.023437,-0.054624,0.120572
1640841523293409792,2.614217,0.600036,1.609009,0.990980,0.023504,-0.054564,0.120117
1640841523295899904,2.614622,0.599130,1.612032,0.991034,0.023547,-0.054519,0.119684
1640841523299089920,2.615128,0.597967,1.615913,0.991103,0.023566,-0.054478,0.119127
1640841523300940032,2.615416,0.597291,1.618168,0.991144,0.023570,-0.054452,0.118801
1640841523303389952,2.615789,0.596395,1.621159,0.991199,0.023597,-0.054387,0.118364
1640841523306649856,2.616275,0.595199,1.625147,0.991276,0.023695,-0.054232,0.117770
1640841523308440064,2.616535,0.594542,1.627341,0.991318,0.023763,-0.054136,0.117443
1640841523310839808,2.616878,0.593658,1.630287,0.991373,0.023847,-0.054025,0.117010
1640841523313509888,2.617250,0.592674,1.633569,0.991432,0.023919,-0.053937,0.116536
1640841523315759872,2.617556,0.591843,1.636341,0.991481,0.023970,-0.053879,0.116139
1640841523319239936,2.618018,0.590554,1.640635,0.991556,0.024044,-0.053789,0.115519
1640841523321179904,2.618268,0.589834,1.643033,0.991600,0.024088,-0.053728,0.115166
1640841523323619840,2.618576,0.588927,1.646054,0.991655,0.024147,-0.053641,0.114716
1640841523325739776,2.618838,0.588137,1.648683,0.991704,0.024197,-0.053560,0.114321
1640841523328379904,2.619155,0.587152,1.651962,0.991765,0.024257,-0.053456,0.113829
1640841523330779904,2.619436,0.586255,1.654948,0.991819,0.024307,-0.053363,0.113383
1640841523333849856,2.619785,0.585104,1.658773,0.991889,0.024360,-0.053248,0.112815
1640841523335859968,2.620007,0.584349,1.661282,0.991934,0.024387,-0.053177,0.112445
1640841523339079936,2.620352,0.583138,1.665307,0.992006,0.024417,-0.053072,0.111856
1640841523341609984,2.620614,0.582184,1.668475,0.992061,0.024425,-0.052997,0.111397
1640841523343350016,2.620789,0.581526,1.670657,0.992099,0.024423,-0.052947,0.111082
1640841523345759744,2.621026,0.580614,1.673683,0.992152,0.024407,-0.052874,0.110644
1640841523348379904,2.621275,0.579620,1.676977,0.992212,0.024372,-0.052782,0.110162
1640841523350800128,2.621498,0.578701,1.680024,0.992269,0.024321,-0.052679,0.109709
1640841523353560064,2.621744,0.577650,1.683505,0.992336,0.024247,-0.052539,0.109183
1640841523358019840,2.622120,0.575946,1.689140,0.992445,0.024116,-0.052290,0.108341
1640841523358429952,2.622154,0.575789,1.689659,0.992454,0.024105,-0.052267,0.108265
1640841523360829952,2.622345,0.574870,1.692698,0.992511,0.024044,-0.052134,0.107828
1640841523363339776,2.622538,0.573906,1.695880,0.992568,0.023988,-0.051997,0.107379
1640841523365919744,2.622729,0.572913,1.699156,0.992626,0.023934,-0.051856,0.106919
1640841523371029760,2.623082,0.570941,1.705657,0.992743,0.023832,-0.051569,0.105992
1640841523372039936,2.623148,0.570550,1.706944,0.992766,0.023813,-0.051510,0.105805
1640841523373779968,2.623259,0.569876,1.709162,0.992807,0.023784,-0.051406,0.105480
1640841523375779840,2.623383,0.569100,1.711715,0.992854,0.023762,-0.051282,0.105105
1640841523378449920,2.623540,0.568063,1.715126,0.992916,0.023756,-0.051106,0.104605
1640841523380749824,2.623669,0.567167,1.718068,0.992968,0.023778,-0.050946,0.104177
1640841523383429888,2.623811,0.566121,1.721501,0.993029,0.023831,-0.050752,0.103681
1640841523385819904,2.623930,0.565186,1.724565,0.993082,0.023892,-0.050577,0.103240
1640841523389009920,2.624080,0.563936,1.728661,0.993153,0.023978,-0.050348,0.102652
1640841523391310080,2.624180,0.563033,1.731617,0.993203,0.024034,-0.050190,0.102226
1640841523393369856,2.624265,0.562222,1.734268,0.993248,0.024078,-0.050056,0.101845
1640841523395849984,2.624360,0.561244,1.737462,0.993302,0.024131,-0.049900,0.101386
1640841523398449920,2.624453,0.560217,1.740815,0.993357,0.024192,-0.049743,0.100905
1640841523400979968,2.624535,0.559216,1.744080,0.993410,0.024264,-0.049595,0.100439
1640841523403419904,2.624608,0.558248,1.747233,0.993460,0.024351,-0.049454,0.099992
1640841523406540032,2.624691,0.557008,1.751269,0.993523,0.024467,-0.049275,0.099425
1640841523408769792,2.624744,0.556120,1.754156,0.993568,0.024537,-0.049146,0.099022
1640841523410769920,2.624786,0.555322,1.756749,0.993608,0.024582,-0.049030,0.098661
1640841523413379840,2.624835,0.554279,1.760134,0.993661,0.024620,-0.048878,0.098192
1640841523415799808,2.624873,0.553310,1.763276,0.993711,0.024635,-0.048738,0.097758
1640841523418569984,2.624909,0.552199,1.766876,0.993767,0.024632,-0.048582,0.097260
1640841523420790016,2.624932,0.551307,1.769763,0.993813,0.024616,-0.048460,0.096859
1640841523423499776,2.624952,0.550215,1.773291,0.993868,0.024586,-0.048315,0.096370
1640841523425929984,2.624963,0.549235,1.776458,0.993918,0.024556,-0.048186,0.095933
1640841523428489984,2.624968,0.548200,1.779796,0.993969,0.024527,-0.048047,0.095477
1640841523430850048,2.624966,0.547244,1.782876,0.994015,0.024508,-0.047915,0.095063
1640841523433549824,2.624957,0.546149,1.786403,0.994068,0.024488,-0.047756,0.094594
1640841523435859968,2.624942,0.545210,1.789422,0.994114,0.024461,-0.047612,0.094194
1640841523438439936,2.624919,0.544159,1.792797,0.994166,0.024410,-0.047444,0.093743
1640841523440839936,2.624891,0.543180,1.795939,0.994215,0.024337,-0.047278,0.093319
1640841523443429888,2.624854,0.542121,1.799331,0.994270,0.024243,-0.047090,0.092856
1640841523445920000,2.624812,0.541102,1.802596,0.994323,0.024151,-0.046903,0.092406
1640841523448369920,2.624764,0.540097,1.805809,0.994375,0.024074,-0.046713,0.091961
1640841523450799872,2.624710,0.539098,1.808999,0.994426,0.024023,-0.046519,0.091518
1640841523453339904,2.624647,0.538053,1.812334,0.994479,0.024010,-0.046313,0.091053
1640841523455879936,2.624577,0.537006,1.815672,0.994530,0.024052,-0.046105,0.090589
1640841523458400000,2.624501,0.535965,1.818986,0.994579,0.024119,-0.045897,0.090130
1640841523460800000,2.624423,0.534972,1.822143,0.994627,0.024144,-0.045701,0.089697
1640841523463419904,2.624330,0.533886,1.825591,0.994680,0.024098,-0.045490,0.089229
1640841523473299968,2.623918,0.529773,1.838611,0.994879,0.023700,-0.044745,0.087479
1640841523473999872,2.623885,0.529481,1.839535,0.994892,0.023681,-0.044696,0.087355
1640841523474759936,2.623849,0.529163,1.840537,0.994907,0.023663,-0.044642,0.087220
1640841523475229952,2.623826,0.528967,1.841157,0.994916,0.023653,-0.044609,0.087136
1640841523475780096,2.623799,0.528737,1.841883,0.994927,0.023643,-0.044571,0.087038
1640841523478409984,2.623666,0.527635,1.845354,0.994977,0.023603,-0.044389,0.086569
1640841523480829952,2.623537,0.526621,1.848549,0.995022,0.023579,-0.044222,0.086136
1640841523483459840,2.623391,0.525516,1.852022,0.995071,0.023560,-0.044040,0.085664
1640841523486660096,2.623203,0.524169,1.856249,0.995131,0.023540,-0.043817,0.085090
1640841523488349952,2.623100,0.523457,1.858482,0.995162,0.023527,-0.043699,0.084787
1640841523490759936,2.622948,0.522440,1.861668,0.995207,0.023501,-0.043528,0.084356
1640841523493579776,2.622763,0.521248,1.865396,0.995259,0.023459,-0.043327,0.083854
1640841523495999744,2.622598,0.520223,1.868595,0.995304,0.023409,-0.043154,0.083425
1640841523502209792,2.622148,0.517587,1.876809,0.995418,0.023218,-0.042715,0.082333
1640841523503079936,2.622082,0.517217,1.877960,0.995434,0.023184,-0.042653,0.082180
1640841523503490048,2.622051,0.517042,1.878503,0.995442,0.023168,-0.042624,0.082109
1640841523506080000,2.621849,0.515939,1.881929,0.995490,0.023059,-0.042436,0.081656
1640841523508359936,2.621666,0.514966,1.884945,0.995532,0.022958,-0.042262,0.081256
1640841523510829824,2.621463,0.513911,1.888213,0.995579,0.022849,-0.042060,0.080820
1640841523513509888,2.621235,0.512764,1.891759,0.995630,0.022735,-0.041829,0.080344
1640841523515909888,2.621026,0.511736,1.894935,0.995675,0.022638,-0.041621,0.079917
1640841523518349824,2.620807,0.510689,1.898163,0.995720,0.022549,-0.041416,0.079484
1640841523520800000,2.620582,0.509636,1.901404,0.995764,0.022471,-0.041225,0.079054
1640841523523379968,2.620339,0.508526,1.904817,0.995809,0.022405,-0.041041,0.078603
1640841523525760000,2.620110,0.507500,1.907965,0.995850,0.022360,-0.040875,0.078185
1640841523528450048,2.619844,0.506340,1.911522,0.995895,0.022331,-0.040682,0.077707
1640841523531079936,2.619578,0.505203,1.914999,0.995941,0.022326,-0.040476,0.077229
1640841523533479936,2.619329,0.504165,1.918172,0.995984,0.022340,-0.040271,0.076784
1640841523536239872,2.619037,0.502969,1.921819,0.996032,0.022365,-0.040028,0.076269
1640841523538369792,2.618807,0.502044,1.924633,0.996069,0.022383,-0.039846,0.075877
1640841523541459968,2.618466,0.500702,1.928715,0.996121,0.022395,-0.039601,0.075322
1640841523543330048,2.618256,0.499888,1.931184,0.996151,0.022394,-0.039463,0.074992
1640841523546180096,2.617929,0.498647,1.934946,0.996197,0.022381,-0.039265,0.074491
1640841523548450048,2.617663,0.497657,1.937941,0.996233,0.022361,-0.039113,0.074090
1640841523550880000,2.617374,0.496596,1.941146,0.996273,0.022330,-0.038954,0.073654
1640841523553519872,2.617054,0.495442,1.944626,0.996315,0.022287,-0.038784,0.073175
1640841523556089856,2.616737,0.494316,1.948012,0.996357,0.022236,-0.038620,0.072708
1640841523558379776,2.616449,0.493313,1.951028,0.996394,0.022185,-0.038472,0.072295
1640841523560779776,2.616143,0.492260,1.954188,0.996432,0.022126,-0.038317,0.071870
1640841523563539968,2.615785,0.491047,1.957819,0.996476,0.022049,-0.038136,0.071387
1640841523565860096,2.615479,0.490026,1.960870,0.996512,0.021974,-0.037983,0.070984
1640841523568519936,2.615122,0.488855,1.964365,0.996553,0.021875,-0.037807,0.070525
1640841523570789888,2.614813,0.487854,1.967346,0.996589,0.021778,-0.037656,0.070132
1640841523573479936,2.614441,0.486667,1.970877,0.996631,0.021649,-0.037478,0.069665
1640841523575840000,2.614110,0.485624,1.973972,0.996668,0.021531,-0.037324,0.069254
1640841523578719744,2.613700,0.484349,1.977746,0.996713,0.021387,-0.037145,0.068753
1640841523580780032,2.613402,0.483437,1.980444,0.996744,0.021289,-0.037023,0.068394
1640841523583420160,2.613016,0.482266,1.983898,0.996783,0.021172,-0.036871,0.067934
1640841523586839808,2.612506,0.480748,1.988369,0.996834,0.021034,-0.036668,0.067341
1640841523588339968,2.612280,0.480081,1.990328,0.996856,0.020979,-0.036572,0.067081
1640841523590799872,2.611905,0.478986,1.993539,0.996893,0.020896,-0.036402,0.066657
1640841523593580032,2.611476,0.477748,1.997165,0.996934,0.020812,-0.036195,0.066178
1640841523595789824,2.611130,0.476763,2.000044,0.996967,0.020752,-0.036028,0.065796
1640841523598419968,2.610713,0.475589,2.003467,0.997005,0.020689,-0.035833,0.065338
1640841523600849920,2.610323,0.474503,2.006627,0.997040,0.020638,-0.035664,0.064911
1640841523603409920,2.609907,0.473358,2.009952,0.997076,0.020593,-0.035501,0.064456
1640841523605880064,2.609501,0.472252,2.013158,0.997111,0.020557,-0.035354,0.064016
1640841523608409856,2.609081,0.471118,2.016437,0.997145,0.020529,-0.035207,0.063567
1640841523611310080,2.608593,0.469816,2.020192,0.997184,0.020510,-0.035039,0.063059
1640841523613339904,2.608247,0.468904,2.022817,0.997210,0.020504,-0.034921,0.062707
1640841523615779840,2.607828,0.467807,2.025969,0.997241,0.020504,-0.034782,0.062286
1640841523618409984,2.607371,0.466623,2.029362,0.997275,0.020510,-0.034637,0.061831
1640841523620839936,2.606944,0.465528,2.032494,0.997305,0.020522,-0.034510,0.061408
1640841523623800064,2.606417,0.464193,2.036303,0.997341,0.020540,-0.034361,0.060890
1640841523625969920,2.606028,0.463214,2.039092,0.997368,0.020556,-0.034252,0.060511
1640841523628829952,2.605509,0.461921,2.042763,0.997403,0.020577,-0.034102,0.060015
1640841523630889984,2.605131,0.460989,2.045403,0.997427,0.020592,-0.033986,0.059662
1640841523633440000,2.604659,0.459834,2.048668,0.997458,0.020606,-0.033838,0.059229
1640841523635859968,2.604208,0.458738,2.051761,0.997487,0.020612,-0.033697,0.058823
1640841523638939904,2.603626,0.457340,2.055692,0.997523,0.020600,-0.033532,0.058310
1640841523642819840,2.602884,0.455577,2.060634,0.997567,0.020552,-0.033348,0.057665
1640841523644029952,2.602651,0.455027,2.062173,0.997581,0.020531,-0.033292,0.057464
1640841523645829888,2.602301,0.454208,2.064460,0.997602,0.020495,-0.033205,0.057165
1640841523648349952,2.601809,0.453061,2.067657,0.997631,0.020438,-0.033073,0.056747
1640841523650799872,2.601325,0.451944,2.070761,0.997661,0.020378,-0.032924,0.056339
1640841523653379840,2.600812,0.450767,2.074023,0.997692,0.020316,-0.032751,0.055910
1640841523655859968,2.600314,0.449634,2.077154,0.997721,0.020263,-0.032579,0.055500
1640841523658909952,2.599695,0.448240,2.080998,0.997756,0.020217,-0.032377,0.055002
1640841523660989952,2.599270,0.447288,2.083614,0.997779,0.020202,-0.032252,0.054665
1640841523663369984,2.598780,0.446199,2.086603,0.997805,0.020200,-0.032115,0.054281
1640841523667160064,2.597991,0.444461,2.091353,0.997845,0.020221,-0.031895,0.053662
1640841523668359936,2.597740,0.443910,2.092854,0.997858,0.020233,-0.031821,0.053462
1640841523670830080,2.597219,0.442776,2.095939,0.997885,0.020265,-0.031657,0.053042
1640841523673649920,2.596619,0.441480,2.099455,0.997916,0.020313,-0.031456,0.052554
1640841523676329728,2.596044,0.440247,2.102789,0.997945,0.020372,-0.031259,0.052086
1640841523678870016,2.595495,0.439077,2.105943,0.997973,0.020442,-0.031070,0.051643
1640841523680839936,2.595066,0.438169,2.108384,0.997994,0.020505,-0.030925,0.051303
1640841523683319808,2.594523,0.437025,2.111452,0.998019,0.020591,-0.030749,0.050878
1640841523685829888,2.593969,0.435866,2.114551,0.998044,0.020683,-0.030580,0.050453
1640841523688320000,2.593415,0.434716,2.117618,0.998068,0.020770,-0.030426,0.050034
1640841523690919936,2.592833,0.433513,2.120815,0.998092,0.020852,-0.030280,0.049600
1640841523693639936,2.592219,0.432254,2.124151,0.998117,0.020928,-0.030140,0.049148
1640841523696809984,2.591498,0.430784,2.128029,0.998146,0.021004,-0.029981,0.048623
1640841523698710016,2.591063,0.429903,2.130349,0.998164,0.021044,-0.029882,0.048310
1640841523700879872,2.590563,0.428895,2.132992,0.998183,0.021084,-0.029764,0.047953
1640841523703480064,2.589960,0.427687,2.136154,0.998207,0.021126,-0.029617,0.047526
1640841523705839872,2.589409,0.426589,2.139017,0.998229,0.021159,-0.029482,0.047139
1640841523708920064,2.588685,0.425155,2.142744,0.998257,0.021195,-0.029309,0.046636
1640841523710870016,2.588224,0.424246,2.145098,0.998274,0.021215,-0.029202,0.046318
1640841523713389824,2.587625,0.423071,2.148133,0.998297,0.021237,-0.029068,0.045906
1640841523715799808,2.587048,0.421946,2.151029,0.998318,0.021256,-0.028940,0.045511
1640841523718360064,2.586431,0.420749,2.154098,0.998341,0.021275,-0.028804,0.045088
1640841523720889856,2.585818,0.419566,2.157123,0.998364,0.021293,-0.028668,0.044666
1640841523723399936,2.585206,0.418391,2.160117,0.998386,0.021315,-0.028530,0.044245
1640841523726139904,2.584534,0.417106,2.163377,0.998410,0.021346,-0.028376,0.043782
1640841523728359936,2.583986,0.416065,2.166011,0.998429,0.021381,-0.028248,0.043407
1640841523730840064,2.583370,0.414900,2.168946,0.998450,0.021433,-0.028101,0.042987
1640841523733409792,2.582729,0.413692,2.171980,0.998472,0.021499,-0.027945,0.042552
1640841523735909888,2.582101,0.412515,2.174923,0.998493,0.021568,-0.027787,0.042127
1640841523738429952,2.581465,0.411328,2.177882,0.998514,0.021638,-0.027621,0.041696
1640841523740849920,2.580850,0.410187,2.180715,0.998535,0.021700,-0.027454,0.041279
1640841523741550080,2.580672,0.409856,2.181533,0.998541,0.021718,-0.027405,0.041158
1640841523745900032,2.579557,0.407801,2.186603,0.998577,0.021840,-0.027090,0.040401
1640841523748420096,2.578907,0.406609,2.189529,0.998598,0.021932,-0.026905,0.039961
1640841523750969856,2.578245,0.405401,2.192481,0.998618,0.022052,-0.026721,0.039516
1640841523751649792,2.578068,0.405079,2.193267,0.998623,0.022089,-0.026672,0.039398
1640841523755859968,2.576966,0.403082,2.198118,0.998654,0.022342,-0.026387,0.038662
1640841523758739968,2.576206,0.401713,2.201422,0.998674,0.022533,-0.026212,0.038156
1640841523760839936,2.575650,0.400714,2.203825,0.998688,0.022675,-0.026100,0.037785
1640841523761260032,2.575538,0.400514,2.204305,0.998690,0.022703,-0.026079,0.037710
1640841523766000128,2.574272,0.398255,2.209702,0.998720,0.023003,-0.025892,0.036858
1640841523768389888,2.573629,0.397114,2.212411,0.998735,0.023148,-0.025822,0.036423
1640841523770969856,2.572932,0.395881,2.215326,0.998750,0.023322,-0.025734,0.035957
1640841523771559936,2.572772,0.395599,2.215992,0.998753,0.023367,-0.025710,0.035851
1640841523776109824,2.571533,0.393420,2.221107,0.998778,0.023769,-0.025472,0.035050
1640841523778319872,2.570927,0.392359,2.223580,0.998790,0.023977,-0.025350,0.034666
1640841523780849920,2.570230,0.391144,2.226403,0.998802,0.024205,-0.025230,0.034228
1640841523781410048,2.570076,0.390875,2.227027,0.998805,0.024254,-0.025206,0.034131
1640841523786379776,2.568696,0.388483,2.232540,0.998828,0.024662,-0.025039,0.033264
1640841523788519936,2.568099,0.387452,2.234903,0.998838,0.024829,-0.024987,0.032885
1640841523790860032,2.567442,0.386322,2.237479,0.998849,0.025008,-0.024940,0.032465
1640841523791299840,2.567319,0.386110,2.237962,0.998851,0.025041,-0.024932,0.032386
1640841523795790080,2.566051,0.383938,2.242879,0.998871,0.025378,-0.024838,0.031572
1640841523798419968,2.565304,0.382663,2.245744,0.998882,0.025574,-0.024760,0.031096
1640841523801100032,2.564540,0.381363,2.248652,0.998895,0.025776,-0.024647,0.030616
1640841523801709824,2.564365,0.381067,2.249313,0.998898,0.025822,-0.024616,0.030507
1640841523805779968,2.563197,0.379087,2.253705,0.998917,0.026135,-0.024376,0.029788
1640841523809110016,2.562235,0.377464,2.257279,0.998933,0.026396,-0.024176,0.029193
1640841523810899968,2.561715,0.376591,2.259193,0.998941,0.026540,-0.024080,0.028868
1640841523811329792,2.561590,0.376381,2.259652,0.998943,0.026575,-0.024059,0.028789
1640841523815889920,2.560260,0.374150,2.264501,0.998961,0.026966,-0.023857,0.027946
1640841523818599936,2.559465,0.372822,2.267367,0.998970,0.027224,-0.023757,0.027444
1640841523821299968,2.558670,0.371497,2.270211,0.998978,0.027506,-0.023666,0.026947
1640841523821799936,2.558522,0.371251,2.270736,0.998979,0.027561,-0.023650,0.026855
1640841523827219968,2.556914,0.368583,2.276404,0.998992,0.028198,-0.023474,0.025855
1640841523829319936,2.556288,0.367547,2.278587,0.998997,0.028460,-0.023399,0.025461
1640841523830819840,2.555840,0.366806,2.280142,0.999000,0.028651,-0.023341,0.025175
1640841523831310080,2.555693,0.366564,2.280649,0.999001,0.028714,-0.023322,0.025081
1640841523835899904,2.554313,0.364291,2.285379,0.999010,0.029313,-0.023127,0.024194
1640841523838400000,2.553558,0.363051,2.287941,0.999014,0.029648,-0.023018,0.023716
1640841523840869888,2.552809,0.361823,2.290461,0.999017,0.029984,-0.022915,0.023251
1640841523841260032,2.552691,0.361629,2.290858,0.999018,0.030038,-0.022899,0.023178
1640841523846540032,2.551081,0.358998,2.296207,0.999022,0.030769,-0.022703,0.022190
1640841523848310016,2.550538,0.358113,2.297990,0.999023,0.031017,-0.022647,0.021852
1640841523850980096,2.549718,0.356777,2.300668,0.999025,0.031390,-0.022572,0.021329
1640841523851660032,2.549508,0.356437,2.301348,0.999025,0.031486,-0.022555,0.021194
1640841523855859968,2.548211,0.354330,2.305531,0.999026,0.032072,-0.022460,0.020352
1640841523858520064,2.547385,0.352992,2.308165,0.999026,0.032441,-0.022403,0.019830
1640841523860849920,2.546659,0.351818,2.310461,0.999025,0.032761,-0.022348,0.019389
1640841523861250048,2.546535,0.351617,2.310854,0.999025,0.032816,-0.022339,0.019316
1640841523866070016,2.545026,0.349181,2.315571,0.999023,0.033462,-0.022211,0.018442
1640841523866720000,2.544822,0.348852,2.316203,0.999023,0.033547,-0.022192,0.018325
1640841523871069952,2.543452,0.346646,2.320419,0.999021,0.034098,-0.022062,0.017512
1640841523871840000,2.543208,0.346255,2.321162,0.999021,0.034193,-0.022038,0.017364
1640841523876009984,2.541887,0.344133,2.325165,0.999020,0.034704,-0.021909,0.016551
1640841523878719744,2.541024,0.342750,2.327749,0.999019,0.035038,-0.021830,0.016017
1640841523880899840,2.540328,0.341635,2.329819,0.999018,0.035311,-0.021769,0.015589
1640841523881629952,2.540095,0.341262,2.330510,0.999017,0.035404,-0.021750,0.015446
1640841523885870080,2.538735,0.339088,2.334504,0.999012,0.035954,-0.021639,0.014619
1640841523886329856,2.538587,0.338851,2.334935,0.999012,0.036015,-0.021627,0.014529
1640841523890959872,2.537094,0.336468,2.339255,0.999004,0.036640,-0.021498,0.013626
1640841523891459840,2.536932,0.336210,2.339719,0.999003,0.036709,-0.021482,0.013528
1640841523896780032,2.535206,0.333460,2.344628,0.998993,0.037449,-0.021306,0.012479
1640841523897430016,2.534994,0.333123,2.345225,0.998992,0.037541,-0.021283,0.012350
1640841523900919808,2.533856,0.331312,2.348412,0.998985,0.038033,-0.021147,0.011651
1640841523901419776,2.533692,0.331052,2.348867,0.998984,0.038104,-0.021126,0.011551
1640841523905900032,2.532223,0.328718,2.352920,0.998973,0.038746,-0.020942,0.010639
1640841523906370048,2.532068,0.328472,2.353343,0.998972,0.038815,-0.020924,0.010543
1640841523910849792,2.530592,0.326129,2.357354,0.998957,0.039493,-0.020792,0.009621
1640841523911269888,2.530453,0.325908,2.357729,0.998956,0.039559,-0.020783,0.009535
1640841523917510144,2.528383,0.322628,2.363247,0.998929,0.040545,-0.020688,0.008264
1640841523918279936,2.528127,0.322222,2.363923,0.998926,0.040665,-0.020677,0.008110
1640841523920829952,2.527277,0.320875,2.366152,0.998915,0.041058,-0.020639,0.007608
1640841523921149952,2.527170,0.320706,2.366431,0.998913,0.041107,-0.020634,0.007546
1640841523925939968,2.525566,0.318167,2.370582,0.998891,0.041834,-0.020554,0.006619
1640841523926640128,2.525332,0.317795,2.371185,0.998888,0.041940,-0.020542,0.006484
1640841523931340032,2.523750,0.315292,2.375209,0.998864,0.042662,-0.020465,0.005568
1640841523933120000,2.523149,0.314341,2.376721,0.998855,0.042938,-0.020438,0.005217
1640841523936630016,2.521961,0.312461,2.379685,0.998836,0.043476,-0.020390,0.004522
1640841523937019904,2.521829,0.312252,2.380013,0.998834,0.043534,-0.020385,0.004445
1640841523940849920,2.520528,0.310193,2.383217,0.998813,0.044096,-0.020339,0.003690
1640841523941189888,2.520412,0.310010,2.383500,0.998812,0.044144,-0.020335,0.003623
1640841523946579968,2.518573,0.307099,2.387956,0.998783,0.044895,-0.020273,0.002573
1640841523948009984,2.518083,0.306324,2.389129,0.998775,0.045092,-0.020255,0.002297
1640841523950909952,2.517088,0.304749,2.391494,0.998759,0.045495,-0.020213,0.001739
1640841523951479808,2.516893,0.304439,2.391957,0.998755,0.045575,-0.020204,0.001630
1640841523955840000,2.515392,0.302062,2.395477,0.998729,0.046198,-0.020119,0.000800
1640841523956219904,2.515261,0.301854,2.395782,0.998727,0.046253,-0.020110,0.000728
1640841523961029888,2.513598,0.299218,2.399617,0.998698,0.046946,-0.019962,-0.000185
1640841523963689984,2.512675,0.297755,2.401718,0.998682,0.047327,-0.019853,-0.000690
1640841523967689984,2.511284,0.295547,2.404850,0.998657,0.047917,-0.019666,-0.001449
1640841523968420096,2.511030,0.295143,2.405419,0.998652,0.048029,-0.019631,-0.001588
1640841523971249920,2.510042,0.293574,2.407611,0.998632,0.048478,-0.019491,-0.002122
1640841523972039936,2.509766,0.293135,2.408220,0.998626,0.048609,-0.019451,-0.002271
1640841523975899904,2.508415,0.290986,2.411178,0.998595,0.049276,-0.019262,-0.002999
1640841523976770048,2.508109,0.290501,2.411840,0.998587,0.049433,-0.019220,-0.003163
1640841523981429760,2.506471,0.287892,2.415363,0.998544,0.050317,-0.019005,-0.004047
1640841523981910016,2.506302,0.287622,2.415723,0.998540,0.050411,-0.018984,-0.004139
1640841523985939968,2.504880,0.285354,2.418730,0.998497,0.051233,-0.018810,-0.004910
1640841523986479872,2.504689,0.285050,2.419130,0.998492,0.051346,-0.018786,-0.005014
1640841523990840064,2.503145,0.282584,2.422340,0.998442,0.052287,-0.018579,-0.005849
1640841523991200000,2.503017,0.282379,2.422603,0.998438,0.052366,-0.018560,-0.005918
1640841523995919872,2.501339,0.279695,2.426031,0.998381,0.053420,-0.018308,-0.006821
1640841523996489984,2.501136,0.279370,2.426442,0.998374,0.053549,-0.018277,-0.006931
1640841524001169920,2.499466,0.276693,2.429790,0.998315,0.054601,-0.018030,-0.007835
1640841524001789696,2.499245,0.276338,2.430230,0.998307,0.054740,-0.017998,-0.007955
1640841524006049792,2.497719,0.273887,2.433233,0.998252,0.055677,-0.017791,-0.008774
1640841524006779904,2.497457,0.273466,2.433744,0.998242,0.055834,-0.017757,-0.008912
1640841524010870016,2.495987,0.271100,2.436585,0.998190,0.056695,-0.017569,-0.009665
1640841524011350016,2.495814,0.270822,2.436916,0.998184,0.056794,-0.017547,-0.009751
1640841524015899904,2.494173,0.268176,2.440032,0.998126,0.057724,-0.017335,-0.010566
1640841524016739840,2.493870,0.267686,2.440602,0.998115,0.057896,-0.017294,-0.010718
1640841524021049856,2.492310,0.265165,2.443506,0.998058,0.058793,-0.017069,-0.011515
1640841524021839872,2.492024,0.264701,2.444034,0.998047,0.058960,-0.017026,-0.011665
1640841524026029824,2.490502,0.262236,2.446813,0.997989,0.059842,-0.016790,-0.012470
1640841524026579968,2.490302,0.261911,2.447175,0.997981,0.059957,-0.016759,-0.012577
1640841524030969856,2.488703,0.259314,2.450043,0.997919,0.060860,-0.016516,-0.013428
1640841524031739904,2.488422,0.258857,2.450541,0.997908,0.061016,-0.016475,-0.013577
1640841524035899904,2.486902,0.256381,2.453214,0.997849,0.061854,-0.016249,-0.014377
1640841524036399872,2.486719,0.256083,2.453533,0.997842,0.061955,-0.016221,-0.014472
1640841524041230080,2.484948,0.253192,2.456587,0.997770,0.062958,-0.015940,-0.015384
1640841524043119872,2.484254,0.252056,2.457768,0.997741,0.063365,-0.015823,-0.015738
1640841524046269952,2.483095,0.250158,2.459720,0.997690,0.064061,-0.015623,-0.016334
1640841524047170048,2.482764,0.249614,2.460274,0.997675,0.064263,-0.015565,-0.016506
1640841524050979840,2.481358,0.247306,2.462600,0.997609,0.065138,-0.015324,-0.017254
1640841524051489792,2.481170,0.246996,2.462910,0.997600,0.065257,-0.015292,-0.017357
1640841524055899904,2.479539,0.244310,2.465559,0.997521,0.066290,-0.015015,-0.018248
1640841524056470016,2.479328,0.243962,2.465899,0.997510,0.066424,-0.014979,-0.018363
1640841524060889856,2.477688,0.241253,2.468508,0.997429,0.067447,-0.014694,-0.019238
1640841524061359872,2.477514,0.240965,2.468783,0.997421,0.067554,-0.014663,-0.019329
1640841524065889792,2.475829,0.238173,2.471410,0.997339,0.068558,-0.014356,-0.020194
1640841524066319872,2.475669,0.237907,2.471657,0.997332,0.068650,-0.014327,-0.020275
1640841524070989824,2.473927,0.235011,2.474316,0.997251,0.069612,-0.013996,-0.021175
1640841524071499776,2.473737,0.234694,2.474604,0.997242,0.069713,-0.013960,-0.021274
1640841524076169984,2.471990,0.231779,2.477211,0.997163,0.070619,-0.013626,-0.022194
1640841524077109760,2.471638,0.231191,2.477731,0.997147,0.070799,-0.013561,-0.022379
1640841524081019904,2.470172,0.228735,2.479871,0.997079,0.071557,-0.013296,-0.023150
1640841524081479936,2.469999,0.228446,2.480120,0.997071,0.071647,-0.013265,-0.023241
1640841524085899776,2.468338,0.225654,2.482496,0.996991,0.072515,-0.012972,-0.024109
1640841524086540032,2.468097,0.225249,2.482837,0.996980,0.072640,-0.012929,-0.024235
1640841524091049984,2.466398,0.222382,2.485213,0.996898,0.073515,-0.012601,-0.025126
1640841524091589888,2.466194,0.222038,2.485494,0.996888,0.073618,-0.012558,-0.025234
1640841524097009920,2.464146,0.218570,2.488286,0.996789,0.074648,-0.012122,-0.026304
1640841524097730048,2.463874,0.218107,2.488653,0.996776,0.074785,-0.012065,-0.026444
1640841524100809728,2.462707,0.216124,2.490207,0.996718,0.075381,-0.011832,-0.027032
1640841524101179904,2.462567,0.215885,2.490392,0.996711,0.075453,-0.011805,-0.027102
1640841524106259712,2.460639,0.212595,2.492908,0.996611,0.076469,-0.011454,-0.028053
1640841524107709952,2.460088,0.211652,2.493616,0.996582,0.076765,-0.011355,-0.028329
1640841524110919936,2.458867,0.209559,2.495168,0.996515,0.077429,-0.011124,-0.028959
1640841524111480064,2.458654,0.209192,2.495436,0.996503,0.077546,-0.011082,-0.029072
1640841524115949824,2.456950,0.206261,2.497555,0.996406,0.078487,-0.010723,-0.030005
1640841524116619776,2.456694,0.205820,2.497869,0.996391,0.078629,-0.010667,-0.030145
1640841524120909824,2.455055,0.202988,2.499858,0.996296,0.079535,-0.010305,-0.031022
1640841524121529856,2.454818,0.202577,2.500142,0.996282,0.079665,-0.010253,-0.031144
1640841524125929728,2.453134,0.199653,2.502135,0.996185,0.080590,-0.009892,-0.031990
1640841524126419968,2.452946,0.199327,2.502355,0.996174,0.080693,-0.009853,-0.032082
1640841524134699776,2.449767,0.193776,2.505987,0.995986,0.082438,-0.009245,-0.033630
1640841524135089920,2.449617,0.193513,2.506154,0.995977,0.082520,-0.009218,-0.033704
1640841524135869952,2.449317,0.192986,2.506488,0.995959,0.082684,-0.009164,-0.033852
1640841524136289792,2.449155,0.192703,2.506668,0.995949,0.082771,-0.009135,-0.033932
1640841524140999936,2.447341,0.189511,2.508654,0.995839,0.083745,-0.008794,-0.034856
1640841524141639936,2.447094,0.189076,2.508920,0.995824,0.083875,-0.008745,-0.034985
1640841524146279936,2.445303,0.185910,2.510825,0.995715,0.084803,-0.008372,-0.035925
1640841524147640064,2.444777,0.184978,2.511375,0.995683,0.085069,-0.008256,-0.036195
1640841524150830080,2.443543,0.182786,2.512650,0.995611,0.085681,-0.007974,-0.036809
1640841524151199744,2.443400,0.182531,2.512796,0.995602,0.085751,-0.007941,-0.036878
1640841524155869952,2.441590,0.179303,2.514620,0.995499,0.086619,-0.007508,-0.037722
1640841524156250112,2.441443,0.179039,2.514767,0.995490,0.086688,-0.007472,-0.037790
1640841524160879872,2.439645,0.175817,2.516527,0.995389,0.087527,-0.007040,-0.038612
1640841524161360128,2.439458,0.175482,2.516707,0.995378,0.087613,-0.006996,-0.038699
1640841524166040064,2.437637,0.172202,2.518436,0.995273,0.088455,-0.006562,-0.039553
1640841524166819840,2.437333,0.171654,2.518719,0.995255,0.088596,-0.006489,-0.039698
1640841524171559936,2.435485,0.168307,2.520417,0.995144,0.089468,-0.006034,-0.040600
1640841524172089856,2.435278,0.167931,2.520604,0.995131,0.089567,-0.005982,-0.040702
1640841524175940096,2.433774,0.165194,2.521945,0.995038,0.090283,-0.005600,-0.041441
1640841524176559872,2.433531,0.164752,2.522158,0.995023,0.090398,-0.005538,-0.041559
1640841524181259776,2.431691,0.161389,2.523747,0.994912,0.091241,-0.005076,-0.042414
1640841524181949952,2.431421,0.160893,2.523976,0.994896,0.091362,-0.005009,-0.042535
1640841524185969920,2.429844,0.157996,2.525294,0.994804,0.092055,-0.004631,-0.043231
1640841524187019776,2.429431,0.157236,2.525633,0.994780,0.092235,-0.004535,-0.043413
1640841524190830080,2.427933,0.154471,2.526843,0.994691,0.092887,-0.004204,-0.044081
1640841524191259904,2.427764,0.154158,2.526978,0.994681,0.092961,-0.004168,-0.044158
1640841524195940096,2.425921,0.150739,2.528420,0.994571,0.093749,-0.003787,-0.045003
1640841524196630016,2.425649,0.150233,2.528629,0.994555,0.093861,-0.003731,-0.045128
1640841524201280000,2.423814,0.146811,2.530011,0.994453,0.094559,-0.003341,-0.045948
1640841524201829888,2.423596,0.146404,2.530171,0.994441,0.094634,-0.003293,-0.046042
1640841524205969920,2.421959,0.143335,2.531361,0.994360,0.095158,-0.002919,-0.046737
1640841524206990080,2.421555,0.142576,2.531648,0.994341,0.095279,-0.002825,-0.046907
1640841524210909952,2.420001,0.139650,2.532735,0.994267,0.095733,-0.002468,-0.047564
1640841524211399936,2.419807,0.139283,2.532868,0.994258,0.095789,-0.002424,-0.047647
1640841524216290048,2.417864,0.135606,2.534175,0.994163,0.096359,-0.001988,-0.048481
1640841524217239808,2.417487,0.134889,2.534424,0.994144,0.096474,-0.001904,-0.048644
1640841524220870144,2.416042,0.132139,2.535356,0.994069,0.096935,-0.001583,-0.049266
1640841524221429760,2.415818,0.131714,2.535498,0.994058,0.097009,-0.001533,-0.049361
1640841524225890048,2.414040,0.128313,2.536602,0.993959,0.097630,-0.001137,-0.050123
1640841524226289920,2.413880,0.128007,2.536700,0.993950,0.097688,-0.001102,-0.050192
1640841524230939904,2.412021,0.124436,2.537806,0.993841,0.098384,-0.000691,-0.050992
1640841524231670016,2.411729,0.123873,2.537975,0.993823,0.098497,-0.000627,-0.051119
1640841524237759744,2.409289,0.119155,2.539351,0.993672,0.099460,-0.000096,-0.052190
1640841524238620160,2.408944,0.118485,2.539539,0.993650,0.099597,-0.000022,-0.052341
1640841524240890112,2.408032,0.116713,2.540029,0.993594,0.099953,0.000168,-0.052729
1640841524241299968,2.407868,0.116393,2.540117,0.993584,0.100016,0.000202,-0.052798
1640841524245849856,2.406038,0.112822,2.541065,0.993475,0.100697,0.000559,-0.053539
1640841524246259968,2.405872,0.112499,2.541149,0.993466,0.100757,0.000590,-0.053605
1640841524250899968,2.404002,0.108831,2.542071,0.993359,0.101401,0.000914,-0.054353
1640841524251549952,2.403740,0.108316,2.542196,0.993345,0.101487,0.000956,-0.054460
1640841524255939840,2.401967,0.104820,2.543025,0.993246,0.102055,0.001224,-0.055187
1640841524256499968,2.401740,0.104372,2.543128,0.993233,0.102126,0.001258,-0.055280
1640841524260809984,2.399996,0.100915,2.543900,0.993136,0.102689,0.001515,-0.055982
1640841524261199872,2.399838,0.100601,2.543968,0.993127,0.102741,0.001539,-0.056044
1640841524266629888,2.397635,0.096213,2.544886,0.993004,0.103451,0.001869,-0.056902
1640841524270479872,2.396070,0.093081,2.545503,0.992920,0.103913,0.002094,-0.057509
1640841524271680000,2.395582,0.092101,2.545689,0.992895,0.104047,0.002161,-0.057698
1640841524272199936,2.395370,0.091676,2.545769,0.992884,0.104103,0.002190,-0.057781
1640841524275990016,2.393826,0.088568,2.546336,0.992807,0.104497,0.002397,-0.058384
1640841524277550080,2.393190,0.087284,2.546561,0.992776,0.104652,0.002480,-0.058633
1640841524281169920,2.391713,0.084293,2.547067,0.992704,0.105002,0.002670,-0.059214
1640841524281719808,2.391488,0.083837,2.547141,0.992693,0.105054,0.002698,-0.059303
1640841524286069760,2.389709,0.080220,2.547711,0.992606,0.105475,0.002927,-0.060005
1640841524286809856,2.389406,0.079602,2.547805,0.992590,0.105548,0.002968,-0.060126
1640841524291079936,2.387656,0.076026,2.548324,0.992500,0.105991,0.003218,-0.060822
1640841524291819776,2.387353,0.075404,2.548410,0.992484,0.106072,0.003265,-0.060943
1640841524296179968,2.385563,0.071726,2.548899,0.992384,0.106583,0.003570,-0.061662
1640841524297279744,2.385111,0.070795,2.549017,0.992358,0.106716,0.003651,-0.061842
1640841524300979968,2.383589,0.067651,2.549396,0.992274,0.107135,0.003903,-0.062438
1640841524301789952,2.383256,0.066960,2.549475,0.992257,0.107216,0.003951,-0.062564
1640841524305979904,2.381529,0.063376,2.549868,0.992177,0.107575,0.004148,-0.063201
1640841524306629888,2.381261,0.062818,2.549926,0.992165,0.107627,0.004173,-0.063299
1640841524310880000,2.379506,0.059158,2.550286,0.992081,0.108000,0.004342,-0.063966
1640841524311259904,2.379349,0.058830,2.550317,0.992073,0.108036,0.004358,-0.064027
1640841524315859968,2.377447,0.054842,2.550666,0.991974,0.108492,0.004563,-0.064778
1640841524316269824,2.377278,0.054486,2.550695,0.991965,0.108532,0.004583,-0.064844
1640841524321059840,2.375293,0.050304,2.551013,0.991872,0.108936,0.004819,-0.065578
1640841524321969920,2.374916,0.049506,2.551069,0.991856,0.108999,0.004865,-0.065710
1640841524326050048,2.373222,0.045918,2.551301,0.991790,0.109236,0.005067,-0.066292
1640841524326860032,2.372886,0.045203,2.551343,0.991778,0.109276,0.005104,-0.066408
1640841524330859776,2.371223,0.041662,2.551535,0.991718,0.109440,0.005271,-0.067005
1640841524331650048,2.370894,0.040961,2.551570,0.991707,0.109468,0.005300,-0.067128
1640841524335859968,2.369141,0.037209,2.551734,0.991646,0.109600,0.005440,-0.067798
1640841524336299776,2.368958,0.036816,2.551750,0.991640,0.109613,0.005454,-0.067869
1640841524340930048,2.367026,0.032663,2.551890,0.991573,0.109749,0.005603,-0.068598
1640841524341440000,2.366813,0.032204,2.551903,0.991566,0.109765,0.005621,-0.068677
1640841524346289920,2.364787,0.027824,2.552005,0.991498,0.109910,0.005793,-0.069410
1640841524348280064,2.363955,0.026018,2.552035,0.991470,0.109965,0.005866,-0.069711
1640841524350809856,2.362896,0.023716,2.552062,0.991436,0.110026,0.005958,-0.070100
1640841524351179776,2.362741,0.023379,2.552065,0.991431,0.110034,0.005972,-0.070157
1640841524355959808,2.360737,0.019006,2.552082,0.991364,0.110149,0.006128,-0.070900
1640841524356539904,2.360494,0.018474,2.552082,0.991356,0.110165,0.006144,-0.070990
1640841524361280000,2.358504,0.014108,2.552054,0.991284,0.110335,0.006242,-0.071711
1640841524361879808,2.358252,0.013553,2.552048,0.991275,0.110362,0.006250,-0.071801
1640841524365999872,2.356520,0.009734,2.551988,0.991206,0.110572,0.006285,-0.072423
1640841524366720000,2.356217,0.009064,2.551974,0.991193,0.110612,0.006289,-0.072534
1640841524370889984,2.354462,0.005174,2.551877,0.991118,0.110848,0.006308,-0.073204
1640841524371340032,2.354272,0.004753,2.551865,0.991109,0.110873,0.006309,-0.073278
1640841524375939840,2.352333,0.000436,2.551719,0.991025,0.111115,0.006330,-0.074045
1640841524376590080,2.352059,-0.000176,2.551696,0.991014,0.111145,0.006333,-0.074152
1640841524380839936,2.350264,-0.004189,2.551523,0.990946,0.111306,0.006355,-0.074813
1640841524381299968,2.350070,-0.004625,2.551503,0.990939,0.111319,0.006357,-0.074881
1640841524385969920,2.348096,-0.009062,2.551274,0.990878,0.111413,0.006377,-0.075549
1640841524386479872,2.347880,-0.009549,2.551246,0.990872,0.111419,0.006378,-0.075621
1640841524390909952,2.346005,-0.013784,2.550990,0.990820,0.111442,0.006378,-0.076265
1640841524391459840,2.345772,-0.014311,2.550956,0.990813,0.111442,0.006377,-0.076348
1640841524396699904,2.343551,-0.019353,2.550604,0.990754,0.111411,0.006362,-0.077164
1640841524398080000,2.342966,-0.020686,2.550504,0.990738,0.111397,0.006360,-0.077386
1640841524402050048,2.341280,-0.024534,2.550197,0.990693,0.111348,0.006373,-0.078032
1640841524402639872,2.341030,-0.025107,2.550149,0.990686,0.111340,0.006378,-0.078129
1640841524405819904,2.339679,-0.028204,2.549880,0.990649,0.111297,0.006418,-0.078652
1640841524406220032,2.339509,-0.028594,2.549845,0.990645,0.111291,0.006424,-0.078717
1640841524411099904,2.337433,-0.033371,2.549396,0.990594,0.111188,0.006483,-0.079493
1640841524412039936,2.337033,-0.034294,2.549305,0.990585,0.111160,0.006488,-0.079637
1640841524419520000,2.333846,-0.041676,2.548526,0.990520,0.110914,0.006486,-0.080781
1640841524420290048,2.333517,-0.042439,2.548441,0.990513,0.110889,0.006485,-0.080903
1640841524421349888,2.333065,-0.043491,2.548321,0.990503,0.110857,0.006482,-0.081071
1640841524422360064,2.332634,-0.044495,2.548206,0.990493,0.110826,0.006480,-0.081234
1640841524426119936,2.331029,-0.048241,2.547760,0.990454,0.110717,0.006467,-0.081854
1640841524427939840,2.330252,-0.050060,2.547537,0.990435,0.110664,0.006458,-0.082162
1640841524433139968,2.328029,-0.055277,2.546866,0.990378,0.110502,0.006415,-0.083069
1640841524433819904,2.327738,-0.055961,2.546775,0.990370,0.110478,0.006408,-0.083188
1640841524436100096,2.326763,-0.058259,2.546464,0.990347,0.110392,0.006386,-0.083581
1640841524436689920,2.326510,-0.058855,2.546382,0.990341,0.110368,0.006381,-0.083681
1640841524440919808,2.324699,-0.063137,2.545779,0.990307,0.110164,0.006353,-0.084359
1640841524442759936,2.323910,-0.065006,2.545507,0.990295,0.110058,0.006345,-0.084634
1640841524447409920,2.321916,-0.069744,2.544795,0.990270,0.109752,0.006313,-0.085319
1640841524448099840,2.321620,-0.070449,2.544686,0.990267,0.109702,0.006305,-0.085423
1640841524451759872,2.320048,-0.074198,2.544096,0.990249,0.109425,0.006246,-0.085992
1640841524452549888,2.319709,-0.075010,2.543966,0.990245,0.109363,0.006231,-0.086119
1640841524456019968,2.318218,-0.078580,2.543382,0.990227,0.109081,0.006166,-0.086681
1640841524456529920,2.317999,-0.079106,2.543295,0.990225,0.109039,0.006158,-0.086763
1640841524460870144,2.316132,-0.083592,2.542533,0.990203,0.108681,0.006119,-0.087457
1640841524461540096,2.315843,-0.084286,2.542412,0.990200,0.108626,0.006119,-0.087561
1640841524467480064,2.313284,-0.090462,2.541314,0.990176,0.108112,0.006151,-0.088460
1640841524468189952,2.312978,-0.091203,2.541178,0.990174,0.108045,0.006154,-0.088566
1640841524470939904,2.311792,-0.094077,2.540647,0.990167,0.107768,0.006155,-0.088975
1640841524472829696,2.310977,-0.096056,2.540275,0.990164,0.107566,0.006145,-0.089257
1640841524477829888,2.308817,-0.101312,2.539262,0.990157,0.107001,0.006087,-0.090021
1640841524478349824,2.308593,-0.101860,2.539154,0.990156,0.106941,0.006079,-0.090103
1640841524480849920,2.307512,-0.104498,2.538631,0.990151,0.106652,0.006034,-0.090502
1640841524481299968,2.307317,-0.104974,2.538536,0.990150,0.106600,0.006025,-0.090575
1640841524486119936,2.305231,-0.110081,2.537494,0.990137,0.106043,0.005930,-0.091375
1640841524487419904,2.304668,-0.111463,2.537207,0.990133,0.105893,0.005907,-0.091594
1640841524491099904,2.303073,-0.115383,2.536380,0.990121,0.105464,0.005853,-0.092218
1640841524492079872,2.302648,-0.116430,2.536156,0.990118,0.105347,0.005842,-0.092385
1640841524495940096,2.300973,-0.120560,2.535258,0.990110,0.104849,0.005811,-0.093031
1640841524496489984,2.300734,-0.121150,2.535129,0.990110,0.104771,0.005808,-0.093122
1640841524500910080,2.298814,-0.125901,2.534068,0.990118,0.104060,0.005793,-0.093827
1640841524501509888,2.298553,-0.126547,2.533922,0.990121,0.103953,0.005791,-0.093921
1640841524506179840,2.296521,-0.131590,2.532764,0.990144,0.103075,0.005771,-0.094639
1640841524507079936,2.296129,-0.132565,2.532537,0.990149,0.102903,0.005764,-0.094778
1640841524511159808,2.294351,-0.136992,2.531491,0.990166,0.102145,0.005709,-0.095423
1640841524512489984,2.293771,-0.138439,2.531144,0.990169,0.101915,0.005680,-0.095640
1640841524515899904,2.292282,-0.142156,2.530243,0.990167,0.101390,0.005575,-0.096225
1640841524517370112,2.291640,-0.143762,2.529849,0.990162,0.101190,0.005518,-0.096489
1640841524521230080,2.289953,-0.147989,2.528799,0.990154,0.100602,0.005395,-0.097181
1640841524521760000,2.289721,-0.148571,2.528652,0.990155,0.100504,0.005386,-0.097274
1640841524526000128,2.287865,-0.153233,2.527468,0.990176,0.099600,0.005359,-0.097988
1640841524526799872,2.287514,-0.154114,2.527242,0.990182,0.099419,0.005356,-0.098119
1640841524531219968,2.285576,-0.158995,2.525972,0.990207,0.098455,0.005308,-0.098834
1640841524532239872,2.285129,-0.160124,2.525675,0.990212,0.098246,0.005285,-0.098998
1640841524536000000,2.283477,-0.164295,2.524565,0.990225,0.097504,0.005176,-0.099606
1640841524536819968,2.283116,-0.165206,2.524320,0.990227,0.097346,0.005147,-0.099740
1640841524544539904,2.279718,-0.173817,2.521965,0.990245,0.095816,0.004848,-0.101051
1640841524545260032,2.279400,-0.174622,2.521740,0.990246,0.095667,0.004820,-0.101177
1640841524546269952,2.278955,-0.175754,2.521424,0.990249,0.095453,0.004782,-0.101355
1640841524546979840,2.278642,-0.176549,2.521201,0.990251,0.095301,0.004756,-0.101480
1640841524550860032,2.276929,-0.180906,2.519969,0.990264,0.094435,0.004630,-0.102164
1640841524551409920,2.276686,-0.181525,2.519792,0.990266,0.094307,0.004615,-0.102260
1640841524556150016,2.274589,-0.186868,2.518252,0.990291,0.093158,0.004487,-0.103082
1640841524556949760,2.274235,-0.187772,2.517988,0.990295,0.092956,0.004465,-0.103219
1640841524560910080,2.272480,-0.192254,2.516670,0.990323,0.091927,0.004341,-0.103877
1640841524561389824,2.272267,-0.192798,2.516509,0.990327,0.091799,0.004323,-0.103955
1640841524565979904,2.270230,-0.198012,2.514949,0.990363,0.090566,0.004139,-0.104700
1640841524567549952,2.269532,-0.199800,2.514408,0.990374,0.090147,0.004071,-0.104960
1640841524571120128,2.267943,-0.203873,2.513164,0.990393,0.089218,0.003910,-0.105579
1640841524572880128,2.267160,-0.205885,2.512544,0.990399,0.088773,0.003830,-0.105898
1640841524577430016,2.265131,-0.211099,2.510920,0.990411,0.087636,0.003624,-0.106733
1640841524578400000,2.264698,-0.212212,2.510569,0.990414,0.087392,0.003581,-0.106907
1640841524580859904,2.263599,-0.215040,2.509675,0.990423,0.086764,0.003472,-0.107339
1640841524581359872,2.263375,-0.215615,2.509492,0.990425,0.086636,0.003450,-0.107425
1640841524586419712,2.261111,-0.221449,2.507620,0.990448,0.085312,0.003230,-0.108277
1640841524587970048,2.260416,-0.223241,2.507039,0.990455,0.084902,0.003163,-0.108534
1640841524591109888,2.259008,-0.226875,2.505851,0.990470,0.084064,0.003025,-0.109059
1640841524591830016,2.258685,-0.227710,2.505577,0.990473,0.083872,0.002993,-0.109180
1640841524595959808,2.256829,-0.232504,2.503989,0.990487,0.082766,0.002806,-0.109893
1640841524596669952,2.256510,-0.233330,2.503713,0.990490,0.082576,0.002773,-0.110018
1640841524600879872,2.254614,-0.238233,2.502064,0.990499,0.081461,0.002565,-0.110771
1640841524602089984,2.254069,-0.239645,2.501585,0.990500,0.081145,0.002500,-0.110990
1640841524606169856,2.252228,-0.244413,2.499955,0.990503,0.080093,0.002262,-0.111728
1640841524607139840,2.251789,-0.245548,2.499564,0.990504,0.079843,0.002202,-0.111903
1640841524611049984,2.250021,-0.250132,2.497974,0.990507,0.078823,0.001951,-0.112598
1640841524611609856,2.249768,-0.250789,2.497745,0.990508,0.078673,0.001914,-0.112697
1640841524615929856,2.247810,-0.255867,2.495959,0.990519,0.077478,0.001628,-0.113435
1640841524616480000,2.247561,-0.256515,2.495730,0.990521,0.077319,0.001591,-0.113526
1640841524620849920,2.245576,-0.261666,2.493893,0.990543,0.075991,0.001307,-0.114225
1640841524621840128,2.245126,-0.262835,2.493472,0.990549,0.075686,0.001244,-0.114381
1640841524625860096,2.243297,-0.267588,2.491753,0.990561,0.074519,0.000990,-0.115044
1640841524626259968,2.243114,-0.268062,2.491581,0.990561,0.074409,0.000965,-0.115113
1640841524630899968,2.240998,-0.273562,2.489565,0.990561,0.073110,0.000661,-0.115945
1640841524631539712,2.240706,-0.274322,2.489284,0.990561,0.072922,0.000618,-0.116062
1640841524636960000,2.238228,-0.280765,2.486886,0.990565,0.071260,0.000268,-0.117056
1640841524637539840,2.237962,-0.281456,2.486627,0.990566,0.071075,0.000234,-0.117160
1640841524641369856,2.236207,-0.286021,2.484905,0.990577,0.069824,0.000034,-0.117824
1640841524642540032,2.235671,-0.287417,2.484374,0.990581,0.069433,-0.000015,-0.118016
1640841524645929728,2.234114,-0.291467,2.482827,0.990597,0.068288,-0.000133,-0.118549
1640841524646809856,2.233709,-0.292519,2.482423,0.990601,0.067992,-0.000164,-0.118687
1640841524650990080,2.231786,-0.297523,2.480488,0.990609,0.066634,-0.000356,-0.119392
1640841524652369920,2.231150,-0.299177,2.479844,0.990607,0.066204,-0.000439,-0.119645
1640841524655889920,2.229527,-0.303401,2.478190,0.990596,0.065143,-0.000678,-0.120318
1640841524656349952,2.229314,-0.303953,2.477972,0.990594,0.065007,-0.000711,-0.120407
1640841524660819968,2.227248,-0.309326,2.475844,0.990572,0.063707,-0.001023,-0.121274
1640841524661219840,2.227063,-0.309807,2.475652,0.990570,0.063592,-0.001050,-0.121350
1640841524666019840,2.224840,-0.315588,2.473334,0.990547,0.062210,-0.001353,-0.122246
1640841524667779840,2.224024,-0.317710,2.472476,0.990540,0.061699,-0.001459,-0.122565
1640841524670909952,2.222570,-0.321487,2.470940,0.990527,0.060779,-0.001645,-0.123124
1640841524671459840,2.222314,-0.322151,2.470669,0.990525,0.060615,-0.001678,-0.123221
1640841524676319744,2.220053,-0.328024,2.468255,0.990506,0.059148,-0.001971,-0.124080
1640841524677579776,2.219466,-0.329549,2.467623,0.990500,0.058762,-0.002050,-0.124306
1640841524680899840,2.217917,-0.333568,2.465950,0.990483,0.057739,-0.002269,-0.124919
1640841524681659904,2.217562,-0.334488,2.465565,0.990478,0.057503,-0.002321,-0.125063
1640841524685949952,2.215557,-0.339688,2.463378,0.990451,0.056164,-0.002616,-0.125882
1640841524686640128,2.215234,-0.340525,2.463024,0.990446,0.055948,-0.002663,-0.126013
1640841524690939904,2.213220,-0.345743,2.460803,0.990420,0.054593,-0.002936,-0.126807
1640841524691579904,2.212920,-0.346520,2.460470,0.990416,0.054391,-0.002973,-0.126922
1640841524695829760,2.210925,-0.351683,2.458248,0.990393,0.053042,-0.003210,-0.127666
1640841524696280064,2.210713,-0.352231,2.458011,0.990390,0.052899,-0.003235,-0.127744
1640841524700929792,2.208526,-0.357885,2.455551,0.990362,0.051415,-0.003488,-0.128562
1640841524701649920,2.208186,-0.358761,2.455167,0.990357,0.051185,-0.003529,-0.128691
1640841524705859840,2.206201,-0.363886,2.452912,0.990324,0.049854,-0.003783,-0.129454
1640841524706359808,2.205965,-0.364494,2.452642,0.990320,0.049698,-0.003815,-0.129546
1640841524710830080,2.203853,-0.369939,2.450220,0.990277,0.048337,-0.004136,-0.130374
1640841524711309824,2.203626,-0.370524,2.449958,0.990272,0.048194,-0.004173,-0.130464
1640841524716059904,2.201376,-0.376313,2.447354,0.990221,0.046796,-0.004545,-0.131346
1640841524717179904,2.200844,-0.377678,2.446736,0.990209,0.046467,-0.004630,-0.131552
1640841524720849920,2.199102,-0.382153,2.444699,0.990170,0.045378,-0.004885,-0.132216
1640841524721299968,2.198888,-0.382702,2.444448,0.990165,0.045243,-0.004914,-0.132296
1640841524726060032,2.196624,-0.388508,2.441779,0.990117,0.043794,-0.005202,-0.133129
1640841524726480128,2.196424,-0.389020,2.441542,0.990113,0.043664,-0.005227,-0.133202
1640841524730979840,2.194278,-0.394509,2.438991,0.990068,0.042259,-0.005521,-0.133975
1640841524732270080,2.193662,-0.396083,2.438255,0.990055,0.041851,-0.005617,-0.134196
1640841524735980032,2.191889,-0.400609,2.436128,0.990016,0.040658,-0.005920,-0.134836
1640841524736709888,2.191540,-0.401499,2.435707,0.990008,0.040418,-0.005981,-0.134963
1640841524741009920,2.189480,-0.406744,2.433217,0.989960,0.038951,-0.006320,-0.135728
1640841524741959936,2.189025,-0.407903,2.432664,0.989949,0.038614,-0.006388,-0.135901
1640841524747309824,2.186456,-0.414427,2.429528,0.989884,0.036714,-0.006739,-0.136878
1640841524748509952,2.185879,-0.415890,2.428821,0.989869,0.036301,-0.006817,-0.137094
1640841524750929920,2.184715,-0.418839,2.427388,0.989838,0.035497,-0.006979,-0.137521
1640841524754370048,2.183057,-0.423031,2.425340,0.989792,0.034393,-0.007217,-0.138115
1640841524756369920,2.182092,-0.425467,2.424143,0.989766,0.033751,-0.007355,-0.138459
1640841524756950016,2.181812,-0.426173,2.423794,0.989758,0.033563,-0.007395,-0.138559
1640841524761250048,2.179735,-0.431409,2.421202,0.989698,0.032117,-0.007684,-0.139308
1640841524761829888,2.179454,-0.432114,2.420851,0.989690,0.031916,-0.007723,-0.139410
1640841524766029824,2.177421,-0.437224,2.418295,0.989627,0.030452,-0.008011,-0.140164
1640841524768620032,2.176165,-0.440373,2.416709,0.989585,0.029566,-0.008206,-0.140642
1640841524770819840,2.175097,-0.443046,2.415356,0.989546,0.028839,-0.008386,-0.141054
1640841524771259904,2.174883,-0.443580,2.415085,0.989538,0.028695,-0.008423,-0.141137
1640841524775939840,2.172608,-0.449262,2.412187,0.989452,0.027180,-0.008823,-0.142018
1640841524777720064,2.171742,-0.451422,2.411078,0.989419,0.026594,-0.008970,-0.142347
1640841524781119744,2.170085,-0.455544,2.408950,0.989359,0.025431,-0.009224,-0.142956
1640841524782789888,2.169270,-0.457567,2.407900,0.989331,0.024840,-0.009338,-0.143247
1640841524785789952,2.167804,-0.461200,2.406006,0.989282,0.023756,-0.009532,-0.143758
1640841524786149888,2.167629,-0.461635,2.405779,0.989276,0.023624,-0.009554,-0.143819
1640841524790969856,2.165270,-0.467464,2.402714,0.989195,0.021864,-0.009866,-0.144629
1640841524791669760,2.164927,-0.468310,2.402267,0.989183,0.021609,-0.009913,-0.144747
1640841524796320000,2.162647,-0.473923,2.399283,0.989099,0.019924,-0.010246,-0.145539
1640841524798009856,2.161817,-0.475961,2.398192,0.989067,0.019308,-0.010373,-0.145831
1640841524801600000,2.160052,-0.480285,2.395866,0.988995,0.017989,-0.010651,-0.146463
1640841524802149888,2.159781,-0.480947,2.395509,0.988984,0.017786,-0.010694,-0.146560
1640841524805889792,2.157939,-0.485445,2.393069,0.988905,0.016392,-0.010980,-0.147230
1640841524806429952,2.157673,-0.486094,2.392715,0.988894,0.016190,-0.011019,-0.147327
1640841524811190016,2.155324,-0.491808,2.389586,0.988791,0.014397,-0.011339,-0.148179
1640841524812549888,2.154652,-0.493439,2.388687,0.988761,0.013881,-0.011420,-0.148421
1640841524815899904,2.152994,-0.497451,2.386466,0.988688,0.012606,-0.011611,-0.149007
1640841524816519936,2.152687,-0.498193,2.386054,0.988674,0.012369,-0.011646,-0.149114
1640841524820789760,2.150571,-0.503297,2.383203,0.988581,0.010724,-0.011903,-0.149833
1640841524821199872,2.150368,-0.503786,2.382929,0.988573,0.010566,-0.011929,-0.149901
1640841524826129920,2.147919,-0.509665,2.379612,0.988462,0.008654,-0.012274,-0.150725
1640841524828499968,2.146739,-0.512486,2.378009,0.988403,0.007740,-0.012457,-0.151145
1640841524831239936,2.145375,-0.515743,2.376149,0.988329,0.006691,-0.012679,-0.151659
1640841524832540160,2.144726,-0.517287,2.375263,0.988292,0.006193,-0.012786,-0.151909
1640841524835990016,2.143005,-0.521378,2.372906,0.988194,0.004868,-0.013063,-0.152571
1640841524836799744,2.142600,-0.522338,2.372350,0.988171,0.004554,-0.013125,-0.152723
1640841524840979712,2.140510,-0.527282,2.369475,0.988060,0.002908,-0.013411,-0.153459
1640841524842159872,2.139919,-0.528676,2.368660,0.988030,0.002436,-0.013481,-0.153652
1640841524846619904,2.137683,-0.533936,2.365568,0.987920,0.000627,-0.013730,-0.154353
1640841524847059968,2.137462,-0.534454,2.365261,0.987909,0.000447,-0.013754,-0.154421
1640841524850849792,2.135558,-0.538911,2.362617,0.987809,-0.001100,-0.013978,-0.155036
1640841524851330048,2.135316,-0.539475,2.362281,0.987796,-0.001296,-0.014008,-0.155117
1640841524855830016,2.133050,-0.544752,2.359121,0.987664,-0.003117,-0.014317,-0.155903
1640841524856219904,2.132854,-0.545208,2.358846,0.987652,-0.003273,-0.014346,-0.155973
1640841524860909824,2.130487,-0.550690,2.355530,0.987504,-0.005125,-0.014705,-0.156824
1640841524861519872,2.130179,-0.551402,2.355097,0.987484,-0.005361,-0.014753,-0.156935
1640841524866060032,2.127882,-0.556690,2.351865,0.987338,-0.007099,-0.015111,-0.157749
1640841524866989824,2.127411,-0.557772,2.351200,0.987309,-0.007452,-0.015181,-0.157911
1640841524870880000,2.125438,-0.562287,2.348411,0.987188,-0.008922,-0.015453,-0.158562
1640841524871399936,2.125174,-0.562889,2.348038,0.987172,-0.009118,-0.015487,-0.158646
1640841524875929856,2.122871,-0.568129,2.344770,0.987033,-0.010818,-0.015781,-0.159371
1640841524876549888,2.122556,-0.568845,2.344321,0.987014,-0.011049,-0.015822,-0.159471
1640841524880950016,2.120313,-0.573916,2.341127,0.986870,-0.012678,-0.016146,-0.160205
1640841524881579776,2.119992,-0.574640,2.340668,0.986849,-0.012909,-0.016197,-0.160314
1640841524885870080,2.117800,-0.579565,2.337534,0.986697,-0.014472,-0.016567,-0.161072
1640841524886400000,2.117529,-0.580173,2.337145,0.986678,-0.014663,-0.016616,-0.161167
1640841524890949888,2.115199,-0.585376,2.333800,0.986511,-0.016294,-0.017046,-0.161986
1640841524891689984,2.114820,-0.586220,2.333254,0.986484,-0.016557,-0.017118,-0.162119
1640841524895899904,2.112658,-0.591014,2.330139,0.986329,-0.018050,-0.017522,-0.162856
1640841524896440064,2.112380,-0.591628,2.329739,0.986310,-0.018242,-0.017571,-0.162947
1640841524900889856,2.110090,-0.596674,2.326427,0.986155,-0.019846,-0.017935,-0.163653
1640841524901719808,2.109662,-0.597613,2.325807,0.986128,-0.020150,-0.017994,-0.163776
1640841524907529728,2.106662,-0.604168,2.321452,0.985932,-0.022282,-0.018386,-0.164629
1640841524908389888,2.106218,-0.605136,2.320804,0.985902,-0.022594,-0.018447,-0.164762
1640841524910840064,2.104949,-0.607888,2.318956,0.985811,-0.023474,-0.018635,-0.165163
1640841524911330048,2.104695,-0.608437,2.318586,0.985792,-0.023648,-0.018675,-0.165246
1640841524916009984,2.102268,-0.613674,2.315040,0.985605,-0.025278,-0.019072,-0.166072
1640841524916620032,2.101951,-0.614355,2.314576,0.985580,-0.025487,-0.019123,-0.166181
1640841524921219840,2.099558,-0.619476,2.311069,0.985398,-0.027029,-0.019490,-0.166976
1640841524923280128,2.098484,-0.621763,2.309492,0.985318,-0.027706,-0.019642,-0.167316
1640841524925819904,2.097159,-0.624575,2.307543,0.985221,-0.028533,-0.019828,-0.167725
1640841524926259968,2.096929,-0.625062,2.307205,0.985205,-0.028676,-0.019860,-0.167795
1640841524930889728,2.094508,-0.630168,2.303635,0.985027,-0.030174,-0.020231,-0.168530
1640841524931419904,2.094231,-0.630750,2.303225,0.985006,-0.030345,-0.020278,-0.168614
1640841524936009984,2.091824,-0.635786,2.299666,0.984822,-0.031842,-0.020743,-0.169359
1640841524936559872,2.091535,-0.636388,2.299238,0.984799,-0.032023,-0.020806,-0.169450
1640841524940790016,2.089311,-0.641004,2.295939,0.984616,-0.033413,-0.021292,-0.170180
1640841524941249792,2.089069,-0.641504,2.295579,0.984596,-0.033562,-0.021339,-0.170262
1640841524946439936,2.086332,-0.647136,2.291508,0.984364,-0.035221,-0.021785,-0.171211
1640841524947069952,2.085999,-0.647818,2.291013,0.984335,-0.035421,-0.021835,-0.171326
1640841524950899712,2.083974,-0.651950,2.287991,0.984167,-0.036644,-0.022163,-0.171993
1640841524951670016,2.083566,-0.652779,2.287382,0.984134,-0.036892,-0.022238,-0.172119
1640841524955989760,2.081275,-0.657414,2.283956,0.983950,-0.038309,-0.022689,-0.172798
1640841524956569856,2.080967,-0.658035,2.283495,0.983926,-0.038503,-0.022751,-0.172886
1640841524960839936,2.078697,-0.662590,2.280091,0.983743,-0.039957,-0.023197,-0.173537
1640841524961589760,2.078298,-0.663388,2.279491,0.983710,-0.040217,-0.023273,-0.173653
1640841524965910016,2.075994,-0.667969,2.276028,0.983517,-0.041726,-0.023700,-0.174330
1640841524966379776,2.075743,-0.668466,2.275650,0.983496,-0.041890,-0.023746,-0.174406
1640841524971459840,2.073026,-0.673819,2.271555,0.983255,-0.043658,-0.024248,-0.175258
1640841524972659712,2.072384,-0.675079,2.270585,0.983196,-0.044070,-0.024368,-0.175468
1640841524975909888,2.070640,-0.678481,2.267950,0.983035,-0.045173,-0.024699,-0.176044
1640841524976429824,2.070361,-0.679023,2.267528,0.983009,-0.045348,-0.024752,-0.176136
1640841524980839936,2.067989,-0.683614,2.263936,0.982797,-0.046812,-0.025197,-0.176874
1640841524981210112,2.067790,-0.683997,2.263634,0.982780,-0.046933,-0.025234,-0.176932
1640841524985920000,2.065250,-0.688868,2.259779,0.982567,-0.048449,-0.025698,-0.177635
1640841524986579968,2.064894,-0.689548,2.259237,0.982538,-0.048657,-0.025763,-0.177731
1640841524990969856,2.062519,-0.694056,2.255624,0.982340,-0.049997,-0.026195,-0.178388
1640841524991449856,2.062260,-0.694547,2.255229,0.982318,-0.050139,-0.026243,-0.178463
1640841524996249856,2.059656,-0.699442,2.251258,0.982090,-0.051523,-0.026726,-0.179250
1640841524996739840,2.059390,-0.699940,2.250851,0.982066,-0.051661,-0.026776,-0.179334
1640841525000869888,2.057143,-0.704122,2.247417,0.981859,-0.052823,-0.027205,-0.180060
1640841525001439744,2.056833,-0.704697,2.246943,0.981831,-0.052982,-0.027264,-0.180162
1640841525005920000,2.054389,-0.709202,2.243200,0.981604,-0.054215,-0.027731,-0.180957
1640841525006549760,2.054045,-0.709833,2.242672,0.981573,-0.054384,-0.027795,-0.181065
1640841525010939904,2.051643,-0.714214,2.238986,0.981363,-0.055536,-0.028228,-0.181784
1640841525012079872,2.051019,-0.715347,2.238026,0.981311,-0.055829,-0.028337,-0.181961
1640841525015859968,2.048945,-0.719090,2.234836,0.981137,-0.056807,-0.028703,-0.182535
1640841525016310016,2.048698,-0.719534,2.234455,0.981116,-0.056925,-0.028748,-0.182603
1640841525020789760,2.046234,-0.723938,2.230657,0.980902,-0.058146,-0.029214,-0.183292
1640841525021319936,2.045942,-0.724457,2.230206,0.980876,-0.058298,-0.029273,-0.183377
1640841525025830144,2.043454,-0.728856,2.226364,0.980640,-0.059626,-0.029799,-0.184124
1640841525026309888,2.043189,-0.729322,2.225954,0.980614,-0.059767,-0.029856,-0.184206
1640841525033319936,2.039309,-0.736090,2.219947,0.980239,-0.061677,-0.030630,-0.185441
1640841525035200000,2.038267,-0.737892,2.218329,0.980141,-0.062156,-0.030818,-0.185770
1640841525036089856,2.037772,-0.738743,2.217562,0.980095,-0.062382,-0.030905,-0.185923
1640841525036909824,2.037317,-0.739525,2.216855,0.980053,-0.062591,-0.030983,-0.186062
1640841525040829952,2.035137,-0.743253,2.213467,0.979856,-0.063623,-0.031341,-0.186690
1640841525041280000,2.034886,-0.743679,2.213077,0.979833,-0.063745,-0.031381,-0.186758
1640841525046259968,2.032109,-0.748374,2.208754,0.979587,-0.065111,-0.031812,-0.187506
1640841525046779904,2.031819,-0.748862,2.208301,0.979561,-0.065253,-0.031857,-0.187585
1640841525051379968,2.029247,-0.753157,2.204288,0.979323,-0.066488,-0.032261,-0.188321
1640841525051839744,2.028989,-0.753585,2.203886,0.979299,-0.066608,-0.032302,-0.188400
1640841525055849984,2.026742,-0.757297,2.200373,0.979081,-0.067618,-0.032669,-0.189106
1640841525056259840,2.026512,-0.757675,2.200013,0.979059,-0.067718,-0.032707,-0.189180
1640841525060879872,2.023916,-0.761914,2.195948,0.978807,-0.068796,-0.033138,-0.190016
1640841525061669888,2.023471,-0.762635,2.195251,0.978765,-0.068973,-0.033211,-0.190157
1640841525068600064,2.019565,-0.768914,2.189118,0.978401,-0.070483,-0.033832,-0.191362
1640841525069380096,2.019124,-0.769616,2.188426,0.978361,-0.070656,-0.033897,-0.191492
1640841525070839808,2.018299,-0.770926,2.187128,0.978286,-0.070983,-0.034014,-0.191732
1640841525071470080,2.017943,-0.771490,2.186568,0.978254,-0.071125,-0.034064,-0.191835
1640841525075869952,2.015452,-0.775409,2.182645,0.978028,-0.072145,-0.034400,-0.192544
1640841525076369920,2.015169,-0.775853,2.182199,0.978002,-0.072263,-0.034438,-0.192625
1640841525081479936,2.012269,-0.780356,2.177623,0.977728,-0.073483,-0.034844,-0.193477
1640841525082819840,2.011507,-0.781528,2.176420,0.977654,-0.073805,-0.034956,-0.193710
1640841525086040064,2.009675,-0.784333,2.173523,0.977473,-0.074576,-0.035222,-0.194278
1640841525086880000,2.009197,-0.785062,2.172766,0.977426,-0.074776,-0.035287,-0.194426
1640841525090870016,2.006922,-0.788504,2.169164,0.977205,-0.075711,-0.035560,-0.195124
1640841525091290112,2.006682,-0.788865,2.168784,0.977182,-0.075808,-0.035585,-0.195196
1640841525096249856,2.003848,-0.793098,2.164288,0.976917,-0.076949,-0.035845,-0.196028
1640841525097519872,2.003121,-0.794174,2.163134,0.976850,-0.077242,-0.035907,-0.196233
1640841525100899840,2.001185,-0.797024,2.160057,0.976674,-0.078033,-0.036079,-0.196766
1640841525101889792,2.000617,-0.797854,2.159154,0.976623,-0.078267,-0.036133,-0.196919
1640841525105939968,1.998293,-0.801232,2.155454,0.976409,-0.079229,-0.036364,-0.197551
1640841525106679808,1.997867,-0.801846,2.154776,0.976369,-0.079403,-0.036408,-0.197670
1640841525111150080,1.995296,-0.805530,2.150676,0.976118,-0.080437,-0.036679,-0.198439
1640841525111820032,1.994910,-0.806079,2.150060,0.976079,-0.080589,-0.036719,-0.198561
1640841525116199936,1.992385,-0.809645,2.146026,0.975822,-0.081561,-0.036968,-0.199383
1640841525116950016,1.991952,-0.810252,2.145334,0.975778,-0.081725,-0.037005,-0.199524
1640841525121039872,1.989589,-0.813541,2.141554,0.975543,-0.082611,-0.037174,-0.200274
1640841525122360064,1.988826,-0.814595,2.140331,0.975470,-0.082896,-0.037214,-0.200504
1640841525125819904,1.986822,-0.817342,2.137121,0.975282,-0.083644,-0.037303,-0.201090
1640841525126279936,1.986556,-0.817706,2.136694,0.975257,-0.083744,-0.037315,-0.201167
1640841525130939904,1.983853,-0.821363,2.132356,0.975002,-0.084773,-0.037464,-0.201943
1640841525131729920,1.983394,-0.821979,2.131619,0.974958,-0.084951,-0.037496,-0.202076
1640841525136839936,1.980423,-0.825930,2.126842,0.974667,-0.086110,-0.037719,-0.202945
1640841525137359872,1.980120,-0.826329,2.126355,0.974637,-0.086229,-0.037742,-0.203035
1640841525140909824,1.978052,-0.829038,2.123026,0.974430,-0.087039,-0.037887,-0.203653
1640841525141360128,1.977790,-0.829380,2.122603,0.974404,-0.087141,-0.037903,-0.203732
1640841525145890048,1.975146,-0.832795,2.118341,0.974139,-0.088161,-0.038046,-0.204532
1640841525146800128,1.974614,-0.833476,2.117483,0.974086,-0.088362,-0.038071,-0.204693
1640841525150859776,1.972240,-0.836493,2.113650,0.973854,-0.089238,-0.038167,-0.205398
1640841525151469824,1.971883,-0.836943,2.113073,0.973820,-0.089366,-0.038180,-0.205502
1640841525155949824,1.969258,-0.840227,2.108828,0.973570,-0.090296,-0.038269,-0.206259
1640841525156489728,1.968941,-0.840619,2.108316,0.973540,-0.090408,-0.038279,-0.206349
1640841525160940032,1.966328,-0.843834,2.104086,0.973291,-0.091340,-0.038363,-0.207097
1640841525161319936,1.966105,-0.844106,2.103724,0.973270,-0.091420,-0.038370,-0.207161
1640841525165969920,1.963369,-0.847416,2.099290,0.973005,-0.092389,-0.038452,-0.207958
1640841525166800128,1.962880,-0.848002,2.098497,0.972958,-0.092557,-0.038465,-0.208103
1640841525170899968,1.960464,-0.850875,2.094573,0.972722,-0.093347,-0.038522,-0.208840
1640841525171379968,1.960180,-0.851209,2.094113,0.972695,-0.093435,-0.038528,-0.208928
1640841525175899904,1.957511,-0.854330,2.089775,0.972437,-0.094232,-0.038568,-0.209760
1640841525176630016,1.957079,-0.854830,2.089073,0.972396,-0.094358,-0.038573,-0.209893
1640841525180809984,1.954606,-0.857670,2.085048,0.972164,-0.095079,-0.038589,-0.210636
1640841525181139968,1.954410,-0.857893,2.084730,0.972146,-0.095136,-0.038590,-0.210693
1640841525186629888,1.951155,-0.861562,2.079426,0.971850,-0.096084,-0.038609,-0.211625
1640841525187299840,1.950758,-0.862005,2.078778,0.971814,-0.096198,-0.038614,-0.211738
1640841525191000064,1.948559,-0.864435,2.075191,0.971613,-0.096821,-0.038656,-0.212364
1640841525191459840,1.948286,-0.864736,2.074745,0.971589,-0.096898,-0.038662,-0.212442
1640841525196829952,1.945090,-0.868204,2.069525,0.971298,-0.097761,-0.038738,-0.213360
1640841525197259776,1.944834,-0.868479,2.069106,0.971275,-0.097828,-0.038743,-0.213434
1640841525200870144,1.942681,-0.870772,2.065586,0.971082,-0.098374,-0.038770,-0.214052
1640841525201429760,1.942347,-0.871125,2.065039,0.971053,-0.098456,-0.038772,-0.214148
1640841525205839872,1.939713,-0.873882,2.060728,0.970822,-0.099088,-0.038770,-0.214902
1640841525206249984,1.939467,-0.874136,2.060326,0.970801,-0.099146,-0.038770,-0.214972
1640841525211500032,1.936326,-0.877357,2.055177,0.970530,-0.099875,-0.038759,-0.215858
1640841525213079808,1.935379,-0.878314,2.053625,0.970449,-0.100089,-0.038756,-0.216122
1640841525215790080,1.933754,-0.879943,2.050958,0.970312,-0.100445,-0.038751,-0.216573
1640841525216159744,1.933532,-0.880164,2.050594,0.970293,-0.100493,-0.038750,-0.216634
1640841525220829952,1.930728,-0.882929,2.045989,0.970064,-0.101053,-0.038737,-0.217402
1640841525221740032,1.930181,-0.883462,2.045090,0.970020,-0.101154,-0.038734,-0.217551
1640841525226029824,1.927600,-0.885949,2.040846,0.969816,-0.101591,-0.038717,-0.218258
1640841525228430080,1.926155,-0.887323,2.038467,0.969703,-0.101809,-0.038708,-0.218659
1640841525233039872,1.923375,-0.889925,2.033889,0.969486,-0.102175,-0.038693,-0.219455
1640841525233369856,1.923176,-0.890110,2.033561,0.969470,-0.102198,-0.038692,-0.219513
1640841525235800064,1.921709,-0.891460,2.031143,0.969355,-0.102365,-0.038685,-0.219946
1640841525236239872,1.921443,-0.891703,2.030705,0.969334,-0.102395,-0.038684,-0.220024
1640841525240859904,1.918650,-0.894229,2.026097,0.969120,-0.102713,-0.038652,-0.220821
1640841525241689856,1.918148,-0.894678,2.025268,0.969083,-0.102775,-0.038642,-0.220957
1640841525246199808,1.915418,-0.897088,2.020756,0.968885,-0.103122,-0.038584,-0.221675
1640841525246759936,1.915078,-0.897384,2.020195,0.968860,-0.103166,-0.038578,-0.221763
1640841525250870016,1.912586,-0.899535,2.016073,0.968675,-0.103478,-0.038552,-0.222430
1640841525251219968,1.912374,-0.899716,2.015722,0.968659,-0.103503,-0.038552,-0.222488
1640841525255899904,1.909532,-0.902114,2.011016,0.968441,-0.103827,-0.038559,-0.223284
1640841525256539904,1.909143,-0.902438,2.010371,0.968411,-0.103869,-0.038560,-0.223394
1640841525260959744,1.906455,-0.904649,2.005915,0.968207,-0.104134,-0.038556,-0.224152
1640841525261629696,1.906048,-0.904980,2.005238,0.968177,-0.104171,-0.038553,-0.224266
1640841525266840064,1.902875,-0.907521,1.999969,0.967946,-0.104455,-0.038504,-0.225136
1640841525267500032,1.902473,-0.907838,1.999301,0.967917,-0.104493,-0.038496,-0.225245
1640841525270889984,1.900406,-0.909452,1.995864,0.967767,-0.104708,-0.038460,-0.225796
1640841525271369984,1.900113,-0.909678,1.995377,0.967746,-0.104740,-0.038455,-0.225873
1640841525276579840,1.896932,-0.912100,1.990081,0.967512,-0.105099,-0.038390,-0.226716
1640841525277169920,1.896572,-0.912371,1.989481,0.967486,-0.105139,-0.038381,-0.226813
1640841525281209856,1.894103,-0.914200,1.985364,0.967304,-0.105393,-0.038306,-0.227484
1640841525281819904,1.893730,-0.914472,1.984741,0.967276,-0.105428,-0.038293,-0.227587
1640841525285849856,1.891264,-0.916253,1.980624,0.967094,-0.105635,-0.038192,-0.228280
1640841525286269952,1.891007,-0.916436,1.980195,0.967075,-0.105654,-0.038180,-0.228353
1640841525290929920,1.888153,-0.918443,1.975423,0.966866,-0.105836,-0.038042,-0.229176
1640841525291589888,1.887749,-0.918723,1.974746,0.966837,-0.105858,-0.038022,-0.229294
1640841525295960064,1.885070,-0.920551,1.970260,0.966643,-0.105996,-0.037878,-0.230066
1640841525296819968,1.884543,-0.920905,1.969376,0.966606,-0.106024,-0.037849,-0.230216
1640841525300940032,1.882015,-0.922579,1.965135,0.966429,-0.106172,-0.037703,-0.230915
1640841525301679872,1.881561,-0.922875,1.964372,0.966397,-0.106201,-0.037676,-0.231037
1640841525306069760,1.878865,-0.924607,1.959843,0.966211,-0.106382,-0.037515,-0.231759
1640841525306739712,1.878453,-0.924867,1.959151,0.966182,-0.106409,-0.037490,-0.231870
1640841525311439872,1.875565,-0.926663,1.954288,0.965976,-0.106577,-0.037316,-0.232678
1640841525312130048,1.875140,-0.926922,1.953574,0.965945,-0.106598,-0.037290,-0.232800
1640841525315869696,1.872840,-0.928307,1.949696,0.965778,-0.106708,-0.037141,-0.233465
1640841525316289792,1.872582,-0.928460,1.949260,0.965760,-0.106720,-0.037123,-0.233540
1640841525320849920,1.869776,-0.930099,1.944521,0.965561,-0.106852,-0.036910,-0.234332
1640841525322139904,1.868982,-0.930554,1.943179,0.965506,-0.106891,-0.036844,-0.234551
1640841525325829888,1.866710,-0.931833,1.939334,0.965349,-0.107017,-0.036644,-0.235173
1640841525326329856,1.866402,-0.932003,1.938813,0.965327,-0.107035,-0.036616,-0.235257
1640841525330919936,1.863574,-0.933543,1.934020,0.965125,-0.107234,-0.036360,-0.236035
1640841525331759872,1.863056,-0.933819,1.933142,0.965087,-0.107275,-0.036313,-0.236180
1640841525335899904,1.860504,-0.935156,1.928809,0.964896,-0.107484,-0.036087,-0.236900
1640841525336509952,1.860128,-0.935350,1.928169,0.964867,-0.107513,-0.036054,-0.237007
1640841525340879872,1.857434,-0.936710,1.923585,0.964669,-0.107680,-0.035820,-0.237773
1640841525341410048,1.857107,-0.936872,1.923028,0.964645,-0.107694,-0.035792,-0.237866
1640841525345880064,1.854349,-0.938210,1.918328,0.964451,-0.107777,-0.035540,-0.238654
1640841525346530048,1.853948,-0.938401,1.917644,0.964423,-0.107785,-0.035501,-0.238770
1640841525350819840,1.851301,-0.939634,1.913123,0.964237,-0.107832,-0.035209,-0.239540
1640841525351159808,1.851092,-0.939729,1.912765,0.964222,-0.107836,-0.035184,-0.239601
1640841525356819968,1.847598,-0.941284,1.906786,0.963977,-0.107886,-0.034774,-0.240625
1640841525357319936,1.847290,-0.941417,1.906257,0.963955,-0.107890,-0.034741,-0.240715
1640841525361079808,1.844969,-0.942403,1.902275,0.963794,-0.107911,-0.034528,-0.241379
1640841525362129920,1.844321,-0.942672,1.901162,0.963750,-0.107915,-0.034478,-0.241563
1640841525366789888,1.841444,-0.943834,1.896217,0.963552,-0.107920,-0.034263,-0.242376
1640841525367769856,1.840839,-0.944072,1.895176,0.963511,-0.107918,-0.034214,-0.242549
1640841525370880000,1.838919,-0.944811,1.891868,0.963378,-0.107907,-0.034035,-0.243106
1640841525371399936,1.838598,-0.944933,1.891315,0.963356,-0.107904,-0.034003,-0.243200
1640841525375869952,1.835838,-0.945949,1.886552,0.963163,-0.107879,-0.033706,-0.244014
1640841525376289792,1.835579,-0.946042,1.886104,0.963145,-0.107876,-0.033677,-0.244091
1640841525380899840,1.832733,-0.947036,1.881181,0.962946,-0.107856,-0.033381,-0.244923
1640841525381539840,1.832338,-0.947169,1.880497,0.962919,-0.107855,-0.033343,-0.245037
1640841525386019840,1.829573,-0.948079,1.875703,0.962725,-0.107861,-0.033084,-0.245829
1640841525387399936,1.828721,-0.948350,1.874225,0.962665,-0.107870,-0.033000,-0.246071
1640841525391049984,1.826469,-0.949043,1.870310,0.962504,-0.107913,-0.032752,-0.246714
1640841525391640064,1.826105,-0.949152,1.869676,0.962478,-0.107922,-0.032709,-0.246818
1640841525395830016,1.823520,-0.949903,1.865174,0.962288,-0.107993,-0.032381,-0.247568
1640841525396260096,1.823254,-0.949978,1.864711,0.962269,-0.108000,-0.032346,-0.247647
1640841525400960000,1.820356,-0.950765,1.859651,0.962050,-0.108065,-0.031960,-0.248517
1640841525401839872,1.819813,-0.950906,1.858703,0.962008,-0.108073,-0.031888,-0.248684
1640841525405969920,1.817267,-0.951546,1.854246,0.961811,-0.108100,-0.031549,-0.249477
1640841525406529792,1.816922,-0.951629,1.853641,0.961784,-0.108104,-0.031502,-0.249584
1640841525410889984,1.814235,-0.952255,1.848928,0.961576,-0.108136,-0.031124,-0.250418
1640841525411399936,1.813921,-0.952325,1.848376,0.961552,-0.108140,-0.031078,-0.250515
1640841525415869952,1.811168,-0.952913,1.843534,0.961342,-0.108173,-0.030687,-0.251354
1640841525416329984,1.810885,-0.952971,1.843036,0.961321,-0.108175,-0.030648,-0.251439
1640841525421299968,1.807825,-0.953564,1.837641,0.961092,-0.108170,-0.030273,-0.252360
1640841525422040064,1.807370,-0.953648,1.836837,0.961058,-0.108164,-0.030224,-0.252497
1640841525425880064,1.805008,-0.954059,1.832661,0.960880,-0.108122,-0.029974,-0.253219
1640841525426449920,1.804657,-0.954117,1.832040,0.960854,-0.108115,-0.029937,-0.253328
1640841525431229952,1.801719,-0.954574,1.826832,0.960620,-0.108050,-0.029597,-0.254278
1640841525432019968,1.801233,-0.954645,1.825971,0.960581,-0.108039,-0.029537,-0.254440
1640841525437549824,1.797837,-0.955096,1.819932,0.960305,-0.107980,-0.029114,-0.255552
1640841525438239744,1.797414,-0.955147,1.819177,0.960272,-0.107975,-0.029064,-0.255685
1640841525440860160,1.795806,-0.955332,1.816311,0.960149,-0.107960,-0.028883,-0.256172
1640841525441319936,1.795524,-0.955362,1.815808,0.960128,-0.107958,-0.028853,-0.256255
1640841525445799936,1.792776,-0.955636,1.810900,0.959925,-0.107951,-0.028561,-0.257049
1640841525446259968,1.792494,-0.955661,1.810395,0.959904,-0.107951,-0.028531,-0.257131
1640841525450889728,1.789658,-0.955889,1.805313,0.959688,-0.107955,-0.028204,-0.257972
1640841525451289856,1.789413,-0.955907,1.804874,0.959668,-0.107955,-0.028174,-0.258047
1640841525455969792,1.786549,-0.956082,1.799728,0.959434,-0.107961,-0.027799,-0.258954
1640841525456499712,1.786225,-0.956099,1.799144,0.959408,-0.107961,-0.027757,-0.259058
1640841525460829952,1.783578,-0.956211,1.794374,0.959192,-0.107964,-0.027420,-0.259891
1640841525461299968,1.783291,-0.956221,1.793856,0.959169,-0.107964,-0.027385,-0.259979
1640841525465949952,1.780451,-0.956288,1.788724,0.958944,-0.107960,-0.027041,-0.260845
1640841525467609856,1.779439,-0.956299,1.786891,0.958864,-0.107957,-0.026914,-0.261152
1640841525470799872,1.777493,-0.956305,1.783363,0.958711,-0.107947,-0.026653,-0.261744
1640841525471340032,1.777164,-0.956303,1.782766,0.958685,-0.107945,-0.026606,-0.261845
1640841525475970048,1.774344,-0.956263,1.777638,0.958464,-0.107899,-0.026192,-0.262716
1640841525476499968,1.774022,-0.956256,1.777051,0.958439,-0.107889,-0.026145,-0.262816
1640841525480859904,1.771370,-0.956168,1.772214,0.958238,-0.107752,-0.025800,-0.263635
1640841525481730048,1.770841,-0.956146,1.771248,0.958199,-0.107714,-0.025738,-0.263798
1640841525485839872,1.768346,-0.956016,1.766680,0.958017,-0.107506,-0.025455,-0.264571
1640841525486199808,1.768127,-0.956003,1.766280,0.958001,-0.107487,-0.025430,-0.264639
1640841525490889984,1.765283,-0.955804,1.761059,0.957790,-0.107235,-0.025086,-0.265536
1640841525491709952,1.764786,-0.955764,1.760146,0.957753,-0.107193,-0.025022,-0.265694
1640841525495839744,1.762286,-0.955541,1.755541,0.957563,-0.106985,-0.024696,-0.266490
1640841525497619968,1.761209,-0.955433,1.753554,0.957482,-0.106899,-0.024558,-0.266829
1640841525500969984,1.759184,-0.955211,1.749811,0.957331,-0.106744,-0.024315,-0.267454
1640841525501920000,1.758611,-0.955143,1.748749,0.957289,-0.106702,-0.024251,-0.267628
1640841525505820160,1.756258,-0.954845,1.744385,0.957117,-0.106539,-0.023996,-0.268330
1640841525506229760,1.756010,-0.954811,1.743926,0.957099,-0.106523,-0.023970,-0.268403
1640841525510870016,1.753215,-0.954408,1.738727,0.956892,-0.106365,-0.023652,-0.269231
1640841525512009984,1.752529,-0.954302,1.737448,0.956840,-0.106332,-0.023566,-0.269436
1640841525516790016,1.749656,-0.953826,1.732081,0.956616,-0.106223,-0.023177,-0.270305
1640841525519169792,1.748228,-0.953570,1.729406,0.956501,-0.106180,-0.022973,-0.270745
1640841525520829952,1.747232,-0.953384,1.727539,0.956420,-0.106154,-0.022831,-0.271055
1640841525521149952,1.747040,-0.953347,1.727179,0.956404,-0.106149,-0.022803,-0.271115
1640841525525830144,1.744237,-0.952788,1.721909,0.956174,-0.106074,-0.022397,-0.271990
1640841525526309888,1.743950,-0.952728,1.721368,0.956150,-0.106065,-0.022354,-0.272079
1640841525531089920,1.741093,-0.952104,1.715976,0.955928,-0.105943,-0.021904,-0.272944
1640841525531759872,1.740693,-0.952012,1.715220,0.955898,-0.105921,-0.021838,-0.273063
1640841525536039936,1.738140,-0.951405,1.710385,0.955709,-0.105754,-0.021423,-0.273821
1640841525536599808,1.737806,-0.951323,1.709751,0.955684,-0.105730,-0.021370,-0.273921
1640841525540799744,1.735306,-0.950684,1.704999,0.955490,-0.105529,-0.021012,-0.274701
1640841525541189888,1.735074,-0.950623,1.704557,0.955472,-0.105509,-0.020982,-0.274776
1640841525545920000,1.732265,-0.949856,1.699197,0.955242,-0.105241,-0.020620,-0.275701
1640841525546599936,1.731862,-0.949741,1.698426,0.955209,-0.105198,-0.020567,-0.275836
1640841525551579904,1.728911,-0.948875,1.692773,0.954973,-0.104848,-0.020134,-0.276817
1640841525552369920,1.728443,-0.948733,1.691876,0.954937,-0.104786,-0.020058,-0.276971
1640841525555990016,1.726303,-0.948065,1.687760,0.954774,-0.104489,-0.019696,-0.277669
1640841525556689920,1.725890,-0.947933,1.686963,0.954743,-0.104430,-0.019626,-0.277803
1640841525560839936,1.723442,-0.947128,1.682239,0.954562,-0.104073,-0.019238,-0.278585
1640841525561879808,1.722829,-0.946920,1.681054,0.954517,-0.103983,-0.019149,-0.278779
1640841525566010112,1.720399,-0.946075,1.676344,0.954337,-0.103629,-0.018817,-0.279549
1640841525566599936,1.720052,-0.945951,1.675671,0.954311,-0.103579,-0.018771,-0.279659
1640841525571859712,1.716965,-0.944818,1.669664,0.954074,-0.103144,-0.018373,-0.280656
1640841525572259840,1.716731,-0.944729,1.669206,0.954055,-0.103111,-0.018343,-0.280732
1640841525575840000,1.714634,-0.943923,1.665112,0.953889,-0.102814,-0.018073,-0.281421
1640841525576239872,1.714400,-0.943831,1.664654,0.953871,-0.102781,-0.018042,-0.281498
1640841525581289984,1.711450,-0.942645,1.658870,0.953640,-0.102334,-0.017653,-0.282466
1640841525582589952,1.710692,-0.942332,1.657380,0.953582,-0.102212,-0.017551,-0.282714
1640841525585839872,1.708799,-0.941533,1.653652,0.953438,-0.101899,-0.017285,-0.283327
1640841525586439936,1.708450,-0.941384,1.652964,0.953412,-0.101840,-0.017234,-0.283439
1640841525590839808,1.705892,-0.940264,1.647910,0.953220,-0.101418,-0.016843,-0.284257
1640841525592960000,1.704662,-0.939711,1.645473,0.953128,-0.101214,-0.016648,-0.284650
1640841525595840000,1.702993,-0.938945,1.642160,0.953003,-0.100926,-0.016387,-0.285187
1640841525596269824,1.702745,-0.938830,1.641665,0.952984,-0.100881,-0.016349,-0.285268
1640841525600879872,1.700079,-0.937566,1.636355,0.952780,-0.100361,-0.015978,-0.286152
1640841525601539840,1.699698,-0.937382,1.635595,0.952750,-0.100279,-0.015932,-0.286282
1640841525605829888,1.697225,-0.936164,1.630647,0.952558,-0.099710,-0.015655,-0.287136
1640841525606319872,1.696943,-0.936023,1.630081,0.952536,-0.099642,-0.015624,-0.287233
1640841525611810048,1.693787,-0.934407,1.623740,0.952300,-0.098872,-0.015246,-0.288298
1640841525612589824,1.693339,-0.934172,1.622838,0.952268,-0.098761,-0.015187,-0.288446
1640841525615990016,1.691390,-0.933138,1.618905,0.952128,-0.098272,-0.014921,-0.289090
1640841525616609792,1.691035,-0.932947,1.618188,0.952102,-0.098180,-0.014872,-0.289209
1640841525620839936,1.688617,-0.931624,1.613290,0.951920,-0.097536,-0.014550,-0.290039
1640841525621539840,1.688217,-0.931401,1.612479,0.951890,-0.097426,-0.014498,-0.290180
1640841525626240000,1.685538,-0.929886,1.607028,0.951680,-0.096684,-0.014165,-0.291131
1640841525627450112,1.684849,-0.929489,1.605624,0.951625,-0.096494,-0.014082,-0.291376
1640841525631199744,1.682718,-0.928241,1.601270,0.951458,-0.095918,-0.013833,-0.292124
1640841525631840000,1.682355,-0.928026,1.600526,0.951429,-0.095821,-0.013791,-0.292250
1640841525635939840,1.680031,-0.926627,1.595760,0.951249,-0.095192,-0.013515,-0.293054
1640841525636459776,1.679737,-0.926448,1.595156,0.951227,-0.095109,-0.013479,-0.293156
1640841525640960000,1.677194,-0.924873,1.589918,0.951032,-0.094353,-0.013138,-0.294047
1640841525643349760,1.675846,-0.924021,1.587135,0.950928,-0.093926,-0.012946,-0.294526
1640841525645829888,1.674450,-0.923127,1.584244,0.950821,-0.093473,-0.012747,-0.295026
1640841525646240000,1.674219,-0.922978,1.583766,0.950803,-0.093397,-0.012715,-0.295108
1640841525650779904,1.671669,-0.921308,1.578470,0.950603,-0.092564,-0.012374,-0.296028
1640841525651119872,1.671478,-0.921181,1.578073,0.950588,-0.092503,-0.012351,-0.296097
1640841525655920128,1.668790,-0.919373,1.572468,0.950372,-0.091636,-0.012046,-0.297071
1640841525656489728,1.668471,-0.919155,1.571802,0.950346,-0.091531,-0.012011,-0.297187
1640841525660960000,1.665975,-0.917430,1.566576,0.950146,-0.090670,-0.011733,-0.298100
1640841525661739776,1.665541,-0.917125,1.565664,0.950112,-0.090511,-0.011682,-0.298260
1640841525666189824,1.663065,-0.915366,1.560455,0.949918,-0.089553,-0.011378,-0.299176
1640841525666710016,1.662776,-0.915158,1.559846,0.949896,-0.089437,-0.011342,-0.299282
1640841525670810112,1.660501,-0.913503,1.555043,0.949722,-0.088503,-0.011060,-0.300121
1640841525671259904,1.660252,-0.913320,1.554515,0.949703,-0.088399,-0.011030,-0.300213
1640841525676079872,1.657586,-0.911333,1.548863,0.949502,-0.087283,-0.010721,-0.301186
1640841525676699904,1.657244,-0.911075,1.548136,0.949476,-0.087140,-0.010684,-0.301311
1640841525680929792,1.654912,-0.909294,1.543170,0.949297,-0.086176,-0.010436,-0.302158
1640841525681489920,1.654604,-0.909056,1.542513,0.949273,-0.086050,-0.010405,-0.302270
1640841525685809920,1.652230,-0.907202,1.537437,0.949088,-0.085088,-0.010168,-0.303132
1640841525686189824,1.652021,-0.907037,1.536991,0.949071,-0.085003,-0.010147,-0.303208
1640841525690949888,1.649414,-0.904955,1.531394,0.948866,-0.083936,-0.009883,-0.304155
1640841525691789824,1.648955,-0.904583,1.530406,0.948830,-0.083745,-0.009835,-0.304321
1640841525695869952,1.646727,-0.902763,1.525604,0.948655,-0.082824,-0.009594,-0.305127
1640841525696310016,1.646487,-0.902565,1.525086,0.948636,-0.082726,-0.009568,-0.305214
1640841525700870144,1.644005,-0.900494,1.519715,0.948438,-0.081738,-0.009286,-0.306102
1640841525701380096,1.643728,-0.900260,1.519114,0.948416,-0.081631,-0.009254,-0.306200
1640841525705929984,1.641260,-0.898157,1.513752,0.948215,-0.080674,-0.008977,-0.307083
1640841525706619904,1.640886,-0.897835,1.512938,0.948184,-0.080528,-0.008937,-0.307218
1640841525710880000,1.638583,-0.895830,1.507914,0.947990,-0.079607,-0.008708,-0.308060
1640841525711459840,1.638270,-0.895555,1.507230,0.947964,-0.079479,-0.008679,-0.308177
1640841525715809792,1.635926,-0.893474,1.502096,0.947762,-0.078489,-0.008469,-0.309056
1640841525716489984,1.635560,-0.893146,1.501293,0.947730,-0.078332,-0.008435,-0.309194
1640841525720809984,1.633239,-0.891045,1.496192,0.947529,-0.077317,-0.008199,-0.310070
1640841525721400064,1.632922,-0.890756,1.495495,0.947502,-0.077177,-0.008164,-0.310189
1640841525725920000,1.630502,-0.888522,1.490154,0.947296,-0.076093,-0.007890,-0.311093
1640841525726919936,1.629967,-0.888024,1.488973,0.947250,-0.075850,-0.007835,-0.311291
1640841525730860032,1.627865,-0.886045,1.484315,0.947074,-0.074883,-0.007664,-0.312065
1640841525731449856,1.627550,-0.885747,1.483618,0.947048,-0.074737,-0.007646,-0.312180
1640841525735839744,1.625215,-0.883511,1.478426,0.946853,-0.073638,-0.007549,-0.313033
1640841525736339712,1.624949,-0.883254,1.477834,0.946831,-0.073512,-0.007540,-0.313131
1640841525740859904,1.622552,-0.880918,1.472487,0.946624,-0.072369,-0.007447,-0.314022
1640841525741230080,1.622356,-0.880725,1.472049,0.946607,-0.072275,-0.007438,-0.314096
1640841525746179840,1.619739,-0.878129,1.466191,0.946376,-0.071011,-0.007317,-0.315081
1640841525746719744,1.619454,-0.877844,1.465551,0.946351,-0.070871,-0.007306,-0.315187
1640841525751849984,1.616752,-0.875111,1.459478,0.946123,-0.069530,-0.007243,-0.316171
1640841525752329728,1.616500,-0.874854,1.458910,0.946103,-0.069403,-0.007241,-0.316260
1640841525755829760,1.614662,-0.872965,1.454765,0.945953,-0.068485,-0.007226,-0.316907
1640841525756249856,1.614442,-0.872737,1.454268,0.945935,-0.068376,-0.007224,-0.316984
1640841525760849920,1.612033,-0.870226,1.448819,0.945737,-0.067203,-0.007180,-0.317826
1640841525761349888,1.611771,-0.869951,1.448227,0.945715,-0.067079,-0.007172,-0.317918
1640841525766589952,1.609037,-0.867051,1.442020,0.945483,-0.065784,-0.007069,-0.318880
1640841525767449856,1.608589,-0.866571,1.441001,0.945445,-0.065570,-0.007052,-0.319038
1640841525771119872,1.606680,-0.864512,1.436654,0.945282,-0.064635,-0.006994,-0.319711
1640841525771829760,1.606311,-0.864112,1.435813,0.945251,-0.064451,-0.006985,-0.319840
1640841525775830016,1.604236,-0.861843,1.431073,0.945078,-0.063409,-0.006945,-0.320559
1640841525776269824,1.604008,-0.861592,1.430552,0.945060,-0.063295,-0.006942,-0.320637
1640841525780879872,1.601624,-0.858948,1.425091,0.944870,-0.062121,-0.006908,-0.321424
1640841525781309952,1.601402,-0.858700,1.424582,0.944853,-0.062015,-0.006905,-0.321494
1640841525785819904,1.599077,-0.856083,1.419239,0.944681,-0.060920,-0.006871,-0.322210
1640841525786579968,1.598686,-0.855640,1.418339,0.944653,-0.060734,-0.006867,-0.322329
1640841525790929920,1.596450,-0.853086,1.413186,0.944492,-0.059622,-0.006849,-0.323007
1640841525791460096,1.596178,-0.852774,1.412558,0.944472,-0.059480,-0.006848,-0.323090
1640841525795800064,1.593953,-0.850199,1.407419,0.944313,-0.058282,-0.006849,-0.323774
1640841525796189952,1.593754,-0.849966,1.406957,0.944298,-0.058172,-0.006850,-0.323836
1640841525800930048,1.591331,-0.847124,1.401344,0.944124,-0.056809,-0.006863,-0.324585
1640841525801649920,1.590964,-0.846690,1.400492,0.944098,-0.056600,-0.006866,-0.324698
1640841525806459904,1.588513,-0.843773,1.394799,0.943926,-0.055197,-0.006898,-0.325437
1640841525807040000,1.588218,-0.843419,1.394112,0.943906,-0.055027,-0.006904,-0.325523
1640841525810849792,1.586282,-0.841085,1.389604,0.943783,-0.053917,-0.006960,-0.326064
1640841525811309824,1.586049,-0.840803,1.389060,0.943769,-0.053784,-0.006969,-0.326127
1640841525816000000,1.583672,-0.837903,1.383512,0.943633,-0.052441,-0.007073,-0.326738
1640841525816789760,1.583273,-0.837412,1.382578,0.943610,-0.052219,-0.007093,-0.326837
1640841525821009920,1.581140,-0.834777,1.377588,0.943491,-0.051062,-0.007199,-0.327361
1640841525821559808,1.580862,-0.834432,1.376938,0.943475,-0.050915,-0.007213,-0.327429
1640841525825889792,1.578680,-0.831703,1.371821,0.943353,-0.049780,-0.007323,-0.327954
1640841525826249728,1.578499,-0.831475,1.371396,0.943343,-0.049687,-0.007332,-0.327997
1640841525831099904,1.576060,-0.828391,1.365667,0.943212,-0.048449,-0.007466,-0.328554
1640841525832859904,1.575177,-0.827265,1.363589,0.943168,-0.048004,-0.007518,-0.328746
1640841525835840000,1.573683,-0.825351,1.360071,0.943096,-0.047249,-0.007610,-0.329058
1640841525836459776,1.573372,-0.824952,1.359340,0.943082,-0.047092,-0.007630,-0.329120
1640841525840930048,1.571136,-0.822059,1.354066,0.942988,-0.045954,-0.007778,-0.329547
1640841525841410048,1.570896,-0.821747,1.353500,0.942979,-0.045831,-0.007795,-0.329590
1640841525845880064,1.568665,-0.818829,1.348230,0.942898,-0.044677,-0.007955,-0.329977
1640841525846409984,1.568401,-0.818482,1.347605,0.942888,-0.044540,-0.007975,-0.330021
1640841525850909952,1.566160,-0.815521,1.342304,0.942809,-0.043368,-0.008156,-0.330398
1640841525851579904,1.565827,-0.815078,1.341515,0.942797,-0.043192,-0.008185,-0.330455
1640841525855909888,1.563675,-0.812206,1.336418,0.942720,-0.042051,-0.008375,-0.330818
1640841525856379904,1.563442,-0.811893,1.335865,0.942712,-0.041925,-0.008395,-0.330857
1640841525860829952,1.561235,-0.808918,1.330631,0.942645,-0.040711,-0.008581,-0.331193
1640841525861209856,1.561047,-0.808663,1.330184,0.942640,-0.040605,-0.008595,-0.331220
1640841525865870080,1.558740,-0.805525,1.324708,0.942590,-0.039307,-0.008781,-0.331515
1640841525866349824,1.558503,-0.805201,1.324144,0.942585,-0.039175,-0.008801,-0.331544
1640841525870880000,1.556265,-0.802127,1.318826,0.942544,-0.037975,-0.009022,-0.331794
1640841525871490048,1.555964,-0.801712,1.318110,0.942539,-0.037822,-0.009057,-0.331826
1640841525875830016,1.553824,-0.798746,1.313020,0.942499,-0.036767,-0.009337,-0.332048
1640841525876299776,1.553593,-0.798424,1.312469,0.942495,-0.036653,-0.009370,-0.332072
1640841525881229824,1.551166,-0.795031,1.306692,0.942457,-0.035399,-0.009712,-0.332305
1640841525883289856,1.550154,-0.793607,1.304281,0.942445,-0.034849,-0.009852,-0.332394
1640841525885849856,1.548896,-0.791831,1.301285,0.942433,-0.034163,-0.010024,-0.332494
1640841525886249984,1.548699,-0.791553,1.300817,0.942432,-0.034056,-0.010050,-0.332508
1640841525890839808,1.546447,-0.788353,1.295451,0.942423,-0.032884,-0.010348,-0.332642
1640841525891490048,1.546128,-0.787898,1.294692,0.942423,-0.032726,-0.010390,-0.332657
1640841525895819776,1.544006,-0.784860,1.289636,0.942426,-0.031704,-0.010665,-0.332736
1640841525896379904,1.543732,-0.784465,1.288982,0.942427,-0.031574,-0.010701,-0.332745
1640841525901239808,1.541354,-0.781033,1.283315,0.942435,-0.030439,-0.011020,-0.332820
1640841525902079744,1.540943,-0.780438,1.282336,0.942436,-0.030241,-0.011076,-0.332833
1640841525905890048,1.539081,-0.777731,1.277899,0.942444,-0.029343,-0.011324,-0.332881
1640841525906409984,1.538826,-0.777361,1.277294,0.942446,-0.029221,-0.011357,-0.332885
1640841525910889984,1.536639,-0.774160,1.272083,0.942469,-0.028188,-0.011613,-0.332901
1640841525911849984,1.536170,-0.773473,1.270967,0.942476,-0.027970,-0.011664,-0.332898
1640841525915840000,1.534224,-0.770606,1.266333,0.942508,-0.027067,-0.011881,-0.332874
1640841525916359936,1.533970,-0.770231,1.265730,0.942513,-0.026948,-0.011911,-0.332869
1640841525920819968,1.531796,-0.767010,1.260557,0.942552,-0.025921,-0.012205,-0.332829
1640841525921209856,1.531606,-0.766728,1.260105,0.942555,-0.025830,-0.012234,-0.332826
1640841525925900032,1.529321,-0.763324,1.254674,0.942596,-0.024726,-0.012592,-0.332780
1640841525926339840,1.529107,-0.763004,1.254165,0.942600,-0.024622,-0.012625,-0.332775
1640841525934530048,1.525120,-0.757018,1.244701,0.942683,-0.022718,-0.013142,-0.332657
1640841525936100096,1.524356,-0.755865,1.242889,0.942701,-0.022353,-0.013233,-0.332626
1640841525936770048,1.524030,-0.755372,1.242117,0.942709,-0.022196,-0.013273,-0.332611
1640841525937129984,1.523855,-0.755108,1.241701,0.942714,-0.022112,-0.013295,-0.332603
1640841525940839936,1.522050,-0.752374,1.237427,0.942764,-0.021227,-0.013547,-0.332507
1640841525941349888,1.521802,-0.751997,1.236839,0.942772,-0.021103,-0.013586,-0.332492
1640841525945989888,1.519545,-0.748564,1.231502,0.942848,-0.019936,-0.014026,-0.332329
1640841525947209728,1.518952,-0.747659,1.230100,0.942870,-0.019622,-0.014161,-0.332280
1640841525951030016,1.517094,-0.744819,1.225714,0.942940,-0.018676,-0.014566,-0.332120
1640841525951809792,1.516714,-0.744239,1.224819,0.942954,-0.018492,-0.014641,-0.332087
1640841525955819776,1.514764,-0.741246,1.220223,0.943029,-0.017591,-0.015002,-0.331906
1640841525956199936,1.514579,-0.740962,1.219788,0.943037,-0.017508,-0.015034,-0.331887
1640841525960889856,1.512298,-0.737448,1.214423,0.943138,-0.016533,-0.015409,-0.331631
1640841525961560064,1.511972,-0.736945,1.213657,0.943154,-0.016398,-0.015461,-0.331590
1640841525966049792,1.509787,-0.733568,1.208531,0.943269,-0.015503,-0.015795,-0.331292
1640841525966939904,1.509354,-0.732897,1.207516,0.943292,-0.015325,-0.015860,-0.331229
1640841525971239936,1.507261,-0.729651,1.202617,0.943410,-0.014445,-0.016167,-0.330919
1640841525971959808,1.506911,-0.729106,1.201798,0.943430,-0.014296,-0.016219,-0.330866
1640841525975829760,1.505026,-0.726174,1.197399,0.943539,-0.013485,-0.016505,-0.330576
1640841525976239872,1.504826,-0.725863,1.196933,0.943550,-0.013399,-0.016537,-0.330544
1640841525980929792,1.502541,-0.722299,1.191612,0.943684,-0.012425,-0.016925,-0.330181
1640841525981570048,1.502229,-0.721812,1.190886,0.943702,-0.012294,-0.016982,-0.330131
1640841525986320128,1.499912,-0.718190,1.185510,0.943841,-0.011305,-0.017406,-0.329747
1640841525987429888,1.499371,-0.717342,1.184255,0.943875,-0.011067,-0.017503,-0.329654
1640841525990840064,1.497706,-0.714733,1.180405,0.943980,-0.010310,-0.017782,-0.329363
1640841525991340032,1.497462,-0.714350,1.179841,0.943995,-0.010196,-0.017820,-0.329319
1640841525995889920,1.495240,-0.710861,1.174714,0.944142,-0.009132,-0.018155,-0.328912
1640841525996439808,1.494971,-0.710439,1.174095,0.944160,-0.009002,-0.018195,-0.328861
1640841526000929792,1.492775,-0.706986,1.169049,0.944308,-0.007944,-0.018531,-0.328445
1640841526001639936,1.492428,-0.706440,1.168252,0.944332,-0.007779,-0.018587,-0.328378
1640841526005869824,1.490356,-0.703179,1.163509,0.944473,-0.006806,-0.018930,-0.327972
1640841526006269952,1.490160,-0.702870,1.163061,0.944487,-0.006715,-0.018964,-0.327933
1640841526010779904,1.487949,-0.699385,1.158017,0.944643,-0.005701,-0.019349,-0.327481
1640841526011190016,1.487748,-0.699068,1.157559,0.944657,-0.005610,-0.019385,-0.327439
1640841526016049920,1.485362,-0.695304,1.152138,0.944832,-0.004544,-0.019812,-0.326923
1640841526016739840,1.485023,-0.694769,1.151369,0.944858,-0.004394,-0.019873,-0.326847
1640841526020869888,1.482992,-0.691564,1.146775,0.945016,-0.003511,-0.020237,-0.326379
1640841526021359872,1.482751,-0.691183,1.146231,0.945035,-0.003407,-0.020280,-0.326322
1640841526026059776,1.480436,-0.687529,1.141017,0.945222,-0.002431,-0.020685,-0.325762
1640841526026619904,1.480160,-0.687093,1.140397,0.945245,-0.002316,-0.020733,-0.325695
1640841526030889984,1.478054,-0.683767,1.135674,0.945419,-0.001459,-0.021085,-0.325172
1640841526031450112,1.477777,-0.683330,1.135055,0.945442,-0.001348,-0.021129,-0.325102
1640841526036029696,1.475513,-0.679757,1.130004,0.945634,-0.000432,-0.021479,-0.324522
1640841526036819968,1.475122,-0.679140,1.129133,0.945668,-0.000273,-0.021539,-0.324420
1640841526040879872,1.473112,-0.675968,1.124669,0.945846,0.000545,-0.021866,-0.323877
1640841526041369856,1.472869,-0.675585,1.124131,0.945868,0.000643,-0.021907,-0.323809
1640841526045809920,1.470666,-0.672112,1.119262,0.946073,0.001537,-0.022277,-0.323184
1640841526046229760,1.470457,-0.671783,1.118802,0.946092,0.001621,-0.022310,-0.323124
1640841526050870016,1.468150,-0.668149,1.113730,0.946313,0.002560,-0.022606,-0.322451
1640841526051620096,1.467776,-0.667561,1.112911,0.946349,0.002713,-0.022643,-0.322341
1640841526056039936,1.465573,-0.664096,1.108095,0.946564,0.003626,-0.022844,-0.321684
1640841526056659968,1.465263,-0.663609,1.107421,0.946595,0.003756,-0.022874,-0.321591
1640841526060839936,1.463175,-0.660330,1.102881,0.946803,0.004656,-0.023117,-0.320948
1640841526061410048,1.462890,-0.659882,1.102262,0.946832,0.004781,-0.023156,-0.320859
1640841526065829888,1.460676,-0.656412,1.097477,0.947058,0.005771,-0.023489,-0.320150
1640841526066269952,1.460456,-0.656066,1.097001,0.947081,0.005871,-0.023524,-0.320078
1640841526070999808,1.458081,-0.652350,1.091897,0.947333,0.006958,-0.023896,-0.319282
1640841526071699968,1.457729,-0.651800,1.091143,0.947371,0.007120,-0.023951,-0.319161
1640841526075959808,1.455584,-0.648451,1.086561,0.947605,0.008115,-0.024282,-0.318416
1640841526076589824,1.455267,-0.647956,1.085885,0.947640,0.008263,-0.024332,-0.318305
1640841526080799744,1.453142,-0.644646,1.081372,0.947871,0.009254,-0.024675,-0.317562
1640841526081149696,1.452965,-0.644371,1.080998,0.947891,0.009336,-0.024704,-0.317500
1640841526085870080,1.450575,-0.640659,1.075955,0.948150,0.010440,-0.025100,-0.316658
1640841526086409728,1.450302,-0.640235,1.075379,0.948180,0.010565,-0.025144,-0.316561
1640841526091699712,1.447616,-0.636075,1.069750,0.948479,0.011762,-0.025570,-0.315588
1640841526093439744,1.446730,-0.634707,1.067903,0.948579,0.012146,-0.025706,-0.315261
1640841526095859968,1.445497,-0.632805,1.065338,0.948720,0.012676,-0.025897,-0.314799
1640841526096509952,1.445166,-0.632294,1.064650,0.948758,0.012817,-0.025949,-0.314674
1640841526100770048,1.442990,-0.628945,1.060147,0.949010,0.013743,-0.026307,-0.313846
1640841526101159936,1.442791,-0.628639,1.059736,0.949033,0.013828,-0.026341,-0.313770
1640841526106179840,1.440219,-0.624694,1.054450,0.949334,0.014906,-0.026777,-0.312771
1640841526108069888,1.439249,-0.623210,1.052465,0.949449,0.015303,-0.026934,-0.312388
1640841526110899968,1.437793,-0.620988,1.049498,0.949624,0.015885,-0.027149,-0.311808
1640841526111549952,1.437459,-0.620478,1.048817,0.949665,0.016017,-0.027195,-0.311674
1640841526115849984,1.435241,-0.617103,1.044323,0.949937,0.016871,-0.027481,-0.310774
1640841526116309760,1.435004,-0.616743,1.043843,0.949966,0.016961,-0.027511,-0.310677
1640841526121009920,1.432572,-0.613058,1.038949,0.950268,0.017875,-0.027812,-0.309673
1640841526122370048,1.431867,-0.611992,1.037536,0.950356,0.018140,-0.027902,-0.309379
1640841526125890048,1.430039,-0.609235,1.033887,0.950585,0.018836,-0.028138,-0.308613
1640841526126329856,1.429810,-0.608890,1.033431,0.950613,0.018924,-0.028168,-0.308517
1640841526130880000,1.427439,-0.605330,1.028730,0.950909,0.019875,-0.028483,-0.307516
1640841526131399936,1.427168,-0.604923,1.028194,0.950943,0.019987,-0.028519,-0.307401
1640841526135869952,1.424831,-0.601430,1.023593,0.951232,0.020977,-0.028819,-0.306409
1640841526136339968,1.424585,-0.601063,1.023110,0.951263,0.021082,-0.028848,-0.306304
1640841526142499840,1.421350,-0.596256,1.016800,0.951665,0.022469,-0.029191,-0.304922
1640841526143280128,1.420939,-0.595648,1.016003,0.951716,0.022644,-0.029229,-0.304745
1640841526145910016,1.419553,-0.593599,1.013320,0.951890,0.023235,-0.029358,-0.304144
1640841526146560000,1.419210,-0.593093,1.012658,0.951933,0.023381,-0.029390,-0.303994
1640841526150879744,1.416925,-0.589732,1.008265,0.952225,0.024358,-0.029633,-0.302980
1640841526151330048,1.416687,-0.589382,1.007809,0.952255,0.024461,-0.029661,-0.302872
1640841526156109824,1.414149,-0.585670,1.002969,0.952581,0.025557,-0.029972,-0.301726
1640841526156649728,1.413862,-0.585251,1.002423,0.952617,0.025682,-0.030008,-0.301596
1640841526160979968,1.411554,-0.581894,0.998057,0.952907,0.026690,-0.030296,-0.300562
1640841526161679872,1.411180,-0.581352,0.997353,0.952954,0.026853,-0.030341,-0.300396
1640841526165900032,1.408921,-0.578087,0.993116,0.953233,0.027826,-0.030597,-0.299393
1640841526166630144,1.408530,-0.577522,0.992384,0.953282,0.027990,-0.030638,-0.299218
1640841526170969856,1.406198,-0.574172,0.988045,0.953578,0.028925,-0.030850,-0.298161
1640841526171749888,1.405778,-0.573570,0.987267,0.953633,0.029083,-0.030882,-0.297967
1640841526175899904,1.403538,-0.570373,0.983136,0.953932,0.029883,-0.031032,-0.296915
1640841526176559872,1.403181,-0.569865,0.982481,0.953980,0.030006,-0.031054,-0.296746
1640841526180839936,1.400862,-0.566576,0.978238,0.954290,0.030793,-0.031215,-0.295650
1640841526181319936,1.400601,-0.566207,0.977764,0.954324,0.030881,-0.031235,-0.295528
1640841526186459904,1.397803,-0.562267,0.972692,0.954689,0.031833,-0.031456,-0.294221
1640841526187589888,1.397186,-0.561402,0.971581,0.954769,0.032045,-0.031501,-0.293934
1640841526191190016,1.395217,-0.558651,0.968046,0.955022,0.032732,-0.031626,-0.293020
1640841526191740160,1.394916,-0.558231,0.967507,0.955061,0.032838,-0.031641,-0.292880
1640841526195919872,1.392620,-0.555043,0.963420,0.955356,0.033651,-0.031738,-0.291814
1640841526197120000,1.391960,-0.554130,0.962250,0.955441,0.033885,-0.031762,-0.291507
1640841526201099776,1.389763,-0.551104,0.958377,0.955723,0.034652,-0.031839,-0.290482
1640841526202149888,1.389183,-0.550307,0.957358,0.955797,0.034853,-0.031861,-0.290210
1640841526205949952,1.387076,-0.547426,0.953677,0.956065,0.035584,-0.031940,-0.289228
1640841526206899968,1.386548,-0.546707,0.952759,0.956132,0.035769,-0.031960,-0.288983
1640841526210969856,1.384282,-0.543631,0.948835,0.956412,0.036586,-0.032046,-0.287943
1640841526211809792,1.383813,-0.542998,0.948027,0.956468,0.036760,-0.032063,-0.287730
1640841526216149760,1.381385,-0.539728,0.943863,0.956757,0.037684,-0.032165,-0.286638
1640841526216919808,1.380953,-0.539149,0.943126,0.956807,0.037851,-0.032186,-0.286445
1640841526220899840,1.378715,-0.536161,0.939326,0.957067,0.038726,-0.032311,-0.285446
1640841526221419776,1.378422,-0.535771,0.938831,0.957101,0.038841,-0.032330,-0.285315
1640841526227000064,1.375268,-0.531597,0.933530,0.957464,0.040073,-0.032545,-0.283898
1640841526228150016,1.374616,-0.530739,0.932441,0.957539,0.040324,-0.032588,-0.283603
1640841526231000064,1.372997,-0.528615,0.929748,0.957728,0.040938,-0.032687,-0.282866
1640841526231719936,1.372587,-0.528079,0.929069,0.957776,0.041091,-0.032709,-0.282679
1640841526236519936,1.369848,-0.524514,0.924555,0.958095,0.042087,-0.032840,-0.281431
1640841526237329920,1.369384,-0.523914,0.923795,0.958149,0.042250,-0.032859,-0.281222
1640841526240859904,1.367360,-0.521302,0.920492,0.958381,0.042943,-0.032930,-0.280317
1640841526241730048,1.366859,-0.520659,0.919680,0.958437,0.043108,-0.032945,-0.280096
1640841526245859840,1.364479,-0.517615,0.915834,0.958706,0.043874,-0.033005,-0.279050
1640841526246320128,1.364213,-0.517276,0.915407,0.958736,0.043958,-0.033011,-0.278933
1640841526251149824,1.361416,-0.513729,0.910933,0.959055,0.044816,-0.033067,-0.277689
1640841526252440064,1.360666,-0.512784,0.909742,0.959142,0.045040,-0.033078,-0.277352
1640841526255839744,1.358685,-0.510299,0.906611,0.959371,0.045615,-0.033088,-0.276463
1640841526256369920,1.358376,-0.509912,0.906123,0.959407,0.045702,-0.033086,-0.276325
1640841526260789760,1.355789,-0.506694,0.902072,0.959702,0.046401,-0.033019,-0.275190
1640841526261169920,1.355566,-0.506417,0.901725,0.959727,0.046459,-0.033010,-0.275094
1640841526266819840,1.352240,-0.502322,0.896577,0.960095,0.047321,-0.032871,-0.273674
1640841526267479808,1.351850,-0.501845,0.895978,0.960138,0.047424,-0.032859,-0.273509
1640841526270959872,1.349790,-0.499335,0.892825,0.960360,0.047983,-0.032831,-0.272633
1640841526271749888,1.349322,-0.498766,0.892111,0.960410,0.048113,-0.032833,-0.272433
1640841526275960064,1.346817,-0.495742,0.888318,0.960675,0.048821,-0.032863,-0.271368
1640841526276460032,1.346519,-0.495384,0.887869,0.960706,0.048905,-0.032867,-0.271241
1640841526280789760,1.343929,-0.492287,0.883988,0.960976,0.049623,-0.032882,-0.270152
1640841526281539840,1.343479,-0.491752,0.883318,0.961022,0.049746,-0.032879,-0.269965
1640841526285849856,1.340888,-0.488686,0.879479,0.961285,0.050455,-0.032858,-0.268897
1640841526287129856,1.340115,-0.487778,0.878342,0.961362,0.050672,-0.032854,-0.268582
1640841526291139840,1.337689,-0.484940,0.874792,0.961595,0.051395,-0.032874,-0.267606
1640841526292349696,1.336955,-0.484086,0.873725,0.961663,0.051624,-0.032890,-0.267314
1640841526297479936,1.333831,-0.480477,0.869215,0.961952,0.052583,-0.032982,-0.266073
1640841526298609920,1.333140,-0.479685,0.868226,0.962017,0.052778,-0.033000,-0.265797
1640841526300799744,1.331799,-0.478152,0.866312,0.962146,0.053125,-0.033026,-0.265259
1640841526301379840,1.331444,-0.477746,0.865806,0.962181,0.053210,-0.033032,-0.265115
1640841526305809920,1.328719,-0.474659,0.861954,0.962448,0.053809,-0.033050,-0.264018
1640841526306259968,1.328442,-0.474346,0.861564,0.962476,0.053866,-0.033050,-0.263907
1640841526310909952,1.325566,-0.471123,0.857545,0.962751,0.054470,-0.033043,-0.262777
1640841526311790080,1.325020,-0.470515,0.856787,0.962801,0.054592,-0.033041,-0.262569
1640841526315800064,1.322524,-0.467752,0.853345,0.963024,0.055166,-0.033026,-0.261633
1640841526316199936,1.322275,-0.467477,0.853002,0.963046,0.055223,-0.033023,-0.261540
1640841526321019904,1.319259,-0.464175,0.848890,0.963321,0.055835,-0.032961,-0.260403
1640841526322340096,1.318430,-0.463273,0.847768,0.963399,0.055978,-0.032936,-0.260084
1640841526325939968,1.316163,-0.460823,0.844720,0.963614,0.056354,-0.032870,-0.259212
1640841526326400000,1.315872,-0.460511,0.844331,0.963642,0.056404,-0.032863,-0.259101
1640841526333220096,1.311548,-0.455901,0.838599,0.964023,0.057265,-0.032852,-0.257492
1640841526333829888,1.311160,-0.455491,0.838089,0.964055,0.057352,-0.032857,-0.257351
1640841526335769856,1.309923,-0.454188,0.836469,0.964156,0.057631,-0.032873,-0.256906
1640841526336199936,1.309648,-0.453899,0.836111,0.964179,0.057693,-0.032876,-0.256808
1640841526340930048,1.306618,-0.450738,0.832183,0.964423,0.058359,-0.032891,-0.255736
1640841526341629952,1.306168,-0.450271,0.831603,0.964459,0.058453,-0.032889,-0.255577
1640841526346299904,1.303157,-0.447172,0.827754,0.964701,0.059055,-0.032857,-0.254527
1640841526347389952,1.302451,-0.446452,0.826860,0.964757,0.059194,-0.032851,-0.254283
1640841526350779904,1.300252,-0.444217,0.824086,0.964929,0.059634,-0.032852,-0.253530
1640841526351109888,1.300037,-0.444000,0.823816,0.964945,0.059677,-0.032854,-0.253457
1640841526355899904,1.296913,-0.440863,0.819922,0.965180,0.060314,-0.032908,-0.252401
1640841526356580096,1.296468,-0.440419,0.819371,0.965213,0.060405,-0.032919,-0.252252
1640841526360859904,1.293659,-0.437636,0.815918,0.965420,0.060970,-0.033000,-0.251312
1640841526361299968,1.293369,-0.437351,0.815564,0.965441,0.061028,-0.033009,-0.251215
1640841526365819904,1.290385,-0.434433,0.811943,0.965661,0.061599,-0.033102,-0.250218
1640841526366459904,1.289961,-0.434021,0.811433,0.965692,0.061677,-0.033115,-0.250076
1640841526370810112,1.287072,-0.431234,0.807975,0.965905,0.062199,-0.033195,-0.249111
1640841526371160064,1.286838,-0.431010,0.807697,0.965922,0.062240,-0.033201,-0.249034
1640841526375899904,1.283671,-0.427996,0.803957,0.966155,0.062791,-0.033268,-0.247983
1640841526376669952,1.283154,-0.427508,0.803353,0.966193,0.062877,-0.033276,-0.247813
1640841526380859904,1.280336,-0.424865,0.800073,0.966401,0.063320,-0.033301,-0.246881
1640841526381449984,1.279938,-0.424494,0.799613,0.966431,0.063380,-0.033303,-0.246750
1640841526386609920,1.276445,-0.421266,0.795608,0.966685,0.063909,-0.033334,-0.245610
1640841526387040000,1.276153,-0.420999,0.795276,0.966706,0.063955,-0.033339,-0.245516
1640841526390919936,1.273511,-0.418591,0.792288,0.966885,0.064403,-0.033417,-0.244680
1640841526391520000,1.273101,-0.418220,0.791828,0.966912,0.064478,-0.033436,-0.244553
1640841526396139776,1.269935,-0.415377,0.788299,0.967108,0.065095,-0.033598,-0.243588
1640841526397189888,1.269213,-0.414733,0.787500,0.967152,0.065237,-0.033630,-0.243371
1640841526400859904,1.266683,-0.412495,0.784720,0.967309,0.065712,-0.033685,-0.242610
1640841526401700096,1.266102,-0.411984,0.784086,0.967346,0.065816,-0.033686,-0.242436
1640841526406029824,1.263098,-0.409365,0.780833,0.967535,0.066344,-0.033671,-0.241537
1640841526406769920,1.262583,-0.408919,0.780279,0.967568,0.066435,-0.033669,-0.241383
1640841526410949888,1.259666,-0.406413,0.777165,0.967745,0.066968,-0.033697,-0.240518
1640841526411500032,1.259281,-0.406085,0.776757,0.967768,0.067040,-0.033705,-0.240405
1640841526415869952,1.256212,-0.403487,0.773529,0.967946,0.067629,-0.033795,-0.239509
1640841526416329984,1.255888,-0.403215,0.773190,0.967964,0.067693,-0.033806,-0.239415
1640841526420940032,1.252631,-0.400500,0.769813,0.968145,0.068333,-0.033924,-0.238484
1640841526421399808,1.252305,-0.400231,0.769478,0.968163,0.068398,-0.033935,-0.238391
1640841526426080000,1.248978,-0.397501,0.766081,0.968342,0.069057,-0.034054,-0.237456
1640841526426699776,1.248536,-0.397142,0.765633,0.968366,0.069145,-0.034070,-0.237332
1640841526433159936,1.243907,-0.393419,0.760996,0.968611,0.070059,-0.034236,-0.236035
1640841526433750016,1.243483,-0.393081,0.760575,0.968633,0.070142,-0.034251,-0.235916
1640841526435840000,1.241976,-0.391888,0.759089,0.968713,0.070433,-0.034305,-0.235495
1640841526436270080,1.241666,-0.391643,0.758783,0.968729,0.070492,-0.034316,-0.235408
1640841526441040128,1.238211,-0.388942,0.755414,0.968910,0.071126,-0.034437,-0.234454
1640841526441989888,1.237521,-0.388407,0.754747,0.968946,0.071247,-0.034461,-0.234266
1640841526445890048,1.234677,-0.386222,0.752019,0.969092,0.071723,-0.034565,-0.233498
1640841526446579968,1.234173,-0.385837,0.751539,0.969118,0.071804,-0.034585,-0.233362
1640841526450840064,1.231049,-0.383474,0.748587,0.969278,0.072284,-0.034725,-0.232528
1640841526451259904,1.230740,-0.383242,0.748297,0.969294,0.072329,-0.034741,-0.232446
1640841526455819776,1.227376,-0.380738,0.745167,0.969464,0.072816,-0.034927,-0.231556
1640841526456249856,1.227058,-0.380503,0.744873,0.969479,0.072862,-0.034945,-0.231473
1640841526460780032,1.223695,-0.378042,0.741794,0.969642,0.073378,-0.035120,-0.230600
1640841526461159936,1.223412,-0.377837,0.741537,0.969655,0.073424,-0.035133,-0.230527
1640841526466949888,1.219085,-0.374730,0.737645,0.969854,0.074146,-0.035338,-0.229429
1640841526467739904,1.218492,-0.374309,0.737117,0.969880,0.074246,-0.035368,-0.229280
1640841526471109888,1.215956,-0.372522,0.734876,0.969992,0.074674,-0.035504,-0.228646
1640841526471959808,1.215315,-0.372073,0.734314,0.970020,0.074782,-0.035542,-0.228486
1640841526476300032,1.212031,-0.369797,0.731456,0.970159,0.075333,-0.035755,-0.227678
1640841526477419776,1.211181,-0.369213,0.730722,0.970195,0.075476,-0.035816,-0.227471
1640841526480859904,1.208561,-0.367429,0.728481,0.970299,0.075919,-0.036021,-0.226843
1640841526481539840,1.208042,-0.367078,0.728040,0.970320,0.076006,-0.036064,-0.226721
1640841526485779968,1.204796,-0.364903,0.725303,0.970443,0.076549,-0.036340,-0.225963
1640841526486259968,1.204427,-0.364659,0.724995,0.970457,0.076609,-0.036371,-0.225878
1640841526491119872,1.200683,-0.362196,0.721893,0.970597,0.077202,-0.036676,-0.225024
1640841526491959808,1.200034,-0.361773,0.721360,0.970621,0.077300,-0.036726,-0.224877
1640841526495819776,1.197041,-0.359841,0.718924,0.970733,0.077738,-0.036960,-0.224207
1640841526496189952,1.196754,-0.359657,0.718692,0.970743,0.077778,-0.036983,-0.224143
1640841526500890112,1.193089,-0.357332,0.715756,0.970878,0.078283,-0.037321,-0.223329
1640841526502310144,1.191978,-0.356635,0.714876,0.970918,0.078431,-0.037435,-0.223083
1640841526506129920,1.188979,-0.354773,0.712520,0.971026,0.078811,-0.037743,-0.222426
1640841526507920128,1.187568,-0.353906,0.711424,0.971077,0.078980,-0.037875,-0.222120
1640841526511129856,1.185032,-0.352362,0.709469,0.971170,0.079264,-0.038077,-0.221577
1640841526512089856,1.184271,-0.351903,0.708887,0.971198,0.079344,-0.038130,-0.221416
1640841526515820032,1.181308,-0.350130,0.706639,0.971309,0.079633,-0.038320,-0.220791
1640841526516189696,1.181014,-0.349955,0.706417,0.971320,0.079659,-0.038338,-0.220730
1640841526520999936,1.177171,-0.347697,0.703549,0.971467,0.079973,-0.038587,-0.219925
1640841526521719808,1.176593,-0.347361,0.703123,0.971489,0.080015,-0.038626,-0.219805
1640841526526759936,1.172539,-0.345031,0.700159,0.971644,0.080302,-0.038904,-0.218966
1640841526528559872,1.171085,-0.344207,0.699110,0.971698,0.080406,-0.038999,-0.218670
1640841526530899968,1.169190,-0.343141,0.697752,0.971767,0.080550,-0.039115,-0.218289
1640841526531309824,1.168858,-0.342955,0.697515,0.971779,0.080576,-0.039135,-0.218223
1640841526535889920,1.165131,-0.340892,0.694883,0.971908,0.080888,-0.039367,-0.217488
1640841526536439808,1.164683,-0.340646,0.694569,0.971923,0.080929,-0.039398,-0.217401
1640841526540910080,1.161023,-0.338662,0.692033,0.972041,0.081275,-0.039695,-0.216692
1640841526541799936,1.160293,-0.338269,0.691532,0.972063,0.081348,-0.039763,-0.216552
1640841526545840128,1.156965,-0.336503,0.689270,0.972163,0.081684,-0.040084,-0.215915
1640841526546360064,1.156535,-0.336277,0.688981,0.972176,0.081727,-0.040124,-0.215834
1640841526550809856,1.152849,-0.334358,0.686520,0.972289,0.082083,-0.040414,-0.215137
1640841526551219968,1.152508,-0.334182,0.686295,0.972299,0.082114,-0.040436,-0.215073
1640841526556229888,1.148332,-0.332055,0.683562,0.972429,0.082471,-0.040685,-0.214299
1640841526557090048,1.147613,-0.331693,0.683097,0.972452,0.082527,-0.040733,-0.214168
1640841526561169920,1.144190,-0.329989,0.680904,0.972554,0.082776,-0.041014,-0.213551
1640841526561830144,1.143634,-0.329716,0.680551,0.972570,0.082813,-0.041068,-0.213453
1640841526565899776,1.140200,-0.328041,0.678392,0.972669,0.083032,-0.041421,-0.212849
1640841526567109888,1.139176,-0.327547,0.677754,0.972698,0.083093,-0.041526,-0.212671
1640841526571019776,1.135856,-0.325965,0.675709,0.972794,0.083289,-0.041825,-0.212097
1640841526571909888,1.135098,-0.325607,0.675247,0.972816,0.083333,-0.041881,-0.211967
1640841526577289728,1.130500,-0.323468,0.672477,0.972954,0.083570,-0.042162,-0.211186
1640841526578339840,1.129599,-0.323055,0.671941,0.972981,0.083604,-0.042217,-0.211036
1640841526581029888,1.127285,-0.322004,0.670576,0.973051,0.083667,-0.042373,-0.210657
1640841526581849856,1.126579,-0.321685,0.670163,0.973072,0.083680,-0.042425,-0.210543
1640841526585850112,1.123122,-0.320143,0.668157,0.973177,0.083712,-0.042694,-0.209993
1640841526586249728,1.122775,-0.319990,0.667958,0.973187,0.083713,-0.042721,-0.209938
1640841526590889984,1.118742,-0.318229,0.665665,0.973307,0.083729,-0.043028,-0.209310
1640841526591429888,1.118271,-0.318026,0.665400,0.973321,0.083732,-0.043061,-0.209237
1640841526595810048,1.114441,-0.316393,0.663268,0.973431,0.083763,-0.043327,-0.208657
1640841526596269824,1.114038,-0.316223,0.663045,0.973443,0.083767,-0.043355,-0.208598
1640841526600969984,1.109904,-0.314501,0.660792,0.973549,0.083815,-0.043660,-0.208017
1640841526601680128,1.109277,-0.314244,0.660454,0.973564,0.083823,-0.043709,-0.207934
1640841526605789952,1.105640,-0.312765,0.658515,0.973647,0.083875,-0.043995,-0.207464
1640841526606149888,1.105320,-0.312637,0.658347,0.973654,0.083880,-0.044019,-0.207423
1640841526611150080,1.100869,-0.310871,0.656024,0.973753,0.083953,-0.044330,-0.206860
1640841526612039936,1.100074,-0.310559,0.655614,0.973771,0.083966,-0.044379,-0.206760
1640841526615969792,1.096554,-0.309199,0.653820,0.973849,0.084025,-0.044597,-0.206322
1640841526616859904,1.095754,-0.308893,0.653416,0.973866,0.084037,-0.044648,-0.206226
1640841526620809984,1.092195,-0.307550,0.651641,0.973937,0.084086,-0.044903,-0.205817
1640841526621159936,1.091879,-0.307432,0.651485,0.973942,0.084090,-0.044929,-0.205783
1640841526625919744,1.087566,-0.305842,0.649379,0.974016,0.084119,-0.045308,-0.205338
1640841526626400000,1.087130,-0.305684,0.649168,0.974024,0.084119,-0.045347,-0.205294
1640841526630849792,1.083074,-0.304227,0.647233,0.974096,0.084088,-0.045692,-0.204887
1640841526631279872,1.082681,-0.304087,0.647047,0.974103,0.084082,-0.045722,-0.204847
1640841526636920064,1.077507,-0.302281,0.644640,0.974205,0.083954,-0.046102,-0.204329
1640841526637629952,1.076854,-0.302056,0.644341,0.974218,0.083933,-0.046149,-0.204266
1640841526640989952,1.073753,-0.301003,0.642933,0.974276,0.083823,-0.046379,-0.203981
1640841526641870080,1.072939,-0.300729,0.642567,0.974291,0.083791,-0.046442,-0.203911
1640841526645890048,1.069209,-0.299492,0.640910,0.974354,0.083634,-0.046738,-0.203603
1640841526646339840,1.068790,-0.299355,0.640726,0.974361,0.083615,-0.046772,-0.203570
1640841526650820096,1.064611,-0.298004,0.638910,0.974430,0.083414,-0.047115,-0.203246
1640841526651299840,1.064162,-0.297860,0.638718,0.974437,0.083391,-0.047152,-0.203212
1640841526655830016,1.059912,-0.296523,0.636916,0.974505,0.083159,-0.047492,-0.202901
1640841526656199936,1.059564,-0.296415,0.636770,0.974511,0.083139,-0.047519,-0.202876
1640841526660780032,1.055243,-0.295091,0.634981,0.974578,0.082869,-0.047831,-0.202591
1640841526661229824,1.054817,-0.294963,0.634807,0.974584,0.082841,-0.047860,-0.202565
1640841526665890048,1.050395,-0.293646,0.633023,0.974651,0.082540,-0.048131,-0.202304
1640841526667429888,1.048928,-0.293217,0.632440,0.974672,0.082439,-0.048211,-0.202222
1640841526670840064,1.045671,-0.292278,0.631163,0.974720,0.082219,-0.048370,-0.202041
1640841526671259904,1.045270,-0.292163,0.631007,0.974726,0.082193,-0.048388,-0.202019
1640841526676329728,1.040402,-0.290797,0.629142,0.974795,0.081883,-0.048595,-0.201764
1640841526676930048,1.039824,-0.290637,0.628924,0.974802,0.081847,-0.048620,-0.201736
1640841526680919808,1.035972,-0.289587,0.627487,0.974848,0.081613,-0.048797,-0.201569
1640841526681779968,1.035139,-0.289364,0.627180,0.974856,0.081564,-0.048839,-0.201538
1640841526685819904,1.031217,-0.288326,0.625754,0.974891,0.081335,-0.049048,-0.201411
1640841526686309888,1.030740,-0.288201,0.625583,0.974895,0.081308,-0.049074,-0.201397
1640841526690879744,1.026280,-0.287054,0.624003,0.974927,0.081061,-0.049312,-0.201281
1640841526691709952,1.025467,-0.286849,0.623719,0.974933,0.081017,-0.049353,-0.201262
1640841526695840000,1.021413,-0.285839,0.622322,0.974959,0.080799,-0.049543,-0.201178
1640841526696280064,1.020980,-0.285733,0.622175,0.974961,0.080776,-0.049561,-0.201170
1640841526700899840,1.016421,-0.284630,0.620645,0.974989,0.080530,-0.049725,-0.201096
1640841526701720064,1.015610,-0.284438,0.620377,0.974993,0.080485,-0.049748,-0.201086
1640841526705789952,1.011571,-0.283492,0.619061,0.975015,0.080261,-0.049853,-0.201043
1640841526706179840,1.011183,-0.283403,0.618936,0.975017,0.080240,-0.049863,-0.201039
1640841526710929920,1.006445,-0.282327,0.617433,0.975035,0.079986,-0.050021,-0.201015
1640841526711639808,1.005735,-0.282169,0.617211,0.975037,0.079948,-0.050050,-0.201014
1640841526715859968,1.001502,-0.281240,0.615908,0.975046,0.079706,-0.050226,-0.201019
1640841526716539904,1.000818,-0.281092,0.615701,0.975048,0.079664,-0.050254,-0.201022
1640841526720779776,0.996543,-0.280184,0.614422,0.975060,0.079356,-0.050399,-0.201050
1640841526721349888,0.995967,-0.280063,0.614253,0.975062,0.079309,-0.050414,-0.201056
1640841526725869824,0.991386,-0.279122,0.612922,0.975081,0.078885,-0.050487,-0.201108
1640841526726330112,0.990918,-0.279027,0.612789,0.975084,0.078839,-0.050492,-0.201114
1640841526731109888,0.986047,-0.278060,0.611418,0.975107,0.078373,-0.050525,-0.201176
1640841526731749888,0.985393,-0.277932,0.611237,0.975110,0.078312,-0.050529,-0.201185
1640841526735829760,0.981214,-0.277131,0.610097,0.975125,0.077934,-0.050545,-0.201255
1640841526737689856,0.979303,-0.276772,0.609586,0.975129,0.077761,-0.050549,-0.201301
1640841526741209856,0.975676,-0.276103,0.608632,0.975131,0.077426,-0.050547,-0.201419
1640841526742459904,0.974385,-0.275869,0.608297,0.975130,0.077306,-0.050546,-0.201469
1640841526745990144,0.970730,-0.275218,0.607365,0.975124,0.076974,-0.050548,-0.201628
1640841526746979840,0.969703,-0.275038,0.607106,0.975121,0.076883,-0.050553,-0.201675
1640841526750850048,0.965677,-0.274344,0.606111,0.975107,0.076550,-0.050590,-0.201857
1640841526751319808,0.965187,-0.274261,0.605991,0.975105,0.076512,-0.050597,-0.201879
1640841526755879936,0.960421,-0.273467,0.604849,0.975085,0.076148,-0.050659,-0.202102
1640841526756389888,0.959887,-0.273380,0.604723,0.975082,0.076107,-0.050664,-0.202129
1640841526760949760,0.955097,-0.272612,0.603615,0.975057,0.075721,-0.050660,-0.202395
1640841526761920000,0.954075,-0.272451,0.603383,0.975051,0.075633,-0.050648,-0.202459
1640841526765799936,0.949979,-0.271820,0.602469,0.975026,0.075273,-0.050586,-0.202730
1640841526766219776,0.949535,-0.271752,0.602372,0.975023,0.075233,-0.050580,-0.202761
1640841526771030016,0.944433,-0.270994,0.601272,0.974984,0.074791,-0.050551,-0.203120
1640841526771780096,0.943635,-0.270878,0.601104,0.974977,0.074724,-0.050556,-0.203177
1640841526776169984,0.938955,-0.270210,0.600134,0.974935,0.074332,-0.050607,-0.203507
1640841526776809984,0.938271,-0.270114,0.599995,0.974929,0.074272,-0.050612,-0.203555
1640841526782629888,0.932033,-0.269264,0.598758,0.974886,0.073662,-0.050552,-0.203998
1640841526783020032,0.931613,-0.269208,0.598677,0.974884,0.073617,-0.050542,-0.204028
1640841526785769984,0.928653,-0.268820,0.598111,0.974868,0.073280,-0.050456,-0.204247
1640841526786099968,0.928297,-0.268774,0.598044,0.974866,0.073238,-0.050445,-0.204274
1640841526790979840,0.923023,-0.268105,0.597070,0.974834,0.072581,-0.050295,-0.204698
1640841526792689920,0.921169,-0.267876,0.596736,0.974821,0.072338,-0.050248,-0.204857
1640841526796699904,0.916811,-0.267351,0.595971,0.974788,0.071750,-0.050130,-0.205248
1640841526797609984,0.915820,-0.267234,0.595801,0.974781,0.071614,-0.050099,-0.205339
1640841526800979968,0.912142,-0.266808,0.595180,0.974752,0.071111,-0.049958,-0.205683
1640841526801619968,0.911442,-0.266728,0.595064,0.974747,0.071015,-0.049927,-0.205750
1640841526805809920,0.906851,-0.266216,0.594319,0.974710,0.070395,-0.049705,-0.206189
1640841526806309888,0.906302,-0.266156,0.594232,0.974706,0.070322,-0.049678,-0.206242
1640841526811399936,0.900700,-0.265559,0.593365,0.974656,0.069601,-0.049401,-0.206789
1640841526813029888,0.898900,-0.265373,0.593095,0.974638,0.069377,-0.049314,-0.206968
1640841526816019968,0.895593,-0.265039,0.592610,0.974603,0.068971,-0.049147,-0.207306
1640841526816829952,0.894695,-0.264949,0.592481,0.974594,0.068860,-0.049100,-0.207400
1640841526820770048,0.890321,-0.264524,0.591867,0.974542,0.068319,-0.048839,-0.207883
1640841526821100032,0.889954,-0.264489,0.591816,0.974537,0.068274,-0.048816,-0.207925
1640841526826759936,0.883643,-0.263904,0.590976,0.974453,0.067492,-0.048389,-0.208673
1640841526827569920,0.882737,-0.263823,0.590859,0.974440,0.067382,-0.048329,-0.208782
1640841526830960128,0.878940,-0.263489,0.590382,0.974385,0.066933,-0.048091,-0.209238
1640841526831529728,0.878301,-0.263434,0.590303,0.974376,0.066859,-0.048053,-0.209314
1640841526835879936,0.873410,-0.263022,0.589718,0.974302,0.066298,-0.047786,-0.209897
1640841526836269824,0.872971,-0.262986,0.589667,0.974295,0.066248,-0.047763,-0.209950
1640841526840940032,0.867700,-0.262564,0.589073,0.974213,0.065618,-0.047489,-0.210589
1640841526842949888,0.865425,-0.262388,0.588827,0.974177,0.065335,-0.047370,-0.210871
1640841526845959936,0.862011,-0.262131,0.588469,0.974122,0.064902,-0.047183,-0.211302
1640841526846819840,0.861035,-0.262059,0.588369,0.974105,0.064778,-0.047127,-0.211428
1640841526851019776,0.856254,-0.261716,0.587897,0.974023,0.064168,-0.046836,-0.212056
1640841526852069888,0.855057,-0.261633,0.587783,0.974002,0.064016,-0.046758,-0.212217
1640841526855899904,0.850680,-0.261336,0.587381,0.973924,0.063446,-0.046453,-0.212813
1640841526856420096,0.850085,-0.261296,0.587328,0.973913,0.063365,-0.046410,-0.212894
1640841526861029888,0.844798,-0.260956,0.586875,0.973824,0.062590,-0.046013,-0.213617
1640841526861670144,0.844062,-0.260910,0.586814,0.973812,0.062475,-0.045956,-0.213717
1640841526866619904,0.838362,-0.260567,0.586367,0.973720,0.061566,-0.045504,-0.214495
1640841526867209984,0.837681,-0.260527,0.586316,0.973709,0.061459,-0.045449,-0.214589
1640841526870800128,0.833531,-0.260291,0.586017,0.973638,0.060832,-0.045110,-0.215162
1640841526871160064,0.833114,-0.260268,0.585988,0.973630,0.060772,-0.045075,-0.215220
1640841526876150016,0.827326,-0.259957,0.585605,0.973519,0.059997,-0.044582,-0.216039
1640841526877699840,0.825524,-0.259865,0.585494,0.973484,0.059762,-0.044417,-0.216299
1640841526880989952,0.821691,-0.259674,0.585269,0.973407,0.059245,-0.044038,-0.216861
1640841526881809920,0.820735,-0.259627,0.585215,0.973389,0.059111,-0.043938,-0.217003
1640841526885870080,0.815990,-0.259405,0.584963,0.973294,0.058436,-0.043430,-0.217712
1640841526887429888,0.814163,-0.259322,0.584873,0.973257,0.058178,-0.043236,-0.217985
1640841526890839808,0.810163,-0.259148,0.584688,0.973174,0.057628,-0.042832,-0.218580
1640841526891419904,0.809482,-0.259119,0.584658,0.973159,0.057537,-0.042766,-0.218681
1640841526895939840,0.804162,-0.258903,0.584442,0.973044,0.056840,-0.042266,-0.219473
1640841526896610048,0.803372,-0.258872,0.584412,0.973026,0.056738,-0.042192,-0.219592
1640841526900869888,0.798341,-0.258682,0.584239,0.972911,0.056083,-0.041707,-0.220362
1640841526901360128,0.797761,-0.258661,0.584221,0.972897,0.056007,-0.041650,-0.220452
1640841526906220032,0.792002,-0.258460,0.584059,0.972759,0.055248,-0.041074,-0.221360
1640841526906829824,0.791277,-0.258436,0.584041,0.972741,0.055153,-0.041002,-0.221475
1640841526910789888,0.786568,-0.258285,0.583938,0.972625,0.054531,-0.040549,-0.222221
1640841526911160064,0.786127,-0.258271,0.583929,0.972614,0.054473,-0.040508,-0.222291
1640841526915889920,0.780485,-0.258104,0.583837,0.972473,0.053727,-0.039985,-0.223183
1640841526916529920,0.779720,-0.258083,0.583827,0.972454,0.053626,-0.039914,-0.223304
1640841526921149952,0.774189,-0.257934,0.583772,0.972314,0.052887,-0.039386,-0.224180
1640841526923049984,0.771910,-0.257877,0.583759,0.972257,0.052578,-0.039158,-0.224543
1640841526926129920,0.768209,-0.257788,0.583747,0.972163,0.052070,-0.038781,-0.225131
1640841526927049984,0.767102,-0.257762,0.583746,0.972135,0.051916,-0.038666,-0.225307
1640841526930879744,0.762487,-0.257661,0.583756,0.972019,0.051259,-0.038187,-0.226036
1640841526931549952,0.761678,-0.257644,0.583760,0.971999,0.051142,-0.038102,-0.226164
1640841526935829760,0.756506,-0.257541,0.583799,0.971870,0.050383,-0.037558,-0.226978
1640841526936509952,0.755683,-0.257525,0.583808,0.971850,0.050262,-0.037470,-0.227108
1640841526940939776,0.750312,-0.257430,0.583880,0.971712,0.049475,-0.036886,-0.227961
1640841526941409792,0.749742,-0.257421,0.583889,0.971698,0.049393,-0.036823,-0.228053
1640841526945789696,0.744416,-0.257337,0.583990,0.971556,0.048640,-0.036240,-0.228909
1640841526946179840,0.743941,-0.257330,0.584000,0.971543,0.048575,-0.036189,-0.228986
1640841526950939904,0.738136,-0.257250,0.584143,0.971383,0.047811,-0.035593,-0.229920
1640841526951559936,0.737379,-0.257241,0.584164,0.971361,0.047717,-0.035520,-0.230041
1640841526955829760,0.732156,-0.257179,0.584322,0.971211,0.047090,-0.035041,-0.230877
1640841526956339712,0.731532,-0.257172,0.584343,0.971193,0.047017,-0.034985,-0.230977
1640841526961370112,0.725361,-0.257110,0.584566,0.971011,0.046295,-0.034411,-0.231970
1640841526962050048,0.724525,-0.257102,0.584599,0.970986,0.046197,-0.034330,-0.232105
1640841526965760000,0.719961,-0.257064,0.584789,0.970849,0.045665,-0.033888,-0.232850
1640841526967190016,0.718199,-0.257050,0.584867,0.970794,0.045462,-0.033717,-0.233141
1640841526971350016,0.713066,-0.257015,0.585111,0.970632,0.044884,-0.033231,-0.233997
1640841526972770048,0.711311,-0.257005,0.585199,0.970575,0.044689,-0.033071,-0.234291
1640841526975909888,0.707426,-0.256984,0.585405,0.970450,0.044253,-0.032724,-0.234943
1640841526978609920,0.704080,-0.256969,0.585593,0.970343,0.043863,-0.032435,-0.235498
1640841526980829952,0.701325,-0.256958,0.585754,0.970257,0.043523,-0.032205,-0.235946
1640841526981220096,0.700841,-0.256956,0.585783,0.970242,0.043462,-0.032165,-0.236023
1640841526985910016,0.695010,-0.256939,0.586149,0.970065,0.042682,-0.031698,-0.236952
1640841526986549760,0.694213,-0.256937,0.586201,0.970041,0.042571,-0.031637,-0.237079
1640841526990919936,0.688766,-0.256927,0.586573,0.969875,0.041783,-0.031231,-0.237954
1640841526991389952,0.688179,-0.256927,0.586614,0.969856,0.041696,-0.031188,-0.238049
1640841526995839744,0.682619,-0.256922,0.587021,0.969681,0.040854,-0.030789,-0.238961
1640841526997059840,0.681092,-0.256922,0.587137,0.969632,0.040619,-0.030679,-0.239213
1640841527000859904,0.676332,-0.256923,0.587512,0.969478,0.039879,-0.030329,-0.240004
1640841527001639936,0.675354,-0.256923,0.587591,0.969446,0.039727,-0.030255,-0.240167
1640841527005949952,0.669942,-0.256929,0.588043,0.969270,0.038885,-0.029824,-0.241067
1640841527006609920,0.669113,-0.256930,0.588114,0.969243,0.038757,-0.029754,-0.241205
1640841527011809792,0.662568,-0.256942,0.588697,0.969030,0.037742,-0.029190,-0.242288
1640841527012579840,0.661598,-0.256944,0.588786,0.968998,0.037586,-0.029115,-0.242450
1640841527015830016,0.657498,-0.256955,0.589171,0.968861,0.036910,-0.028827,-0.243135
1640841527016569856,0.656564,-0.256957,0.589261,0.968830,0.036755,-0.028766,-0.243292
1640841527020819968,0.651193,-0.256973,0.589789,0.968645,0.035879,-0.028418,-0.244198
1640841527021260032,0.650636,-0.256975,0.589845,0.968625,0.035790,-0.028381,-0.244292
1640841527025840128,0.644837,-0.256995,0.590443,0.968422,0.034883,-0.027995,-0.245273
1640841527026419968,0.644101,-0.256998,0.590520,0.968396,0.034769,-0.027945,-0.245397
1640841527030850048,0.638480,-0.257020,0.591127,0.968199,0.033884,-0.027569,-0.246339
1640841527031280128,0.637934,-0.257022,0.591188,0.968180,0.033796,-0.027533,-0.246429
1640841527035859712,0.632111,-0.257047,0.591843,0.967978,0.032857,-0.027163,-0.247389
1640841527036640000,0.631119,-0.257051,0.591958,0.967943,0.032698,-0.027104,-0.247552
1640841527040999936,0.625565,-0.257076,0.592611,0.967748,0.031828,-0.026806,-0.248459
1640841527042059776,0.624213,-0.257082,0.592773,0.967700,0.031623,-0.026743,-0.248680
1640841527046209792,0.618917,-0.257107,0.593422,0.967510,0.030814,-0.026514,-0.249543
1640841527046690048,0.618304,-0.257110,0.593499,0.967488,0.030718,-0.026488,-0.249643
1640841527051319808,0.612385,-0.257137,0.594251,0.967277,0.029730,-0.026228,-0.250608
1640841527052169984,0.611297,-0.257143,0.594392,0.967238,0.029539,-0.026178,-0.250785
1640841527055810048,0.606636,-0.257164,0.595005,0.967071,0.028709,-0.025963,-0.251546
1640841527056219904,0.606111,-0.257167,0.595075,0.967052,0.028616,-0.025939,-0.251632
1640841527060879872,0.600135,-0.257195,0.595886,0.966833,0.027585,-0.025676,-0.252612
1640841527061639936,0.599159,-0.257199,0.596020,0.966797,0.027425,-0.025636,-0.252772
1640841527067940096,0.591065,-0.257235,0.597164,0.966496,0.026121,-0.025307,-0.254093
1640841527068579840,0.590242,-0.257238,0.597282,0.966466,0.025983,-0.025272,-0.254225
1640841527070799872,0.587386,-0.257250,0.597698,0.966363,0.025481,-0.025143,-0.254677
1640841527071189760,0.586884,-0.257252,0.597772,0.966346,0.025390,-0.025120,-0.254756
1640841527075830016,0.580908,-0.257276,0.598662,0.966137,0.024253,-0.024825,-0.255685
1640841527076359936,0.580225,-0.257278,0.598765,0.966113,0.024119,-0.024790,-0.255790
1640841527081080064,0.574137,-0.257300,0.599699,0.965899,0.022900,-0.024472,-0.256739
1640841527082769920,0.571956,-0.257307,0.600039,0.965822,0.022461,-0.024358,-0.257082
1640841527086360064,0.567318,-0.257321,0.600774,0.965656,0.021532,-0.024125,-0.257804
1640841527087669760,0.565625,-0.257326,0.601045,0.965596,0.021198,-0.024044,-0.258064
1640841527090809856,0.561565,-0.257336,0.601705,0.965454,0.020409,-0.023864,-0.258676
1640841527091229952,0.561022,-0.257338,0.601794,0.965435,0.020305,-0.023841,-0.258756
1640841527095879936,0.555002,-0.257350,0.602792,0.965226,0.019184,-0.023600,-0.259641
1640841527097440000,0.552982,-0.257353,0.603133,0.965155,0.018819,-0.023520,-0.259939
1640841527100829952,0.548589,-0.257358,0.603882,0.964997,0.018047,-0.023339,-0.260597
1640841527101409792,0.547837,-0.257359,0.604012,0.964969,0.017917,-0.023307,-0.260710
1640841527105890048,0.542025,-0.257363,0.605024,0.964754,0.016934,-0.023049,-0.261593
1640841527106370048,0.541402,-0.257363,0.605134,0.964731,0.016830,-0.023021,-0.261688
1640841527111069952,0.535300,-0.257361,0.606222,0.964505,0.015826,-0.022732,-0.262607
1640841527112140032,0.533909,-0.257360,0.606474,0.964454,0.015600,-0.022665,-0.262813
1640841527116119808,0.528737,-0.257354,0.607418,0.964265,0.014767,-0.022430,-0.263577
1640841527117879808,0.526448,-0.257350,0.607842,0.964180,0.014404,-0.022338,-0.263913
1640841527120819712,0.522623,-0.257341,0.608556,0.964038,0.013805,-0.022211,-0.264474
1640841527121219840,0.522103,-0.257340,0.608654,0.964019,0.013724,-0.022196,-0.264550
1640841527125799936,0.516141,-0.257322,0.609788,0.963795,0.012805,-0.022046,-0.265421
1640841527126210048,0.515607,-0.257320,0.609890,0.963776,0.012723,-0.022033,-0.265498
1640841527131119872,0.509210,-0.257292,0.611132,0.963539,0.011732,-0.021864,-0.266417
1640841527131830016,0.508285,-0.257288,0.611313,0.963505,0.011587,-0.021835,-0.266548
1640841527135899904,0.502979,-0.257258,0.612364,0.963311,0.010756,-0.021658,-0.267297
1640841527136620032,0.502040,-0.257253,0.612552,0.963276,0.010608,-0.021625,-0.267429
1640841527140859904,0.496509,-0.257215,0.613669,0.963072,0.009745,-0.021431,-0.268213
1640841527141360128,0.495856,-0.257210,0.613801,0.963048,0.009644,-0.021408,-0.268305
1640841527146080000,0.489695,-0.257160,0.615068,0.962819,0.008669,-0.021200,-0.269176
1640841527146859776,0.488677,-0.257151,0.615280,0.962781,0.008504,-0.021167,-0.269318
1640841527151469824,0.482656,-0.257093,0.616542,0.962564,0.007488,-0.020980,-0.270139
1640841527152279808,0.481598,-0.257082,0.616766,0.962526,0.007303,-0.020947,-0.270281
1640841527155969792,0.476777,-0.257028,0.617795,0.962355,0.006445,-0.020797,-0.270920
1640841527156770048,0.475731,-0.257015,0.618020,0.962319,0.006256,-0.020763,-0.271058
1640841527160809984,0.470450,-0.256948,0.619165,0.962131,0.005295,-0.020580,-0.271756
1640841527161729792,0.469248,-0.256932,0.619428,0.962089,0.005075,-0.020534,-0.271916
1640841527165910016,0.463782,-0.256854,0.620634,0.961891,0.004083,-0.020315,-0.272645
1640841527167569920,0.461611,-0.256820,0.621117,0.961812,0.003694,-0.020222,-0.272937
1640841527170820096,0.457359,-0.256751,0.622071,0.961655,0.002949,-0.020032,-0.273514
1640841527171309824,0.456718,-0.256741,0.622216,0.961631,0.002839,-0.020002,-0.273601
1640841527177690112,0.448370,-0.256589,0.624121,0.961315,0.001458,-0.019615,-0.274750
1640841527178339840,0.447519,-0.256573,0.624318,0.961282,0.001321,-0.019578,-0.274866
1640841527180780032,0.444326,-0.256509,0.625058,0.961162,0.000807,-0.019453,-0.275298
1640841527181169920,0.443815,-0.256498,0.625177,0.961143,0.000725,-0.019435,-0.275367
1640841527185839872,0.437703,-0.256366,0.626611,0.960915,-0.000251,-0.019246,-0.276172
1640841527186319872,0.437075,-0.256352,0.626760,0.960892,-0.000350,-0.019229,-0.276254
1640841527190789888,0.431223,-0.256214,0.628154,0.960676,-0.001242,-0.019056,-0.277015
1640841527191180032,0.430712,-0.256201,0.628277,0.960657,-0.001317,-0.019040,-0.277082
1640841527195960064,0.424454,-0.256040,0.629790,0.960423,-0.002223,-0.018841,-0.277900
1640841527196399872,0.423878,-0.256025,0.629930,0.960401,-0.002306,-0.018823,-0.277975
1640841527200859904,0.418038,-0.255862,0.631363,0.960178,-0.003156,-0.018657,-0.278746
1640841527201400064,0.417331,-0.255842,0.631537,0.960151,-0.003261,-0.018639,-0.278840
1640841527205809920,0.411558,-0.255668,0.632973,0.959928,-0.004128,-0.018502,-0.279604
1640841527206310144,0.410903,-0.255648,0.633137,0.959903,-0.004228,-0.018486,-0.279690
1640841527211209984,0.404488,-0.255439,0.634756,0.959658,-0.005202,-0.018319,-0.280526
1640841527212049920,0.403389,-0.255402,0.635036,0.959616,-0.005369,-0.018287,-0.280667
1640841527215819776,0.398454,-0.255230,0.636298,0.959431,-0.006126,-0.018140,-0.281292
1640841527216199936,0.397957,-0.255212,0.636426,0.959413,-0.006203,-0.018125,-0.281355
1640841527220979968,0.391701,-0.254980,0.638047,0.959180,-0.007196,-0.017950,-0.282133
1640841527222019840,0.390340,-0.254927,0.638402,0.959130,-0.007419,-0.017916,-0.282301
1640841527225949952,0.385198,-0.254722,0.639754,0.958939,-0.008280,-0.017793,-0.282933
1640841527227259904,0.383485,-0.254651,0.640207,0.958875,-0.008572,-0.017751,-0.283144
1640841527231010048,0.378580,-0.254443,0.641513,0.958690,-0.009413,-0.017612,-0.283752
1640841527232120064,0.377128,-0.254380,0.641902,0.958635,-0.009663,-0.017565,-0.283933
1640841527235869952,0.372225,-0.254159,0.643224,0.958448,-0.010499,-0.017397,-0.284542
1640841527236349696,0.371598,-0.254130,0.643394,0.958425,-0.010605,-0.017375,-0.284619
1640841527240949760,0.365586,-0.253844,0.645033,0.958201,-0.011600,-0.017158,-0.285346
1640841527241819904,0.364449,-0.253788,0.645346,0.958159,-0.011783,-0.017117,-0.285480
1640841527245889792,0.359132,-0.253520,0.646814,0.957967,-0.012631,-0.016919,-0.286101
1640841527246469888,0.358374,-0.253481,0.647025,0.957939,-0.012751,-0.016890,-0.286189
1640841527250739712,0.352799,-0.253185,0.648583,0.957737,-0.013636,-0.016660,-0.286838
1640841527251119872,0.352303,-0.253158,0.648722,0.957719,-0.013715,-0.016638,-0.286896
1640841527255780096,0.346222,-0.252819,0.650441,0.957492,-0.014697,-0.016349,-0.287620
1640841527256269824,0.345583,-0.252782,0.650623,0.957468,-0.014799,-0.016317,-0.287697
1640841527260800000,0.339675,-0.252435,0.652314,0.957241,-0.015706,-0.016035,-0.288421
1640841527261279744,0.339049,-0.252397,0.652494,0.957216,-0.015796,-0.016008,-0.288499
1640841527265849856,0.333093,-0.252029,0.654218,0.956984,-0.016631,-0.015756,-0.289235
1640841527266299904,0.332507,-0.251992,0.654389,0.956961,-0.016711,-0.015732,-0.289307
1640841527270779904,0.326672,-0.251615,0.656097,0.956737,-0.017521,-0.015496,-0.290012
1640841527271159808,0.326177,-0.251582,0.656243,0.956718,-0.017591,-0.015475,-0.290071
1640841527276209920,0.319606,-0.251135,0.658190,0.956471,-0.018525,-0.015191,-0.290841
1640841527277220096,0.318292,-0.251044,0.658582,0.956422,-0.018712,-0.015130,-0.290994
1640841527281149952,0.313183,-0.250679,0.660114,0.956231,-0.019434,-0.014873,-0.291589
1640841527282579968,0.311325,-0.250543,0.660675,0.956161,-0.019692,-0.014769,-0.291807
1640841527285849856,0.307077,-0.250226,0.661963,0.955999,-0.020278,-0.014521,-0.292308
1640841527286299904,0.306493,-0.250182,0.662141,0.955977,-0.020358,-0.014486,-0.292377
1640841527290819840,0.300626,-0.249728,0.663937,0.955752,-0.021184,-0.014148,-0.293070
1640841527291529984,0.299705,-0.249655,0.664221,0.955716,-0.021317,-0.014097,-0.293178
1640841527295899904,0.294039,-0.249197,0.665975,0.955499,-0.022147,-0.013778,-0.293840
1640841527296720128,0.292977,-0.249109,0.666306,0.955458,-0.022303,-0.013713,-0.293963
1640841527301059840,0.287356,-0.248636,0.668066,0.955246,-0.023124,-0.013318,-0.294605
1640841527301910016,0.286255,-0.248541,0.668413,0.955205,-0.023282,-0.013230,-0.294729
1640841527306180096,0.280731,-0.248057,0.670161,0.955000,-0.024077,-0.012758,-0.295352
1640841527307049984,0.279606,-0.247956,0.670519,0.954958,-0.024239,-0.012659,-0.295479
1640841527310870016,0.274669,-0.247506,0.672098,0.954770,-0.024955,-0.012231,-0.296044
1640841527311539968,0.273804,-0.247426,0.672376,0.954737,-0.025081,-0.012159,-0.296144
1640841527315869696,0.268214,-0.246898,0.674182,0.954518,-0.025888,-0.011698,-0.296797
1640841527316249856,0.267724,-0.246851,0.674341,0.954499,-0.025957,-0.011659,-0.296855
1640841527320760064,0.261909,-0.246283,0.676238,0.954269,-0.026749,-0.011187,-0.297540
1640841527321169920,0.261381,-0.246230,0.676411,0.954248,-0.026817,-0.011143,-0.297602
1640841527325850112,0.255353,-0.245620,0.678397,0.954013,-0.027539,-0.010640,-0.298308
1640841527326269952,0.254813,-0.245564,0.678576,0.953992,-0.027599,-0.010594,-0.298370
1640841527331149824,0.248537,-0.244905,0.680667,0.953754,-0.028287,-0.010064,-0.299085
1640841527331840000,0.247650,-0.244810,0.680964,0.953721,-0.028388,-0.009991,-0.299184
1640841527335879936,0.242461,-0.244245,0.682710,0.953529,-0.029009,-0.009577,-0.299749
1640841527336570112,0.241575,-0.244148,0.683009,0.953496,-0.029118,-0.009507,-0.299844
1640841527341039872,0.235842,-0.243503,0.684957,0.953280,-0.029821,-0.009041,-0.300476
1640841527343619840,0.232536,-0.243123,0.686088,0.953151,-0.030212,-0.008757,-0.300855
1640841527345850112,0.229680,-0.242790,0.687070,0.953039,-0.030544,-0.008512,-0.301185
1640841527346419712,0.228951,-0.242704,0.687322,0.953010,-0.030629,-0.008450,-0.301268
1640841527350859776,0.223272,-0.242024,0.689289,0.952791,-0.031294,-0.007997,-0.301905
1640841527351429888,0.222543,-0.241935,0.689543,0.952763,-0.031380,-0.007942,-0.301984
1640841527355820032,0.216936,-0.241243,0.691504,0.952552,-0.032059,-0.007521,-0.302589
1640841527356249856,0.216387,-0.241174,0.691697,0.952532,-0.032127,-0.007478,-0.302648
1640841527360780032,0.210610,-0.240440,0.693737,0.952310,-0.032854,-0.006998,-0.303277
1640841527361169920,0.210113,-0.240376,0.693913,0.952291,-0.032917,-0.006954,-0.303332
1640841527365860096,0.204140,-0.239594,0.696042,0.952053,-0.033676,-0.006411,-0.304006
1640841527366819840,0.202919,-0.239431,0.696479,0.952004,-0.033827,-0.006304,-0.304146
1640841527370959872,0.197655,-0.238720,0.698375,0.951789,-0.034446,-0.005894,-0.304755
1640841527372269824,0.195992,-0.238492,0.698977,0.951721,-0.034628,-0.005783,-0.304949
1640841527376479744,0.190648,-0.237748,0.700921,0.951503,-0.035176,-0.005454,-0.305574
1640841527376979712,0.190014,-0.237658,0.701153,0.951477,-0.035238,-0.005415,-0.305648
1640841527380849920,0.185110,-0.236958,0.702952,0.951278,-0.035699,-0.005089,-0.306218
1640841527381430016,0.184375,-0.236851,0.703223,0.951249,-0.035765,-0.005036,-0.306303
1640841527386370048,0.178125,-0.235934,0.705537,0.950998,-0.036282,-0.004579,-0.307026
1640841527387130112,0.177164,-0.235791,0.705895,0.950960,-0.036353,-0.004511,-0.307137
1640841527390789888,0.172541,-0.235095,0.707623,0.950776,-0.036653,-0.004211,-0.307675
1640841527391330048,0.171860,-0.234991,0.707879,0.950749,-0.036691,-0.004172,-0.307755
1640841527395819776,0.166197,-0.234117,0.710013,0.950524,-0.036973,-0.003883,-0.308420
1640841527396800000,0.164962,-0.233924,0.710481,0.950474,-0.037033,-0.003822,-0.308565
1640841527400930048,0.159763,-0.233100,0.712460,0.950267,-0.037320,-0.003544,-0.309172
1640841527401540096,0.158995,-0.232977,0.712753,0.950236,-0.037367,-0.003499,-0.309261
1640841527405989888,0.153402,-0.232069,0.714900,0.950015,-0.037728,-0.003153,-0.309899
1640841527406599936,0.152636,-0.231943,0.715195,0.949986,-0.037778,-0.003104,-0.309985
1640841527410889984,0.147254,-0.231047,0.717280,0.949781,-0.038110,-0.002763,-0.310574
1640841527411379712,0.146640,-0.230944,0.717519,0.949758,-0.038145,-0.002724,-0.310640
1640841527415799808,0.141103,-0.230001,0.719682,0.949552,-0.038454,-0.002371,-0.311234
1640841527416239872,0.140552,-0.229906,0.719898,0.949532,-0.038484,-0.002335,-0.311293
1640841527421059840,0.134526,-0.228856,0.722273,0.949299,-0.038830,-0.001918,-0.311961
1640841527421799936,0.133601,-0.228693,0.722639,0.949263,-0.038885,-0.001851,-0.312066
1640841527425959936,0.128410,-0.227765,0.724704,0.949053,-0.039191,-0.001488,-0.312666
1640841527426829824,0.127325,-0.227570,0.725137,0.949009,-0.039252,-0.001417,-0.312791
1640841527430909952,0.122242,-0.226641,0.727176,0.948807,-0.039506,-0.001137,-0.313372
1640841527431360000,0.121681,-0.226538,0.727401,0.948786,-0.039531,-0.001110,-0.313436
1640841527438889984,0.112321,-0.224781,0.731196,0.948426,-0.039823,-0.000730,-0.314488
1640841527439610112,0.111427,-0.224610,0.731561,0.948391,-0.039838,-0.000694,-0.314589
1640841527440829952,0.109914,-0.224320,0.732180,0.948334,-0.039858,-0.000631,-0.314760
1640841527441339904,0.109281,-0.224198,0.732439,0.948310,-0.039865,-0.000605,-0.314832
1640841527446220032,0.103234,-0.223020,0.734927,0.948078,-0.039870,-0.000363,-0.315530
1640841527447369728,0.101810,-0.222739,0.735515,0.948022,-0.039856,-0.000313,-0.315697
1640841527450729728,0.097655,-0.221911,0.737240,0.947860,-0.039785,-0.000193,-0.316195
1640841527451119872,0.097173,-0.221815,0.737440,0.947841,-0.039774,-0.000182,-0.316253
1640841527455849984,0.091332,-0.220630,0.739882,0.947609,-0.039602,-0.000084,-0.316969
1640841527456349952,0.090715,-0.220504,0.740141,0.947584,-0.039580,-0.000076,-0.317045
1640841527460939776,0.085058,-0.219332,0.742525,0.947361,-0.039359,-0.000010,-0.317739
1640841527461789952,0.084011,-0.219113,0.742969,0.947320,-0.039315,0.000003,-0.317866
1640841527465789952,0.079090,-0.218072,0.745060,0.947130,-0.039098,0.000054,-0.318460
1640841527466259968,0.078512,-0.217949,0.745307,0.947107,-0.039072,0.000058,-0.318530
1640841527470840064,0.072888,-0.216738,0.747716,0.946889,-0.038818,0.000081,-0.319209
1640841527471379968,0.072225,-0.216594,0.748001,0.946863,-0.038788,0.000080,-0.319290
1640841527475889920,0.066697,-0.215379,0.750388,0.946644,-0.038547,0.000033,-0.319968
1640841527476519936,0.065926,-0.215208,0.750722,0.946613,-0.038515,0.000020,-0.320064
1640841527481299968,0.060078,-0.213897,0.753269,0.946372,-0.038282,-0.000103,-0.320804
1640841527481949952,0.059283,-0.213717,0.753616,0.946338,-0.038251,-0.000117,-0.320906
1640841527485789952,0.054594,-0.212647,0.755674,0.946139,-0.038064,-0.000152,-0.321516
1640841527486129920,0.054179,-0.212551,0.755856,0.946121,-0.038047,-0.000151,-0.321570
1640841527491149824,0.048061,-0.211129,0.758561,0.945858,-0.037762,-0.000179,-0.322377
1640841527492009984,0.047013,-0.210883,0.759026,0.945813,-0.037706,-0.000201,-0.322515
1640841527495829760,0.042366,-0.209783,0.761098,0.945614,-0.037430,-0.000341,-0.323130
1640841527497169920,0.040738,-0.209393,0.761826,0.945544,-0.037324,-0.000401,-0.323347
1640841527501410048,0.035590,-0.208150,0.764139,0.945319,-0.036961,-0.000590,-0.324045
1640841527502070016,0.034790,-0.207955,0.764500,0.945284,-0.036902,-0.000617,-0.324156
1640841527505789952,0.030281,-0.206848,0.766541,0.945079,-0.036559,-0.000763,-0.324789
1640841527506629888,0.029264,-0.206596,0.767002,0.945032,-0.036481,-0.000795,-0.324935
1640841527510829824,0.024183,-0.205328,0.769318,0.944789,-0.036101,-0.000956,-0.325684
1640841527511489792,0.023386,-0.205127,0.769683,0.944750,-0.036043,-0.000982,-0.325804
1640841527516039936,0.017892,-0.203732,0.772206,0.944475,-0.035634,-0.001180,-0.326644
1640841527516979968,0.016758,-0.203441,0.772729,0.944418,-0.035544,-0.001226,-0.326817
1640841527520779776,0.012179,-0.202258,0.774847,0.944193,-0.035141,-0.001438,-0.327509
1640841527521119744,0.011770,-0.202151,0.775037,0.944173,-0.035102,-0.001460,-0.327570
1640841527525849856,0.006080,-0.200658,0.777687,0.943900,-0.034535,-0.001785,-0.328415
1640841527526439936,0.005371,-0.200470,0.778019,0.943866,-0.034462,-0.001830,-0.328520
1640841527531200000,-0.000343,-0.198944,0.780701,0.943586,-0.033896,-0.002220,-0.329382
1640841527532909824,-0.002393,-0.198390,0.781668,0.943481,-0.033708,-0.002372,-0.329699
1640841527535849728,-0.005915,-0.197432,0.783334,0.943297,-0.033407,-0.002641,-0.330254
1640841527536369920,-0.006537,-0.197262,0.783630,0.943264,-0.033357,-0.002689,-0.330353
1640841527540829952,-0.011871,-0.195791,0.786168,0.942980,-0.032943,-0.003087,-0.331202
1640841527541299712,-0.012432,-0.195635,0.786437,0.942950,-0.032901,-0.003127,-0.331291
1640841527546200064,-0.018281,-0.193996,0.789241,0.942638,-0.032476,-0.003533,-0.332215
1640841527547419904,-0.019735,-0.193584,0.789941,0.942560,-0.032374,-0.003633,-0.332444
1640841527551309824,-0.024367,-0.192263,0.792179,0.942311,-0.032059,-0.003963,-0.333176
1640841527551899904,-0.025069,-0.192061,0.792520,0.942273,-0.032013,-0.004015,-0.333288
1640841527555820032,-0.029729,-0.190713,0.794785,0.942018,-0.031705,-0.004370,-0.334033
1640841527556300032,-0.030299,-0.190547,0.795063,0.941987,-0.031667,-0.004414,-0.334124
1640841527560779776,-0.035615,-0.188987,0.797664,0.941689,-0.031308,-0.004841,-0.334991
1640841527561979904,-0.037038,-0.188566,0.798363,0.941607,-0.031209,-0.004959,-0.335227
1640841527565869824,-0.041644,-0.187193,0.800633,0.941340,-0.030880,-0.005344,-0.336001
1640841527566469888,-0.042354,-0.186979,0.800984,0.941298,-0.030829,-0.005404,-0.336122
1640841527570799872,-0.047471,-0.185432,0.803522,0.940992,-0.030456,-0.005839,-0.337006
1640841527571280128,-0.048038,-0.185259,0.803804,0.940957,-0.030415,-0.005887,-0.337105
1640841527575919872,-0.053511,-0.183579,0.806536,0.940623,-0.030016,-0.006361,-0.338063
1640841527576429824,-0.054112,-0.183393,0.806837,0.940587,-0.029972,-0.006415,-0.338167
1640841527581110016,-0.059622,-0.181677,0.809605,0.940255,-0.029573,-0.006923,-0.339114
1640841527582129920,-0.060821,-0.181300,0.810210,0.940184,-0.029486,-0.007038,-0.339316
1640841527585870080,-0.065215,-0.179911,0.812432,0.939923,-0.029176,-0.007477,-0.340056
1640841527586360064,-0.065790,-0.179728,0.812724,0.939888,-0.029137,-0.007537,-0.340154
1640841527590799872,-0.070996,-0.178061,0.815372,0.939567,-0.028791,-0.008088,-0.341056
1640841527591169792,-0.071429,-0.177921,0.815594,0.939540,-0.028764,-0.008136,-0.341133
1640841527595840000,-0.076895,-0.176146,0.818391,0.939187,-0.028439,-0.008738,-0.342116
1640841527596219904,-0.077340,-0.176001,0.818619,0.939158,-0.028414,-0.008788,-0.342196
1640841527600930048,-0.082841,-0.174190,0.821452,0.938800,-0.028136,-0.009396,-0.343182
1640841527601699840,-0.083739,-0.173892,0.821916,0.938743,-0.028095,-0.009495,-0.343340
1640841527605819904,-0.088542,-0.172288,0.824404,0.938436,-0.027892,-0.010027,-0.344180
1640841527606349824,-0.089159,-0.172081,0.824725,0.938396,-0.027868,-0.010096,-0.344288
1640841527611009792,-0.094580,-0.170247,0.827550,0.938049,-0.027657,-0.010727,-0.345229
1640841527611460096,-0.095104,-0.170069,0.827823,0.938016,-0.027637,-0.010790,-0.345320
1640841527615859968,-0.100212,-0.168318,0.830501,0.937683,-0.027458,-0.011417,-0.346216
1640841527616430080,-0.100874,-0.168090,0.830848,0.937640,-0.027440,-0.011497,-0.346333
1640841527620790016,-0.105926,-0.166337,0.833511,0.937300,-0.027355,-0.012084,-0.347238
1640841527621319936,-0.106540,-0.166123,0.833835,0.937258,-0.027351,-0.012151,-0.347349
1640841527626230016,-0.112219,-0.164126,0.836844,0.936868,-0.027345,-0.012762,-0.348379
1640841527627349760,-0.113512,-0.163668,0.837532,0.936779,-0.027342,-0.012901,-0.348613
1640841527631150080,-0.117898,-0.162105,0.839869,0.936481,-0.027302,-0.013391,-0.349397
1640841527631759872,-0.118601,-0.161853,0.840245,0.936434,-0.027292,-0.013472,-0.349521
1640841527635899904,-0.123371,-0.160134,0.842799,0.936113,-0.027207,-0.014035,-0.350364
1640841527636559872,-0.124130,-0.159859,0.843207,0.936062,-0.027193,-0.014127,-0.350498
1640841527640839936,-0.129052,-0.158064,0.845855,0.935727,-0.027108,-0.014730,-0.351372
1640841527644089856,-0.132784,-0.156692,0.847871,0.935468,-0.027069,-0.015193,-0.352046
1640841527645759744,-0.134699,-0.155983,0.848908,0.935333,-0.027056,-0.015428,-0.352395
1640841527646139904,-0.135135,-0.155821,0.849145,0.935302,-0.027053,-0.015481,-0.352474
1640841527650799872,-0.140474,-0.153830,0.852045,0.934924,-0.027015,-0.016101,-0.353452
1640841527651190016,-0.140920,-0.153663,0.852288,0.934892,-0.027010,-0.016150,-0.353533
1640841527655889920,-0.146294,-0.151635,0.855222,0.934513,-0.026955,-0.016722,-0.354512
1640841527656479744,-0.146968,-0.151380,0.855591,0.934466,-0.026948,-0.016794,-0.354634
1640841527661049856,-0.152183,-0.149389,0.858451,0.934101,-0.026922,-0.017369,-0.355569
1640841527661720064,-0.152948,-0.149096,0.858871,0.934047,-0.026922,-0.017456,-0.355705
1640841527665819904,-0.157618,-0.147294,0.861444,0.933721,-0.026933,-0.017994,-0.356534
1640841527666479872,-0.158369,-0.147003,0.861859,0.933668,-0.026936,-0.018078,-0.356668
1640841527670799872,-0.163281,-0.145088,0.864576,0.933322,-0.026953,-0.018598,-0.357545
1640841527671340032,-0.163894,-0.144847,0.864916,0.933278,-0.026954,-0.018657,-0.357655
1640841527675940096,-0.169115,-0.142790,0.867817,0.932906,-0.026959,-0.019107,-0.358600
1640841527676640000,-0.169909,-0.142476,0.868259,0.932850,-0.026962,-0.019171,-0.358743
1640841527680790016,-0.174611,-0.140604,0.870881,0.932521,-0.027010,-0.019551,-0.359573
1640841527681280000,-0.175165,-0.140382,0.871191,0.932483,-0.027019,-0.019597,-0.359669
1640841527685760000,-0.180232,-0.138346,0.874028,0.932135,-0.027109,-0.020014,-0.360539
1640841527686169856,-0.180695,-0.138159,0.874288,0.932104,-0.027117,-0.020051,-0.360618
1640841527690889728,-0.186024,-0.135995,0.877283,0.931738,-0.027182,-0.020477,-0.361532
1640841527691459840,-0.186667,-0.135733,0.877645,0.931694,-0.027186,-0.020526,-0.361643
1640841527695899904,-0.191671,-0.133681,0.880468,0.931348,-0.027187,-0.020890,-0.362513
1640841527696539904,-0.192392,-0.133384,0.880875,0.931298,-0.027183,-0.020939,-0.362639
1640841527700999936,-0.197410,-0.131307,0.883716,0.930949,-0.027137,-0.021242,-0.363519
1640841527701819904,-0.198331,-0.130923,0.884239,0.930885,-0.027124,-0.021292,-0.363682
1640841527706189824,-0.203239,-0.128872,0.887028,0.930542,-0.027045,-0.021544,-0.364549
1640841527706969856,-0.204115,-0.128504,0.887526,0.930481,-0.027028,-0.021589,-0.364704
1640841527710759936,-0.208364,-0.126712,0.889949,0.930182,-0.026941,-0.021811,-0.365459
1640841527711639808,-0.209350,-0.126294,0.890512,0.930112,-0.026919,-0.021865,-0.365634
1640841527715859968,-0.214075,-0.124284,0.893214,0.929779,-0.026802,-0.022131,-0.366473
1640841527716270080,-0.214534,-0.124088,0.893477,0.929747,-0.026790,-0.022158,-0.366554
1640841527720790016,-0.219586,-0.121921,0.896375,0.929395,-0.026640,-0.022453,-0.367438
1640841527721139968,-0.219977,-0.121752,0.896600,0.929368,-0.026628,-0.022476,-0.367506
1640841527725869824,-0.225256,-0.119468,0.899637,0.929005,-0.026448,-0.022767,-0.368419
1640841527726449920,-0.225903,-0.119187,0.900010,0.928960,-0.026424,-0.022799,-0.368531
1640841527731190016,-0.231185,-0.116880,0.903058,0.928594,-0.026228,-0.023021,-0.369453
1640841527732229888,-0.232342,-0.116372,0.903728,0.928513,-0.026184,-0.023060,-0.369656
1640841527735899904,-0.236425,-0.114574,0.906092,0.928228,-0.026034,-0.023179,-0.370376
1640841527737219840,-0.237892,-0.113925,0.906942,0.928125,-0.025983,-0.023219,-0.370633
1640841527740779776,-0.241847,-0.112169,0.909238,0.927851,-0.025860,-0.023335,-0.371321
1640841527741099776,-0.242202,-0.112011,0.909445,0.927827,-0.025850,-0.023346,-0.371382
1640841527745889792,-0.247517,-0.109634,0.912538,0.927465,-0.025718,-0.023526,-0.372281
1640841527746349824,-0.248026,-0.109405,0.912835,0.927431,-0.025706,-0.023541,-0.372366
1640841527750819840,-0.252978,-0.107173,0.915725,0.927103,-0.025576,-0.023642,-0.373186
1640841527751389952,-0.253609,-0.106888,0.916094,0.927061,-0.025558,-0.023647,-0.373290
1640841527755869952,-0.258565,-0.104636,0.918994,0.926735,-0.025407,-0.023635,-0.374110
1640841527756609792,-0.259383,-0.104263,0.919473,0.926680,-0.025382,-0.023626,-0.374247
1640841527760809984,-0.264023,-0.102139,0.922195,0.926366,-0.025256,-0.023562,-0.375038
1640841527761339904,-0.264608,-0.101870,0.922539,0.926326,-0.025241,-0.023553,-0.375139
1640841527766350080,-0.270135,-0.099320,0.925790,0.925944,-0.025086,-0.023463,-0.376097
1640841527767580160,-0.271490,-0.098692,0.926589,0.925850,-0.025040,-0.023443,-0.376330
1640841527771169792,-0.275445,-0.096853,0.928921,0.925583,-0.024873,-0.023393,-0.377003
1640841527772399872,-0.276799,-0.096222,0.929721,0.925492,-0.024804,-0.023379,-0.377230
1640841527775729920,-0.280462,-0.094507,0.931887,0.925249,-0.024595,-0.023342,-0.377842
1640841527776150016,-0.280924,-0.094290,0.932160,0.925218,-0.024566,-0.023337,-0.377919
1640841527780799744,-0.286034,-0.091883,0.935188,0.924876,-0.024225,-0.023264,-0.378781
1640841527781289728,-0.286572,-0.091629,0.935507,0.924840,-0.024187,-0.023254,-0.378874
1640841527785959936,-0.291698,-0.089197,0.938551,0.924485,-0.023817,-0.023131,-0.379769
1640841527787409920,-0.293288,-0.088440,0.939496,0.924375,-0.023700,-0.023087,-0.380048
1640841527790809856,-0.297015,-0.086660,0.941715,0.924117,-0.023426,-0.022987,-0.380698
1640841527791259904,-0.297508,-0.086423,0.942009,0.924083,-0.023390,-0.022975,-0.380783
1640841527795800064,-0.302479,-0.084034,0.944975,0.923744,-0.023032,-0.022851,-0.381633
1640841527796279808,-0.303004,-0.083781,0.945288,0.923709,-0.022994,-0.022839,-0.381722
1640841527801019904,-0.308188,-0.081274,0.948388,0.923361,-0.022635,-0.022724,-0.382590
1640841527803779840,-0.311204,-0.079808,0.950194,0.923161,-0.022435,-0.022661,-0.383088
1640841527805920000,-0.313541,-0.078669,0.951596,0.923007,-0.022282,-0.022604,-0.383471
1640841527806489856,-0.314164,-0.078365,0.951969,0.922966,-0.022242,-0.022587,-0.383573
1640841527810799872,-0.318866,-0.076062,0.954794,0.922657,-0.021936,-0.022410,-0.384344
1640841527811179776,-0.319281,-0.075858,0.955043,0.922630,-0.021909,-0.022390,-0.384411
1640841527816069888,-0.324611,-0.073232,0.958251,0.922281,-0.021550,-0.022104,-0.385285
1640841527816849920,-0.325461,-0.072812,0.958763,0.922226,-0.021491,-0.022056,-0.385424
1640841527820839936,-0.329805,-0.070659,0.961384,0.921941,-0.021177,-0.021820,-0.386134
1640841527821359872,-0.330370,-0.070378,0.961726,0.921904,-0.021134,-0.021792,-0.386226
1640841527826010112,-0.335428,-0.067857,0.964784,0.921575,-0.020732,-0.021552,-0.387046
1640841527826909952,-0.336407,-0.067368,0.965376,0.921512,-0.020649,-0.021504,-0.387203
1640841527830729984,-0.340557,-0.065287,0.967891,0.921250,-0.020278,-0.021286,-0.387859
1640841527831140096,-0.341002,-0.065064,0.968161,0.921222,-0.020236,-0.021260,-0.387929
1640841527835990016,-0.346266,-0.062411,0.971357,0.920894,-0.019715,-0.020936,-0.388751
1640841527836809984,-0.347156,-0.061962,0.971898,0.920838,-0.019622,-0.020878,-0.388891
1640841527840920064,-0.351613,-0.059703,0.974610,0.920553,-0.019139,-0.020584,-0.389605
1640841527841420032,-0.352154,-0.059428,0.974940,0.920518,-0.019078,-0.020547,-0.389693
1640841527845819904,-0.356921,-0.057001,0.977846,0.920204,-0.018536,-0.020226,-0.390478
1640841527846279936,-0.357419,-0.056747,0.978150,0.920171,-0.018479,-0.020191,-0.390560
1640841527850859776,-0.362376,-0.054211,0.981179,0.919848,-0.017923,-0.019844,-0.391362
1640841527851500032,-0.363068,-0.053855,0.981602,0.919804,-0.017848,-0.019794,-0.391471
1640841527855949824,-0.367879,-0.051381,0.984549,0.919505,-0.017328,-0.019442,-0.392214
1640841527856459776,-0.368430,-0.051097,0.984886,0.919471,-0.017266,-0.019401,-0.392298
1640841527860790016,-0.373108,-0.048680,0.987757,0.919181,-0.016710,-0.019061,-0.393018
1640841527861519872,-0.373896,-0.048272,0.988241,0.919132,-0.016610,-0.019004,-0.393140
1640841527865880064,-0.378601,-0.045829,0.991134,0.918837,-0.015996,-0.018660,-0.393872
1640841527867409920,-0.380251,-0.044970,0.992150,0.918733,-0.015779,-0.018536,-0.394128
1640841527870779904,-0.383884,-0.043075,0.994390,0.918506,-0.015314,-0.018253,-0.394689
1640841527872329984,-0.385555,-0.042201,0.995421,0.918402,-0.015111,-0.018117,-0.394944
1640841527875990016,-0.389497,-0.040136,0.997856,0.918161,-0.014667,-0.017777,-0.395537
1640841527876699904,-0.390261,-0.039734,0.998328,0.918114,-0.014585,-0.017708,-0.395652
1640841527880770048,-0.394642,-0.037430,1.001039,0.917846,-0.014100,-0.017312,-0.396308
1640841527881189888,-0.395093,-0.037192,1.001319,0.917818,-0.014048,-0.017272,-0.396376
1640841527885859840,-0.400115,-0.034540,1.004433,0.917509,-0.013439,-0.016818,-0.397131
1640841527886540032,-0.400846,-0.034153,1.004887,0.917465,-0.013346,-0.016752,-0.397240
1640841527890869760,-0.405498,-0.031686,1.007778,0.917184,-0.012741,-0.016335,-0.397925
1640841527891399936,-0.406067,-0.031384,1.008132,0.917150,-0.012665,-0.016285,-0.398007
1640841527895779840,-0.410768,-0.028881,1.011060,0.916870,-0.012024,-0.015864,-0.398690
1640841527896379904,-0.411412,-0.028538,1.011462,0.916831,-0.011934,-0.015806,-0.398784
1640841527901309952,-0.416699,-0.025713,1.014762,0.916502,-0.011179,-0.015324,-0.399579
1640841527901839872,-0.417267,-0.025408,1.015117,0.916466,-0.011097,-0.015272,-0.399668
1640841527905799936,-0.421510,-0.023133,1.017771,0.916188,-0.010467,-0.014883,-0.400336
1640841527906859776,-0.422645,-0.022523,1.018482,0.916114,-0.010294,-0.014782,-0.400513
1640841527910939904,-0.427013,-0.020172,1.021220,0.915840,-0.009612,-0.014421,-0.401170
1640841527912059904,-0.428212,-0.019525,1.021972,0.915767,-0.009420,-0.014329,-0.401343
1640841527916039936,-0.432469,-0.017226,1.024647,0.915513,-0.008723,-0.014018,-0.401950
1640841527917159936,-0.433666,-0.016578,1.025400,0.915441,-0.008523,-0.013934,-0.402120
1640841527920759808,-0.437513,-0.014494,1.027822,0.915207,-0.007873,-0.013669,-0.402674
1640841527921249792,-0.438036,-0.014210,1.028152,0.915175,-0.007784,-0.013634,-0.402751
1640841527925880064,-0.442980,-0.011523,1.031271,0.914865,-0.006947,-0.013296,-0.403480
1640841527926380032,-0.443514,-0.011233,1.031608,0.914832,-0.006859,-0.013259,-0.403559
1640841527931309824,-0.448773,-0.008365,1.034933,0.914505,-0.006021,-0.012893,-0.404323
1640841527932240128,-0.449765,-0.007824,1.035561,0.914445,-0.005870,-0.012823,-0.404465
1640841527935829760,-0.453591,-0.005732,1.037986,0.914213,-0.005298,-0.012545,-0.405004
1640841527936329728,-0.454123,-0.005440,1.038324,0.914181,-0.005219,-0.012506,-0.405079
1640841527940800000,-0.458884,-0.002830,1.041347,0.913897,-0.004510,-0.012139,-0.405740
1640841527941259776,-0.459373,-0.002562,1.041658,0.913868,-0.004436,-0.012101,-0.405808
1640841527947079936,-0.465565,0.000843,1.045600,0.913497,-0.003491,-0.011608,-0.406666
1640841527948089856,-0.466639,0.001434,1.046284,0.913431,-0.003325,-0.011524,-0.406816
1640841527951559936,-0.470326,0.003468,1.048638,0.913205,-0.002746,-0.011242,-0.407337
1640841527952080128,-0.470879,0.003773,1.048991,0.913170,-0.002659,-0.011201,-0.407415
1640841527955770112,-0.474797,0.005938,1.051497,0.912925,-0.002035,-0.010918,-0.407976
1640841527956159744,-0.475211,0.006167,1.051762,0.912899,-0.001969,-0.010889,-0.408035
1640841527960800000,-0.480134,0.008893,1.054916,0.912593,-0.001187,-0.010538,-0.408732
1640841527961269760,-0.480633,0.009170,1.055236,0.912562,-0.001109,-0.010503,-0.408802
1640841527966219776,-0.485879,0.012082,1.058606,0.912240,-0.000273,-0.010132,-0.409531
1640841527966830080,-0.486526,0.012441,1.059022,0.912200,-0.000168,-0.010087,-0.409620
1640841527970909952,-0.490846,0.014844,1.061803,0.911934,0.000550,-0.009799,-0.410220
1640841527971599872,-0.491576,0.015251,1.062274,0.911888,0.000674,-0.009753,-0.410322
1640841527975849984,-0.496072,0.017757,1.065176,0.911608,0.001449,-0.009469,-0.410950
1640841527976399872,-0.496654,0.018082,1.065551,0.911571,0.001550,-0.009432,-0.411031
1640841527980919808,-0.501431,0.020749,1.068641,0.911275,0.002364,-0.009124,-0.411690
1640841527981439744,-0.501980,0.021056,1.068997,0.911242,0.002456,-0.009088,-0.411764
1640841527986089984,-0.506890,0.023803,1.072181,0.910941,0.003265,-0.008759,-0.412430
1640841527986629888,-0.507460,0.024122,1.072551,0.910907,0.003357,-0.008721,-0.412507
1640841527990799872,-0.511858,0.026587,1.075410,0.910637,0.004070,-0.008436,-0.413101
1640841527991180032,-0.512259,0.026812,1.075671,0.910612,0.004135,-0.008411,-0.413155
1640841527995929856,-0.517264,0.029621,1.078932,0.910303,0.004935,-0.008087,-0.413834
1640841527996589824,-0.517959,0.030011,1.079385,0.910260,0.005045,-0.008040,-0.413929
1640841528000960000,-0.522559,0.032597,1.082390,0.909974,0.005754,-0.007697,-0.414553
1640841528001580032,-0.523211,0.032964,1.082817,0.909934,0.005852,-0.007644,-0.414642
1640841528005949952,-0.527806,0.035551,1.085826,0.909650,0.006533,-0.007253,-0.415262
1640841528006759936,-0.528657,0.036031,1.086385,0.909597,0.006657,-0.007178,-0.415376
1640841528010850048,-0.532954,0.038452,1.089205,0.909334,0.007278,-0.006806,-0.415947
1640841528011329792,-0.533457,0.038737,1.089537,0.909304,0.007350,-0.006763,-0.416013
1640841528015830016,-0.538180,0.041402,1.092645,0.909015,0.008029,-0.006376,-0.416637
1640841528016739840,-0.539134,0.041940,1.093274,0.908956,0.008167,-0.006302,-0.416764
1640841528021799936,-0.544437,0.044937,1.096775,0.908623,0.008945,-0.005926,-0.417480
1640841528022230016,-0.544887,0.045192,1.097073,0.908594,0.009012,-0.005897,-0.417542
1640841528026039808,-0.548876,0.047448,1.099713,0.908336,0.009616,-0.005652,-0.418093
1640841528026619904,-0.549483,0.047791,1.100116,0.908296,0.009709,-0.005616,-0.418177
1640841528030809856,-0.553866,0.050272,1.103023,0.908014,0.010390,-0.005353,-0.418777
1640841528031479808,-0.554566,0.050668,1.103489,0.907969,0.010500,-0.005310,-0.418872
1640841528036259840,-0.559560,0.053498,1.106812,0.907649,0.011286,-0.005007,-0.419547
1640841528036869888,-0.560197,0.053859,1.107236,0.907609,0.011386,-0.004969,-0.419634
1640841528040849920,-0.564351,0.056213,1.110008,0.907339,0.012030,-0.004725,-0.420201
1640841528042139904,-0.565696,0.056976,1.110907,0.907250,0.012235,-0.004647,-0.420387
1640841528046099968,-0.569824,0.059318,1.113669,0.906979,0.012846,-0.004412,-0.420958
1640841528047089920,-0.570855,0.059903,1.114361,0.906911,0.012993,-0.004353,-0.421100
1640841528050999808,-0.574927,0.062214,1.117093,0.906647,0.013549,-0.004113,-0.421653
1640841528052009728,-0.575978,0.062810,1.117799,0.906580,0.013685,-0.004049,-0.421794
1640841528055939840,-0.580065,0.065131,1.120550,0.906320,0.014198,-0.003790,-0.422336
1640841528056900096,-0.581063,0.065698,1.121223,0.906257,0.014321,-0.003724,-0.422467
1640841528060760064,-0.585074,0.067976,1.123930,0.906004,0.014806,-0.003450,-0.422996
1640841528061179904,-0.585510,0.068224,1.124224,0.905976,0.014858,-0.003420,-0.423054
1640841528065760000,-0.590263,0.070924,1.127441,0.905674,0.015415,-0.003070,-0.423683
1640841528066239744,-0.590761,0.071207,1.127779,0.905643,0.015471,-0.003032,-0.423749
1640841528070909952,-0.595602,0.073957,1.131065,0.905336,0.015995,-0.002646,-0.424386
1640841528071429888,-0.596141,0.074264,1.131431,0.905302,0.016050,-0.002602,-0.424457
1640841528075980032,-0.600851,0.076940,1.134639,0.905005,0.016523,-0.002216,-0.425075
1640841528076779776,-0.601679,0.077411,1.135204,0.904952,0.016607,-0.002151,-0.425184
1640841528081039872,-0.606085,0.079914,1.138214,0.904670,0.017074,-0.001833,-0.425767
1640841528081669888,-0.606736,0.080284,1.138659,0.904628,0.017147,-0.001790,-0.425854
1640841528085819904,-0.611022,0.082719,1.141596,0.904346,0.017640,-0.001516,-0.426432
1640841528086329856,-0.611549,0.083018,1.141958,0.904311,0.017702,-0.001482,-0.426504
1640841528090919936,-0.616284,0.085708,1.145213,0.903992,0.018264,-0.001154,-0.427157
1640841528091529728,-0.616913,0.086065,1.145646,0.903949,0.018339,-0.001108,-0.427245
1640841528095899904,-0.621416,0.088623,1.148751,0.903638,0.018881,-0.000770,-0.427880
1640841528096910080,-0.622457,0.089213,1.149470,0.903566,0.019008,-0.000694,-0.428027
1640841528100750080,-0.626409,0.091457,1.152204,0.903289,0.019495,-0.000420,-0.428589
1640841528101260032,-0.626933,0.091754,1.152568,0.903252,0.019560,-0.000387,-0.428664
1640841528106240000,-0.632053,0.094659,1.156121,0.902893,0.020190,-0.000075,-0.429392
1640841528106979840,-0.632813,0.095090,1.156650,0.902839,0.020281,-0.000029,-0.429499
1640841528110800128,-0.636735,0.097314,1.159381,0.902566,0.020728,0.000212,-0.430053
1640841528111179776,-0.637125,0.097535,1.159653,0.902538,0.020770,0.000237,-0.430108
1640841528115789824,-0.641852,0.100215,1.162956,0.902211,0.021260,0.000542,-0.430769
1640841528116229888,-0.642303,0.100470,1.163272,0.902180,0.021305,0.000571,-0.430832
1640841528120979968,-0.647168,0.103226,1.166683,0.901848,0.021772,0.000873,-0.431505
1640841528121769984,-0.647977,0.103684,1.167251,0.901792,0.021847,0.000921,-0.431616
1640841528125890048,-0.652191,0.106069,1.170216,0.901505,0.022224,0.001166,-0.432197
1640841528126639872,-0.652957,0.106503,1.170756,0.901452,0.022289,0.001210,-0.432303
1640841528131129856,-0.657544,0.109097,1.173995,0.901134,0.022656,0.001475,-0.432946
1640841528131759872,-0.658187,0.109460,1.174450,0.901089,0.022704,0.001512,-0.433038
1640841528135799808,-0.662309,0.111789,1.177370,0.900799,0.022997,0.001758,-0.433623
1640841528136499968,-0.663022,0.112192,1.177877,0.900749,0.023046,0.001801,-0.433724
1640841528140869888,-0.667475,0.114706,1.181043,0.900442,0.023338,0.002077,-0.434346
1640841528141549824,-0.668167,0.115096,1.181536,0.900394,0.023382,0.002121,-0.434441
1640841528145979904,-0.672675,0.117639,1.184753,0.900085,0.023682,0.002397,-0.435063
1640841528147559936,-0.674281,0.118544,1.185902,0.899973,0.023797,0.002490,-0.435288
1640841528150799872,-0.677573,0.120399,1.188261,0.899737,0.024054,0.002666,-0.435761
1640841528151269888,-0.678050,0.120667,1.188603,0.899702,0.024094,0.002690,-0.435831
1640841528155809792,-0.682658,0.123260,1.191915,0.899358,0.024481,0.002916,-0.436517
1640841528156199936,-0.683053,0.123483,1.192200,0.899329,0.024513,0.002936,-0.436576
1640841528161059840,-0.687978,0.126251,1.195754,0.898962,0.024872,0.003210,-0.437309
1640841528161679872,-0.688606,0.126604,1.196208,0.898916,0.024909,0.003251,-0.437401
1640841528167470080,-0.694464,0.129892,1.200453,0.898503,0.025144,0.003689,-0.438232
1640841528168089856,-0.695090,0.130243,1.200908,0.898459,0.025167,0.003735,-0.438320
1640841528170929920,-0.697960,0.131852,1.202996,0.898255,0.025296,0.003921,-0.438728
1640841528171459840,-0.698495,0.132152,1.203386,0.898216,0.025325,0.003951,-0.438805
1640841528175849984,-0.702924,0.134632,1.206619,0.897893,0.025588,0.004166,-0.439449
1640841528176349952,-0.703429,0.134914,1.206987,0.897856,0.025620,0.004188,-0.439523
1640841528181239808,-0.708355,0.137669,1.210597,0.897492,0.025931,0.004385,-0.440246
1640841528181919744,-0.709040,0.138052,1.211100,0.897442,0.025972,0.004412,-0.440346
1640841528187019776,-0.714169,0.140916,1.214876,0.897063,0.026250,0.004627,-0.441097
1640841528187539712,-0.714692,0.141207,1.215261,0.897025,0.026274,0.004650,-0.441174
1640841528190830080,-0.717996,0.143050,1.217702,0.896783,0.026409,0.004809,-0.441656
1640841528191190016,-0.718357,0.143251,1.217970,0.896757,0.026421,0.004828,-0.441708
1640841528195840000,-0.723021,0.145848,1.221427,0.896419,0.026539,0.005084,-0.442383
1640841528196359936,-0.723542,0.146138,1.221814,0.896381,0.026547,0.005115,-0.442458
1640841528203290112,-0.730479,0.149992,1.226983,0.895894,0.026546,0.005555,-0.443438
1640841528204130048,-0.731319,0.150458,1.227610,0.895836,0.026536,0.005612,-0.443555
1640841528205989888,-0.733177,0.151489,1.229001,0.895708,0.026511,0.005740,-0.443815
1640841528206789888,-0.733976,0.151933,1.229600,0.895652,0.026501,0.005795,-0.443926
1640841528210789888,-0.737968,0.154144,1.232596,0.895373,0.026464,0.006080,-0.444489
1640841528211699968,-0.738876,0.154647,1.233279,0.895308,0.026461,0.006146,-0.444618
1640841528215790080,-0.742951,0.156901,1.236350,0.895015,0.026461,0.006436,-0.445204
1640841528216429824,-0.743588,0.157253,1.236831,0.894969,0.026462,0.006481,-0.445297
1640841528220819968,-0.747955,0.159664,1.240135,0.894648,0.026479,0.006767,-0.445934
1640841528221359872,-0.748492,0.159961,1.240542,0.894609,0.026481,0.006800,-0.446013
1640841528225750016,-0.752851,0.162364,1.243855,0.894286,0.026498,0.007060,-0.446656
1640841528226219776,-0.753318,0.162620,1.244210,0.894251,0.026500,0.007088,-0.446724
1640841528230870016,-0.757927,0.165157,1.247727,0.893909,0.026519,0.007368,-0.447402
1640841528231529984,-0.758581,0.165516,1.248227,0.893861,0.026521,0.007409,-0.447498
1640841528236899840,-0.763893,0.168433,1.252300,0.893467,0.026554,0.007733,-0.448276
1640841528237519872,-0.764506,0.168769,1.252771,0.893422,0.026559,0.007769,-0.448366
1640841528240949760,-0.767893,0.170625,1.255379,0.893169,0.026598,0.007949,-0.448865
1640841528241469952,-0.768406,0.170906,1.255775,0.893130,0.026605,0.007975,-0.448940
1640841528245799936,-0.772675,0.173241,1.259075,0.892808,0.026668,0.008177,-0.449573
1640841528246309888,-0.773177,0.173516,1.259464,0.892770,0.026676,0.008200,-0.449647
1640841528250979840,-0.777772,0.176025,1.263031,0.892423,0.026741,0.008419,-0.450328
1640841528252480000,-0.779246,0.176829,1.264179,0.892312,0.026757,0.008494,-0.450546
1640841528255810048,-0.782516,0.178610,1.266729,0.892067,0.026775,0.008671,-0.451026
1640841528257059840,-0.783742,0.179277,1.267688,0.891976,0.026773,0.008742,-0.451204
1640841528260769792,-0.787377,0.181255,1.270536,0.891712,0.026727,0.008968,-0.451725
1640841528261839872,-0.788425,0.181824,1.271359,0.891637,0.026700,0.009038,-0.451872
1640841528266070016,-0.792561,0.184069,1.274615,0.891346,0.026549,0.009339,-0.452449
1640841528267000064,-0.793470,0.184561,1.275332,0.891282,0.026511,0.009409,-0.452576
1640841528270870016,-0.797247,0.186607,1.278318,0.891009,0.026364,0.009720,-0.453116
1640841528271499776,-0.797861,0.186939,1.278805,0.890963,0.026343,0.009773,-0.453206
1640841528275869952,-0.802117,0.189240,1.282185,0.890642,0.026207,0.010143,-0.453836
1640841528277390080,-0.803595,0.190039,1.283362,0.890530,0.026163,0.010271,-0.454056
1640841528280759808,-0.806869,0.191805,1.285975,0.890281,0.026068,0.010544,-0.454542
1640841528281420032,-0.807510,0.192151,1.286488,0.890233,0.026050,0.010595,-0.454637
1640841528285959936,-0.811912,0.194521,1.290017,0.889905,0.025922,0.010929,-0.455278
1640841528286639872,-0.812571,0.194875,1.290546,0.889856,0.025904,0.010979,-0.455374
1640841528290989824,-0.816779,0.197136,1.293936,0.889535,0.025811,0.011331,-0.455997
1640841528291549952,-0.817320,0.197427,1.294373,0.889492,0.025802,0.011381,-0.456079
1640841528296109824,-0.821720,0.199786,1.297936,0.889143,0.025746,0.011815,-0.456752
1640841528296619776,-0.822212,0.200050,1.298335,0.889104,0.025741,0.011864,-0.456827
1640841528300760064,-0.826198,0.202183,1.301577,0.888790,0.025688,0.012249,-0.457430
1640841528302170112,-0.827554,0.202908,1.302683,0.888684,0.025667,0.012376,-0.457633
1640841528305809920,-0.831049,0.204775,1.305542,0.888412,0.025605,0.012697,-0.458157
1640841528306700032,-0.831903,0.205230,1.306242,0.888344,0.025589,0.012775,-0.458286
1640841528310880000,-0.835908,0.207365,1.309532,0.888023,0.025506,0.013150,-0.458902
1640841528311479808,-0.836482,0.207671,1.310005,0.887977,0.025494,0.013205,-0.458992
1640841528315849984,-0.840658,0.209892,1.313454,0.887633,0.025397,0.013611,-0.459648
1640841528316289792,-0.841078,0.210116,1.313802,0.887599,0.025386,0.013652,-0.459714
1640841528321329920,-0.845881,0.212666,1.317790,0.887207,0.025263,0.014124,-0.460462
1640841528322419968,-0.846918,0.213216,1.318654,0.887125,0.025234,0.014225,-0.460620
1640841528326180096,-0.850491,0.215109,1.321638,0.886843,0.025130,0.014573,-0.461157
1640841528326669824,-0.850956,0.215355,1.322027,0.886807,0.025115,0.014618,-0.461226
1640841528330859776,-0.854928,0.217456,1.325360,0.886488,0.024967,0.015007,-0.461833
1640841528332369920,-0.856357,0.218211,1.326563,0.886370,0.024905,0.015151,-0.462058
1640841528335779840,-0.859580,0.219912,1.329283,0.886102,0.024750,0.015494,-0.462570
1640841528336249856,-0.860024,0.220146,1.329658,0.886064,0.024727,0.015544,-0.462641
1640841528340829952,-0.864341,0.222422,1.333320,0.885708,0.024501,0.016084,-0.463318
1640841528341399808,-0.864877,0.222704,1.333777,0.885664,0.024472,0.016158,-0.463400
1640841528345969920,-0.869172,0.224963,1.337441,0.885313,0.024240,0.016760,-0.464061
1640841528347190016,-0.870317,0.225565,1.338421,0.885219,0.024177,0.016918,-0.464238
1640841528350759936,-0.873662,0.227321,1.341291,0.884937,0.023994,0.017354,-0.464769
1640841528352389888,-0.875186,0.228121,1.342604,0.884805,0.023912,0.017540,-0.465017
1640841528355830016,-0.878399,0.229804,1.345377,0.884524,0.023745,0.017924,-0.465544
1640841528356279808,-0.878818,0.230024,1.345741,0.884487,0.023724,0.017974,-0.465614
1640841528360750080,-0.882981,0.232202,1.349354,0.884120,0.023534,0.018499,-0.466300
1640841528361479936,-0.883660,0.232557,1.349945,0.884060,0.023507,0.018589,-0.466411
1640841528366860032,-0.888653,0.235164,1.354307,0.883618,0.023321,0.019276,-0.467229
1640841528367409920,-0.889162,0.235430,1.354753,0.883573,0.023304,0.019347,-0.467313
1640841528370829824,-0.892325,0.237080,1.357534,0.883290,0.023197,0.019784,-0.467834
1640841528371269888,-0.892732,0.237291,1.357892,0.883254,0.023184,0.019839,-0.467902
1640841528375820032,-0.896928,0.239476,1.361601,0.882875,0.023044,0.020406,-0.468598
1640841528376349952,-0.897416,0.239730,1.362034,0.882831,0.023027,0.020471,-0.468679
1640841528380829696,-0.901533,0.241870,1.365696,0.882458,0.022880,0.021023,-0.469363
1640841528381549824,-0.902194,0.242213,1.366285,0.882399,0.022855,0.021112,-0.469473
1640841528385779968,-0.906067,0.244224,1.369754,0.882049,0.022699,0.021637,-0.470113
1640841528386299904,-0.906543,0.244470,1.370180,0.882006,0.022678,0.021702,-0.470191
1640841528390699776,-0.910559,0.246552,1.373798,0.881644,0.022491,0.022253,-0.470853
1640841528391269888,-0.911078,0.246821,1.374267,0.881597,0.022465,0.022326,-0.470938
1640841528396149760,-0.915515,0.249117,1.378292,0.881198,0.022215,0.022971,-0.471665
1640841528397430016,-0.916677,0.249717,1.379350,0.881094,0.022142,0.023151,-0.471855
1640841528401319936,-0.920199,0.251537,1.382569,0.880778,0.021896,0.023730,-0.472427
1640841528402700032,-0.921446,0.252180,1.383712,0.880666,0.021805,0.023942,-0.472629
1640841528405979904,-0.924405,0.253707,1.386435,0.880399,0.021592,0.024440,-0.473112
1640841528406980096,-0.925306,0.254171,1.387266,0.880316,0.021531,0.024587,-0.473260
1640841528410840064,-0.928776,0.255959,1.390479,0.879996,0.021325,0.025106,-0.473837
1640841528411439872,-0.929314,0.256236,1.390979,0.879946,0.021299,0.025178,-0.473928
1640841528415889920,-0.933300,0.258288,1.394693,0.879568,0.021130,0.025670,-0.474609
1640841528416549888,-0.933890,0.258591,1.395245,0.879512,0.021103,0.025745,-0.474710
1640841528420839936,-0.937717,0.260558,1.398837,0.879152,0.020878,0.026303,-0.475358
1640841528421370112,-0.938189,0.260800,1.399282,0.879107,0.020844,0.026381,-0.475437
1640841528426029824,-0.942329,0.262926,1.403196,0.878718,0.020531,0.027103,-0.476128
1640841528426769920,-0.942985,0.263262,1.403818,0.878656,0.020482,0.027220,-0.476238
1640841528430759936,-0.946515,0.265072,1.407181,0.878317,0.020255,0.027826,-0.476837
1640841528432179968,-0.947769,0.265715,1.408379,0.878195,0.020197,0.028023,-0.477054
1640841528436359936,-0.951450,0.267600,1.411914,0.877824,0.020131,0.028502,-0.477710
1640841528437199872,-0.952188,0.267977,1.412625,0.877748,0.020137,0.028579,-0.477846
1640841528440899840,-0.955434,0.269638,1.415764,0.877416,0.020094,0.028950,-0.478434
1640841528441399808,-0.955871,0.269861,1.416188,0.877372,0.020072,0.029011,-0.478512
1640841528445849856,-0.959759,0.271848,1.419975,0.876990,0.019760,0.029631,-0.479187
1640841528446619904,-0.960430,0.272191,1.420631,0.876924,0.019698,0.029746,-0.479303
1640841528451180032,-0.964396,0.274215,1.424524,0.876534,0.019383,0.030415,-0.479986
1640841528452610048,-0.965636,0.274848,1.425747,0.876411,0.019309,0.030615,-0.480201
1640841528455840000,-0.968431,0.276273,1.428514,0.876134,0.019154,0.031055,-0.480686
1640841528456290048,-0.968820,0.276471,1.428900,0.876095,0.019131,0.031115,-0.480753
1640841528460769792,-0.972682,0.278439,1.432750,0.875718,0.018865,0.031710,-0.481412
1640841528461269760,-0.973112,0.278658,1.433180,0.875676,0.018828,0.031776,-0.481484
1640841528466099968,-0.977256,0.280767,1.437345,0.875281,0.018405,0.032426,-0.482176
1640841528467229952,-0.978223,0.281259,1.438321,0.875187,0.018304,0.032580,-0.482339
1640841528471409920,-0.981790,0.283073,1.441939,0.874833,0.017968,0.033161,-0.482954
1640841528471920128,-0.982224,0.283293,1.442381,0.874789,0.017932,0.033232,-0.483030
1640841528475889920,-0.985597,0.285007,1.445829,0.874444,0.017674,0.033785,-0.483626
1640841528477370112,-0.986851,0.285644,1.447116,0.874315,0.017587,0.033988,-0.483848
1640841528480729856,-0.989691,0.287086,1.450044,0.874026,0.017402,0.034438,-0.484345
1640841528481199872,-0.990088,0.287287,1.450454,0.873986,0.017377,0.034500,-0.484414
1640841528487160064,-0.995100,0.289829,1.455667,0.873478,0.017092,0.035256,-0.485285
1640841528487869952,-0.995695,0.290131,1.456289,0.873417,0.017062,0.035344,-0.485390
1640841528491180032,-0.998464,0.291534,1.459195,0.873129,0.016932,0.035749,-0.485882
1640841528491940096,-0.999098,0.291855,1.459863,0.873061,0.016905,0.035842,-0.485998
1640841528495749888,-1.002271,0.293462,1.463218,0.872716,0.016784,0.036304,-0.486587
1640841528496280064,-1.002712,0.293685,1.463685,0.872667,0.016769,0.036368,-0.486671
1640841528500929792,-1.006564,0.295634,1.467794,0.872240,0.016643,0.036895,-0.487400
1640841528501600000,-1.007118,0.295914,1.468387,0.872180,0.016625,0.036965,-0.487503
1640841528505879808,-1.010645,0.297698,1.472183,0.871803,0.016503,0.037379,-0.488149
1640841528506819840,-1.011418,0.298088,1.473018,0.871722,0.016474,0.037466,-0.488289
1640841528511010048,-1.014851,0.299823,1.476748,0.871358,0.016331,0.037849,-0.488912
1640841528511759872,-1.015464,0.300133,1.477417,0.871293,0.016304,0.037919,-0.489024
1640841528515790080,-1.018749,0.301792,1.481017,0.870941,0.016148,0.038310,-0.489625
1640841528516269824,-1.019139,0.301989,1.481447,0.870899,0.016129,0.038359,-0.489697
1640841528523979776,-1.025378,0.305137,1.488367,0.870228,0.015826,0.039235,-0.490829
1640841528524770048,-1.026015,0.305458,1.489078,0.870160,0.015796,0.039329,-0.490943
1640841528525809920,-1.026851,0.305880,1.490015,0.870070,0.015755,0.039453,-0.491093
1640841528526299904,-1.027245,0.306078,1.490457,0.870028,0.015735,0.039510,-0.491164
1640841528530749952,-1.030811,0.307876,1.494476,0.869650,0.015551,0.039994,-0.491801
1640841528531309824,-1.031259,0.308102,1.494983,0.869603,0.015527,0.040049,-0.491880
1640841528536099840,-1.035074,0.310024,1.499326,0.869202,0.015306,0.040508,-0.492558
1640841528536710144,-1.035559,0.310268,1.499880,0.869151,0.015276,0.040567,-0.492644
1640841528541859840,-1.039633,0.312319,1.504569,0.868720,0.015006,0.041123,-0.493366
1640841528542680064,-1.040280,0.312645,1.505317,0.868651,0.014960,0.041226,-0.493480
1640841528545899776,-1.042812,0.313919,1.508259,0.868377,0.014774,0.041672,-0.493930
1640841528546720000,-1.043455,0.314243,1.509010,0.868306,0.014728,0.041790,-0.494046
1640841528551049984,-1.046841,0.315946,1.512981,0.867926,0.014533,0.042354,-0.494671
1640841528552150016,-1.047698,0.316377,1.513992,0.867828,0.014497,0.042476,-0.494834
1640841528555939840,-1.050642,0.317857,1.517481,0.867486,0.014401,0.042844,-0.495405
1640841528556550144,-1.051114,0.318095,1.518043,0.867430,0.014389,0.042898,-0.495497
1640841528560879872,-1.054458,0.319775,1.522044,0.867039,0.014300,0.043248,-0.496153
1640841528561389824,-1.054851,0.319973,1.522516,0.866994,0.014289,0.043287,-0.496230
1640841528565779968,-1.058219,0.321665,1.526587,0.866607,0.014163,0.043630,-0.496878
1640841528566370048,-1.058670,0.321892,1.527135,0.866556,0.014141,0.043679,-0.496963
1640841528571089920,-1.062268,0.323698,1.531529,0.866156,0.013940,0.044091,-0.497630
1640841528572749824,-1.063527,0.324331,1.533078,0.866011,0.013902,0.044235,-0.497871
1640841528576439808,-1.066318,0.325731,1.536529,0.865676,0.013891,0.044531,-0.498426
1640841528576929792,-1.066687,0.325917,1.536987,0.865632,0.013891,0.044568,-0.498501
1640841528580930048,-1.069694,0.327426,1.540740,0.865272,0.013840,0.044856,-0.499100
1640841528581459968,-1.070091,0.327625,1.541239,0.865225,0.013826,0.044892,-0.499179
1640841528585850112,-1.073370,0.329270,1.545372,0.864840,0.013675,0.045199,-0.499821
1640841528587030016,-1.074248,0.329710,1.546486,0.864738,0.013629,0.045285,-0.499992
1640841528590799872,-1.077042,0.331112,1.550049,0.864408,0.013486,0.045581,-0.500539
1640841528592429824,-1.078246,0.331715,1.551594,0.864265,0.013428,0.045716,-0.500776
1640841528595959808,-1.080844,0.333017,1.554944,0.863955,0.013302,0.046015,-0.501285
1640841528596869888,-1.081511,0.333352,1.555810,0.863876,0.013269,0.046092,-0.501416
1640841528601779968,-1.085097,0.335150,1.560488,0.863451,0.013077,0.046482,-0.502117
1640841528602340096,-1.085505,0.335354,1.561023,0.863403,0.013053,0.046524,-0.502196
1640841528605769984,-1.087993,0.336601,1.564303,0.863107,0.012906,0.046776,-0.502685
1640841528606200064,-1.088304,0.336757,1.564715,0.863069,0.012888,0.046807,-0.502747
1640841528610829824,-1.091640,0.338428,1.569158,0.862657,0.012694,0.047153,-0.503426
1640841528611320064,-1.091992,0.338605,1.569629,0.862613,0.012675,0.047191,-0.503499
1640841528615799808,-1.095196,0.340210,1.573944,0.862200,0.012512,0.047531,-0.504178
1640841528616289792,-1.095545,0.340384,1.574417,0.862154,0.012496,0.047567,-0.504253
1640841528620790016,-1.098740,0.341984,1.578768,0.861740,0.012370,0.047868,-0.504936
1640841528621169920,-1.099008,0.342119,1.579136,0.861705,0.012361,0.047891,-0.504994
1640841528625789952,-1.102263,0.343749,1.583619,0.861285,0.012261,0.048152,-0.505687
1640841528627389952,-1.103385,0.344311,1.585175,0.861140,0.012226,0.048240,-0.505927
1640841528630800128,-1.105767,0.345503,1.588498,0.860828,0.012140,0.048438,-0.506441
1640841528631359744,-1.106156,0.345698,1.589045,0.860776,0.012124,0.048473,-0.506525
1640841528636499968,-1.109719,0.347482,1.594072,0.860303,0.011947,0.048788,-0.507302
1640841528637809920,-1.110623,0.347935,1.595356,0.860184,0.011893,0.048863,-0.507499
1640841528640819968,-1.112691,0.348970,1.598312,0.859913,0.011756,0.049012,-0.507947
1640841528641229824,-1.112972,0.349111,1.598715,0.859876,0.011737,0.049030,-0.508007
1640841528645870080,-1.116140,0.350697,1.603285,0.859465,0.011510,0.049214,-0.508690
1640841528646859776,-1.116812,0.351033,1.604262,0.859377,0.011464,0.049253,-0.508835
1640841528650949888,-1.119580,0.352419,1.608307,0.859010,0.011295,0.049424,-0.509442
1640841528652400128,-1.120557,0.352908,1.609744,0.858878,0.011243,0.049487,-0.509660
1640841528655920128,-1.122918,0.354091,1.613238,0.858554,0.011130,0.049634,-0.510194
1640841528656299776,-1.123172,0.354218,1.613616,0.858519,0.011119,0.049648,-0.510252
1640841528660800000,-1.126170,0.355719,1.618097,0.858098,0.010988,0.049785,-0.510949
1640841528661299968,-1.126501,0.355885,1.618596,0.858051,0.010974,0.049796,-0.511028
1640841528666990080,-1.130256,0.357766,1.624285,0.857515,0.010800,0.049899,-0.511920
1640841528670799872,-1.132750,0.359015,1.628107,0.857160,0.010666,0.049979,-0.512508
1640841528671459840,-1.133180,0.359231,1.628770,0.857099,0.010641,0.049995,-0.512609
1640841528671959808,-1.133506,0.359394,1.629272,0.857053,0.010622,0.050007,-0.512685
1640841528675779840,-1.135985,0.360637,1.633118,0.856702,0.010482,0.050104,-0.513266
1640841528676290048,-1.136315,0.360802,1.633633,0.856655,0.010464,0.050116,-0.513343
1640841528680929792,-1.139302,0.362300,1.638319,0.856224,0.010333,0.050209,-0.514055
1640841528682839808,-1.140525,0.362913,1.640253,0.856044,0.010299,0.050231,-0.514353
1640841528686019840,-1.142551,0.363930,1.643478,0.855742,0.010267,0.050243,-0.514855
1640841528687609856,-1.143560,0.364436,1.645093,0.855591,0.010257,0.050241,-0.515107
1640841528690929920,-1.145658,0.365489,1.648471,0.855278,0.010231,0.050224,-0.515627
1640841528691759872,-1.146181,0.365751,1.649317,0.855201,0.010223,0.050218,-0.515756
1640841528695739904,-1.148676,0.367004,1.653379,0.854834,0.010177,0.050177,-0.516369
1640841528696310016,-1.149032,0.367183,1.653962,0.854782,0.010170,0.050169,-0.516456
1640841528701280000,-1.152120,0.368735,1.659052,0.854326,0.010111,0.050080,-0.517220
1640841528702359808,-1.152787,0.369070,1.660160,0.854226,0.010099,0.050056,-0.517387
1640841528706029824,-1.155045,0.370206,1.663932,0.853889,0.010053,0.049960,-0.517954
1640841528707170048,-1.155743,0.370557,1.665106,0.853785,0.010035,0.049928,-0.518129
1640841528710759936,-1.157933,0.371659,1.668807,0.853460,0.009963,0.049817,-0.518676
1640841528711180032,-1.158188,0.371788,1.669241,0.853423,0.009953,0.049803,-0.518739
1640841528717299968,-1.161885,0.373651,1.675572,0.852879,0.009765,0.049591,-0.519656
1640841528718129920,-1.162383,0.373902,1.676433,0.852806,0.009735,0.049561,-0.519780
1640841528721129984,-1.164177,0.374807,1.679548,0.852540,0.009620,0.049449,-0.520229
1640841528722359808,-1.164910,0.375177,1.680826,0.852430,0.009571,0.049403,-0.520413
1640841528725809920,-1.166956,0.376211,1.684418,0.852122,0.009436,0.049277,-0.520933
1640841528726299904,-1.167245,0.376357,1.684929,0.852078,0.009417,0.049260,-0.521006
1640841528730799872,-1.169892,0.377695,1.689628,0.851671,0.009258,0.049117,-0.521688
1640841528731299840,-1.170184,0.377843,1.690150,0.851626,0.009242,0.049102,-0.521764
1640841528736009728,-1.172928,0.379232,1.695084,0.851198,0.009088,0.048962,-0.522478
1640841528736800000,-1.173386,0.379464,1.695913,0.851126,0.009061,0.048937,-0.522597
1640841528740839936,-1.175716,0.380646,1.700158,0.850765,0.008905,0.048790,-0.523201
1640841528741319936,-1.175991,0.380786,1.700663,0.850722,0.008884,0.048771,-0.523272
1640841528745900032,-1.178608,0.382115,1.705490,0.850320,0.008682,0.048554,-0.523949
1640841528747219968,-1.179358,0.382496,1.706883,0.850204,0.008627,0.048483,-0.524145
1640841528750819840,-1.181394,0.383532,1.710689,0.849887,0.008500,0.048270,-0.524681
1640841528751309824,-1.181670,0.383672,1.711208,0.849843,0.008485,0.048240,-0.524755
1640841528756310016,-1.184471,0.385100,1.716510,0.849397,0.008344,0.047910,-0.525510
1640841528756929792,-1.184817,0.385276,1.717168,0.849341,0.008326,0.047867,-0.525604
1640841528760819968,-1.186974,0.386378,1.721305,0.848990,0.008200,0.047599,-0.526196
1640841528761339904,-1.187262,0.386525,1.721859,0.848943,0.008181,0.047563,-0.526275
1640841528765760000,-1.189691,0.387767,1.726572,0.848546,0.008000,0.047253,-0.526947
1640841528766449920,-1.190068,0.387961,1.727309,0.848484,0.007970,0.047203,-0.527051
1640841528770880000,-1.192478,0.389196,1.732047,0.848095,0.007784,0.046875,-0.527709
1640841528771409920,-1.192765,0.389343,1.732615,0.848049,0.007763,0.046835,-0.527786
1640841528775869952,-1.195168,0.390578,1.737399,0.847667,0.007590,0.046484,-0.528434
1640841528776399872,-1.195452,0.390724,1.737968,0.847621,0.007570,0.046442,-0.528511
1640841528780839936,-1.197820,0.391943,1.742744,0.847232,0.007384,0.046091,-0.529168
1640841528781329920,-1.198080,0.392077,1.743271,0.847189,0.007362,0.046053,-0.529241
1640841528786059776,-1.200577,0.393367,1.748373,0.846763,0.007137,0.045689,-0.529957
1640841528786759936,-1.200945,0.393557,1.749129,0.846700,0.007103,0.045636,-0.530063
1640841528790909952,-1.203114,0.394679,1.753618,0.846333,0.006896,0.045322,-0.530677
1640841528791440128,-1.203389,0.394822,1.754192,0.846287,0.006870,0.045282,-0.530754
1640841528795980032,-1.205738,0.396040,1.759116,0.845895,0.006649,0.044919,-0.531413
1640841528796669952,-1.206093,0.396225,1.759866,0.845835,0.006616,0.044860,-0.531514
1640841528800799744,-1.208208,0.397325,1.764357,0.845472,0.006430,0.044473,-0.532126
1640841528801319936,-1.208473,0.397463,1.764923,0.845425,0.006408,0.044421,-0.532205
1640841528805840128,-1.210766,0.398659,1.769851,0.845018,0.006229,0.043940,-0.532893
1640841528806439936,-1.211069,0.398818,1.770506,0.844963,0.006207,0.043875,-0.532985
1640841528811209984,-1.213462,0.400070,1.775720,0.844531,0.006048,0.043364,-0.533713
1640841528811889920,-1.213801,0.400248,1.776465,0.844470,0.006028,0.043294,-0.533816
1640841528815749888,-1.215718,0.401255,1.780696,0.844123,0.005914,0.042902,-0.534398
1640841528816279808,-1.215980,0.401392,1.781277,0.844075,0.005897,0.042848,-0.534478
1640841528820750080,-1.218180,0.402550,1.786188,0.843670,0.005741,0.042383,-0.535156
1640841528821260032,-1.218429,0.402682,1.786749,0.843624,0.005721,0.042328,-0.535234
1640841528827450112,-1.221438,0.404273,1.793570,0.843064,0.005460,0.041646,-0.536171
1640841528828120064,-1.221762,0.404444,1.794309,0.843004,0.005431,0.041571,-0.536271
1640841528830749952,-1.223027,0.405116,1.797214,0.842774,0.005321,0.041276,-0.536657
1640841528831329792,-1.223305,0.405264,1.797855,0.842723,0.005297,0.041211,-0.536741
1640841528836019968,-1.225542,0.406454,1.803046,0.842319,0.005107,0.040687,-0.537417
1640841528836459776,-1.225751,0.406566,1.803534,0.842281,0.005089,0.040638,-0.537481
1640841528840930048,-1.227861,0.407693,1.808493,0.841890,0.004908,0.040147,-0.538131
1640841528842149888,-1.228434,0.408000,1.809849,0.841782,0.004858,0.040014,-0.538310
1640841528845870080,-1.230171,0.408932,1.813986,0.841451,0.004703,0.039603,-0.538860
1640841528846799872,-1.230603,0.409165,1.815021,0.841368,0.004664,0.039499,-0.538998
1640841528850899968,-1.232499,0.410187,1.819592,0.841004,0.004489,0.039023,-0.539602
1640841528851800064,-1.232913,0.410410,1.820596,0.840924,0.004451,0.038915,-0.539734
1640841528855820032,-1.234754,0.411406,1.825087,0.840569,0.004291,0.038414,-0.540324
1640841528856320000,-1.234981,0.411530,1.825646,0.840525,0.004272,0.038350,-0.540398
1640841528860819712,-1.237022,0.412639,1.830684,0.840123,0.004136,0.037748,-0.541065
1640841528862109952,-1.237603,0.412956,1.832130,0.840007,0.004106,0.037569,-0.541259
1640841528865799936,-1.239259,0.413860,1.836271,0.839672,0.004034,0.037046,-0.541814
1640841528866819840,-1.239714,0.414109,1.837416,0.839580,0.004016,0.036900,-0.541967
1640841528871219968,-1.241668,0.415182,1.842364,0.839181,0.003929,0.036272,-0.542626
1640841528872099840,-1.242056,0.415396,1.843355,0.839102,0.003910,0.036147,-0.542758
1640841528875910144,-1.243732,0.416320,1.847648,0.838758,0.003817,0.035604,-0.543326
1640841528876570112,-1.244020,0.416480,1.848392,0.838698,0.003800,0.035509,-0.543425
1640841528880780032,-1.245854,0.417496,1.853145,0.838314,0.003682,0.034895,-0.544058
1640841528881889792,-1.246335,0.417764,1.854400,0.838212,0.003647,0.034731,-0.544225
1640841528885759744,-1.248004,0.418694,1.858778,0.837860,0.003502,0.034157,-0.544804
1640841528886349824,-1.248257,0.418836,1.859446,0.837807,0.003477,0.034069,-0.544892
1640841528890749952,-1.250137,0.419889,1.864432,0.837417,0.003244,0.033419,-0.545532
1640841528891310080,-1.250376,0.420023,1.865068,0.837369,0.003209,0.033336,-0.545612
1640841528895920128,-1.252326,0.421123,1.870302,0.836977,0.002878,0.032672,-0.546255
1640841528896420096,-1.252537,0.421242,1.870871,0.836934,0.002841,0.032601,-0.546324
1640841528900829952,-1.254385,0.422289,1.875888,0.836550,0.002537,0.031992,-0.546950
1640841528901430016,-1.254635,0.422432,1.876571,0.836496,0.002500,0.031910,-0.547037
1640841528905859840,-1.256474,0.423481,1.881619,0.836097,0.002235,0.031306,-0.547683
1640841528907179776,-1.257019,0.423793,1.883125,0.835978,0.002159,0.031122,-0.547876
1640841528910820096,-1.258515,0.424652,1.887282,0.835654,0.001941,0.030596,-0.548400
1640841528911490048,-1.258789,0.424809,1.888047,0.835595,0.001900,0.030496,-0.548496
1640841528915959808,-1.260610,0.425861,1.893159,0.835201,0.001636,0.029807,-0.549134
1640841528916879872,-1.260983,0.426078,1.894212,0.835119,0.001585,0.029662,-0.549267
1640841528921079808,-1.262678,0.427063,1.899024,0.834734,0.001386,0.028989,-0.549887
1640841528921809920,-1.262971,0.427234,1.899861,0.834666,0.001357,0.028871,-0.549998
1640841528925760000,-1.264552,0.428159,1.904394,0.834291,0.001219,0.028220,-0.550600
1640841528926269952,-1.264755,0.428279,1.904979,0.834243,0.001202,0.028134,-0.550677
1640841528930850048,-1.266572,0.429349,1.910243,0.833815,0.001049,0.027346,-0.551365
1640841528931330048,-1.266762,0.429461,1.910795,0.833771,0.001032,0.027262,-0.551436
1640841528935879936,-1.268551,0.430522,1.916032,0.833357,0.000851,0.026457,-0.552101
1640841528936579840,-1.268825,0.430686,1.916838,0.833294,0.000820,0.026334,-0.552202
1640841528941110016,-1.270591,0.431741,1.922060,0.832888,0.000580,0.025542,-0.552852
1640841528941519872,-1.270750,0.431836,1.922533,0.832851,0.000556,0.025472,-0.552911
1640841528945809920,-1.272409,0.432834,1.927485,0.832468,0.000295,0.024728,-0.553521
1640841528946319872,-1.272606,0.432953,1.928074,0.832423,0.000264,0.024638,-0.553593
1640841528950769920,-1.274313,0.433987,1.933219,0.832029,0.000026,0.023831,-0.554220
1640841528951330048,-1.274527,0.434117,1.933866,0.831979,0.000002,0.023725,-0.554299
1640841528955869952,-1.276255,0.435172,1.939122,0.831581,-0.000164,0.022844,-0.554933
1640841528956709888,-1.276573,0.435367,1.940095,0.831508,-0.000194,0.022680,-0.555050
1640841528960709888,-1.278084,0.436295,1.944731,0.831162,-0.000366,0.021923,-0.555597
1640841528961289984,-1.278302,0.436430,1.945404,0.831113,-0.000396,0.021817,-0.555676
1640841528967229952,-1.280526,0.437809,1.952298,0.830606,-0.000753,0.020764,-0.556473
1640841528968539904,-1.281014,0.438114,1.953821,0.830494,-0.000838,0.020536,-0.556648
1640841528971239936,-1.282017,0.438741,1.956959,0.830262,-0.001016,0.020061,-0.557011
1640841528972229888,-1.282383,0.438971,1.958110,0.830177,-0.001080,0.019886,-0.557144
1640841528975780096,-1.283694,0.439796,1.962240,0.829867,-0.001296,0.019239,-0.557628
1640841528976640000,-1.284010,0.439996,1.963241,0.829791,-0.001343,0.019077,-0.557747
1640841528980759808,-1.285522,0.440954,1.968039,0.829420,-0.001538,0.018267,-0.558324
1640841528981339904,-1.285734,0.441089,1.968715,0.829368,-0.001561,0.018151,-0.558406
1640841528985779968,-1.287352,0.442123,1.973891,0.828960,-0.001719,0.017275,-0.559039
1640841528988920064,-1.288490,0.442855,1.977555,0.828671,-0.001818,0.016658,-0.559485
1640841528990979840,-1.289235,0.443336,1.979959,0.828483,-0.001879,0.016240,-0.559776
1640841528991859968,-1.289552,0.443541,1.980987,0.828403,-0.001905,0.016055,-0.559899
1640841528995769856,-1.290958,0.444455,1.985555,0.828052,-0.002016,0.015192,-0.560442
1640841528996320000,-1.291155,0.444583,1.986197,0.828003,-0.002031,0.015066,-0.560518
1640841529001499904,-1.293007,0.445796,1.992254,0.827539,-0.002158,0.013838,-0.561234
1640841529002830080,-1.293480,0.446108,1.993810,0.827419,-0.002185,0.013516,-0.561419
1640841529006229760,-1.294687,0.446906,1.997789,0.827108,-0.002246,0.012692,-0.561895
1640841529006850048,-1.294907,0.447052,1.998515,0.827051,-0.002257,0.012542,-0.561983
1640841529010799872,-1.296303,0.447982,2.003141,0.826688,-0.002345,0.011602,-0.562536
1640841529012559872,-1.296923,0.448397,2.005203,0.826529,-0.002403,0.011195,-0.562777
1640841529015800064,-1.298061,0.449162,2.009000,0.826244,-0.002562,0.010473,-0.563210
1640841529019889920,-1.299492,0.450130,2.013796,0.825896,-0.002852,0.009606,-0.563734
1640841529020779776,-1.299803,0.450341,2.014840,0.825819,-0.002915,0.009416,-0.563849
1640841529021270016,-1.299974,0.450457,2.015415,0.825777,-0.002947,0.009309,-0.563913
1640841529026099968,-1.301654,0.451605,2.021082,0.825337,-0.003186,0.008208,-0.564571
1640841529026830080,-1.301907,0.451779,2.021939,0.825269,-0.003212,0.008037,-0.564674
1640841529030880000,-1.303310,0.452745,2.026694,0.824885,-0.003328,0.007084,-0.565246
1640841529031399936,-1.303489,0.452869,2.027304,0.824836,-0.003340,0.006963,-0.565319
1640841529037890048,-1.305725,0.454425,2.034928,0.824224,-0.003490,0.005469,-0.566226
1640841529038759936,-1.306023,0.454635,2.035950,0.824143,-0.003513,0.005270,-0.566347
1640841529041060096,-1.306812,0.455189,2.038653,0.823928,-0.003578,0.004746,-0.566663
1640841529041699840,-1.307031,0.455343,2.039405,0.823869,-0.003598,0.004601,-0.566750
1640841529045920000,-1.308474,0.456363,2.044365,0.823477,-0.003745,0.003638,-0.567326
1640841529046459904,-1.308658,0.456494,2.045000,0.823427,-0.003765,0.003515,-0.567399
1640841529051079936,-1.310232,0.457617,2.050431,0.822994,-0.003943,0.002454,-0.568031
1640841529051849728,-1.310494,0.457804,2.051336,0.822922,-0.003973,0.002275,-0.568137
1640841529055980032,-1.311896,0.458813,2.056192,0.822529,-0.004124,0.001303,-0.568707
1640841529056839936,-1.312187,0.459024,2.057203,0.822446,-0.004151,0.001095,-0.568826
1640841529060940032,-1.313575,0.460031,2.062024,0.822052,-0.004255,0.000078,-0.569397
1640841529061549824,-1.313781,0.460181,2.062741,0.821993,-0.004267,-0.000078,-0.569482
1640841529066289920,-1.315380,0.461353,2.068314,0.821531,-0.004339,-0.001316,-0.570146
1640841529068290048,-1.316054,0.461849,2.070666,0.821334,-0.004364,-0.001852,-0.570428
1640841529070919936,-1.316939,0.462503,2.073758,0.821073,-0.004400,-0.002565,-0.570800
1640841529071599872,-1.317167,0.462673,2.074557,0.821006,-0.004410,-0.002750,-0.570896
1640841529075889920,-1.318608,0.463745,2.079600,0.820576,-0.004481,-0.003931,-0.571506
1640841529076349952,-1.318762,0.463861,2.080140,0.820530,-0.004488,-0.004059,-0.571571
1640841529080869888,-1.320277,0.464998,2.085452,0.820084,-0.004531,-0.005335,-0.572200
1640841529081920000,-1.320629,0.465264,2.086685,0.819982,-0.004534,-0.005635,-0.572344
1640841529085819904,-1.321933,0.466252,2.091266,0.819604,-0.004541,-0.006741,-0.572872
1640841529086439936,-1.322140,0.466410,2.091994,0.819544,-0.004543,-0.006915,-0.572956
1640841529090769920,-1.323587,0.467515,2.097078,0.819118,-0.004588,-0.008083,-0.573550
1640841529091460096,-1.323817,0.467692,2.097888,0.819048,-0.004602,-0.008261,-0.573647
1640841529096129792,-1.325376,0.468892,2.103368,0.818574,-0.004734,-0.009434,-0.574304
1640841529098259968,-1.326086,0.469443,2.105866,0.818358,-0.004807,-0.009969,-0.574603
1640841529100960000,-1.326986,0.470143,2.109032,0.818087,-0.004898,-0.010668,-0.574975
1640841529101719808,-1.327239,0.470341,2.109923,0.818011,-0.004923,-0.010869,-0.575079
1640841529105819904,-1.328605,0.471411,2.114727,0.817607,-0.005044,-0.011979,-0.575630
1640841529106439936,-1.328812,0.471573,2.115453,0.817546,-0.005060,-0.012148,-0.575713
1640841529111160064,-1.330384,0.472815,2.120980,0.817079,-0.005157,-0.013432,-0.576347
1640841529112089856,-1.330694,0.473061,2.122068,0.816986,-0.005171,-0.013683,-0.576473
1640841529116129792,-1.332040,0.474133,2.126793,0.816577,-0.005208,-0.014771,-0.577024
1640841529118660096,-1.332883,0.474809,2.129750,0.816316,-0.005211,-0.015453,-0.577375
1640841529120829696,-1.333607,0.475390,2.132285,0.816090,-0.005202,-0.016040,-0.577679
1640841529122659840,-1.334217,0.475882,2.134423,0.815897,-0.005187,-0.016536,-0.577938
1640841529125949952,-1.335315,0.476771,2.138262,0.815548,-0.005148,-0.017423,-0.578404
1640841529127630080,-1.335875,0.477226,2.140222,0.815370,-0.005124,-0.017871,-0.578642
1640841529130909952,-1.336971,0.478120,2.144045,0.815024,-0.005074,-0.018732,-0.579103
1640841529132059904,-1.337355,0.478434,2.145385,0.814902,-0.005057,-0.019031,-0.579264
1640841529136819712,-1.338947,0.479743,2.150926,0.814398,-0.004988,-0.020291,-0.579931
1640841529137499904,-1.339175,0.479931,2.151717,0.814325,-0.004978,-0.020477,-0.580027
1640841529140869888,-1.340304,0.480866,2.155635,0.813958,-0.004938,-0.021430,-0.580507
1640841529141339904,-1.340462,0.480997,2.156181,0.813906,-0.004932,-0.021567,-0.580575
1640841529146149888,-1.342076,0.482343,2.161766,0.813371,-0.004874,-0.023009,-0.581269
1640841529147320064,-1.342470,0.482672,2.163123,0.813241,-0.004857,-0.023367,-0.581438
1640841529150869760,-1.343665,0.483675,2.167237,0.812846,-0.004791,-0.024451,-0.581945
1640841529151389952,-1.343840,0.483823,2.167840,0.812789,-0.004780,-0.024609,-0.582019
1640841529155809792,-1.345331,0.485083,2.172955,0.812300,-0.004672,-0.025956,-0.582644
1640841529156369920,-1.345520,0.485244,2.173602,0.812238,-0.004657,-0.026127,-0.582723
1640841529160869888,-1.347043,0.486540,2.178801,0.811733,-0.004544,-0.027513,-0.583363
1640841529161449984,-1.347240,0.486707,2.179471,0.811667,-0.004530,-0.027694,-0.583446
1640841529165799936,-1.348717,0.487973,2.184487,0.811167,-0.004442,-0.029054,-0.584075
1640841529166449920,-1.348938,0.488163,2.185236,0.811092,-0.004431,-0.029258,-0.584170
1640841529170799872,-1.350421,0.489441,2.190242,0.810587,-0.004379,-0.030616,-0.584802
1640841529171469824,-1.350649,0.489639,2.191012,0.810509,-0.004375,-0.030823,-0.584899
1640841529176260096,-1.352289,0.491062,2.196513,0.809954,-0.004375,-0.032288,-0.585588
1640841529177499904,-1.352714,0.491433,2.197935,0.809811,-0.004386,-0.032659,-0.585765
1640841529180950016,-1.353900,0.492469,2.201888,0.809416,-0.004428,-0.033678,-0.586253
1640841529181669888,-1.354148,0.492687,2.202713,0.809333,-0.004434,-0.033889,-0.586355
1640841529185760000,-1.355560,0.493927,2.207390,0.808855,-0.004417,-0.035104,-0.586943
1640841529186339840,-1.355761,0.494104,2.208052,0.808786,-0.004404,-0.035279,-0.587028
1640841529190909952,-1.357346,0.495505,2.213266,0.808243,-0.004306,-0.036647,-0.587692
1640841529192770048,-1.357994,0.496079,2.215384,0.808029,-0.004301,-0.037183,-0.587952
1640841529195849984,-1.359068,0.497034,2.218889,0.807679,-0.004313,-0.038066,-0.588376
1640841529196480000,-1.359288,0.497231,2.219605,0.807607,-0.004314,-0.038248,-0.588463
1640841529200999936,-1.360873,0.498647,2.224736,0.807080,-0.004263,-0.039608,-0.589096
1640841529201570048,-1.361074,0.498827,2.225382,0.807012,-0.004247,-0.039787,-0.589178
1640841529205910016,-1.362604,0.500201,2.230295,0.806483,-0.004083,-0.041181,-0.589808
1640841529206469888,-1.362802,0.500380,2.230928,0.806414,-0.004058,-0.041362,-0.589890
1640841529210919936,-1.364381,0.501805,2.235952,0.805866,-0.003871,-0.042793,-0.590537
1640841529212389888,-1.364904,0.502279,2.237609,0.805687,-0.003820,-0.043252,-0.590748
1640841529215770112,-1.366111,0.503374,2.241414,0.805284,-0.003750,-0.044262,-0.591224
1640841529216339712,-1.366315,0.503560,2.242055,0.805217,-0.003747,-0.044425,-0.591302
1640841529220769792,-1.367907,0.505010,2.247028,0.804707,-0.003754,-0.045667,-0.591901
1640841529221349888,-1.368116,0.505201,2.247678,0.804639,-0.003746,-0.045843,-0.591980
1640841529226269952,-1.369896,0.506831,2.253183,0.804030,-0.003536,-0.047527,-0.592675
1640841529227650048,-1.370397,0.507292,2.254724,0.803855,-0.003453,-0.048028,-0.592873
1640841529230769920,-1.371534,0.508338,2.258203,0.803464,-0.003277,-0.049134,-0.593313
1640841529231319808,-1.371736,0.508523,2.258816,0.803397,-0.003251,-0.049321,-0.593389
1640841529235829760,-1.373390,0.510051,2.263830,0.802852,-0.003083,-0.050792,-0.594003
1640841529236379904,-1.373592,0.510239,2.264440,0.802786,-0.003067,-0.050967,-0.594077
1640841529240739840,-1.375204,0.511733,2.269271,0.802262,-0.002956,-0.052369,-0.594663
1640841529242179840,-1.375738,0.512229,2.270864,0.802087,-0.002923,-0.052843,-0.594857
1640841529245990144,-1.377158,0.513551,2.275069,0.801622,-0.002834,-0.054111,-0.595370
1640841529246660096,-1.377408,0.513785,2.275807,0.801541,-0.002817,-0.054335,-0.595460
1640841529250710016,-1.378929,0.515205,2.280262,0.801047,-0.002706,-0.055690,-0.595999
1640841529251309824,-1.379155,0.515417,2.280921,0.800974,-0.002688,-0.055890,-0.596078
1640841529255800064,-1.380853,0.517009,2.285842,0.800429,-0.002533,-0.057386,-0.596668
1640841529256339968,-1.381058,0.517202,2.286433,0.800364,-0.002513,-0.057566,-0.596739
1640841529261019904,-1.382843,0.518881,2.291541,0.799790,-0.002321,-0.059133,-0.597355
1640841529261839872,-1.383157,0.519178,2.292434,0.799689,-0.002285,-0.059409,-0.597464
1640841529265819904,-1.384688,0.520623,2.296761,0.799193,-0.002100,-0.060743,-0.597993
1640841529266360064,-1.384897,0.520820,2.297347,0.799126,-0.002074,-0.060923,-0.598066
1640841529270729984,-1.386592,0.522424,2.302078,0.798575,-0.001858,-0.062363,-0.598653
1640841529271450112,-1.386872,0.522690,2.302856,0.798484,-0.001821,-0.062597,-0.598750
1640841529275820032,-1.388582,0.524314,2.307568,0.797929,-0.001596,-0.064019,-0.599341
1640841529276509952,-1.388853,0.524572,2.308310,0.797840,-0.001559,-0.064245,-0.599434
1640841529280799744,-1.390546,0.526184,2.312914,0.797288,-0.001330,-0.065690,-0.600012
1640841529281299712,-1.390744,0.526373,2.313450,0.797224,-0.001303,-0.065862,-0.600079
1640841529285719808,-1.392503,0.528052,2.318173,0.796651,-0.001071,-0.067403,-0.600669
1640841529286299904,-1.392735,0.528274,2.318792,0.796576,-0.001042,-0.067607,-0.600746
1640841529290939904,-1.394599,0.530058,2.323726,0.795977,-0.000823,-0.069222,-0.601355
1640841529291649792,-1.394886,0.530333,2.324480,0.795886,-0.000792,-0.069466,-0.601447
1640841529295970048,-1.396638,0.532014,2.329052,0.795334,-0.000610,-0.070941,-0.602006
1640841529296609792,-1.396899,0.532265,2.329727,0.795252,-0.000583,-0.071159,-0.602089
1640841529301039872,-1.398712,0.534009,2.334392,0.794682,-0.000379,-0.072673,-0.602660
1640841529301649920,-1.398963,0.534250,2.335033,0.794603,-0.000348,-0.072883,-0.602739
1640841529306059776,-1.400785,0.536006,2.339654,0.794032,-0.000135,-0.074386,-0.603308
1640841529306690048,-1.401047,0.536259,2.340312,0.793950,-0.000107,-0.074597,-0.603389
1640841529310839808,-1.402778,0.537930,2.344638,0.793416,0.000045,-0.075951,-0.603923
1640841529311849728,-1.403201,0.538339,2.345688,0.793286,0.000074,-0.076272,-0.604052
1640841529315899904,-1.404907,0.539989,2.349887,0.792768,0.000183,-0.077543,-0.604571
1640841529316649984,-1.405225,0.540297,2.350663,0.792672,0.000204,-0.077778,-0.604666
1640841529320750080,-1.406968,0.541985,2.354892,0.792144,0.000343,-0.079080,-0.605189
1640841529321369856,-1.407233,0.542242,2.355529,0.792064,0.000370,-0.079282,-0.605268
1640841529326210048,-1.409311,0.544259,2.360493,0.791428,0.000632,-0.080888,-0.605886
1640841529326939904,-1.409626,0.544565,2.361239,0.791331,0.000676,-0.081130,-0.605980
1640841529330839808,-1.411318,0.546209,2.365215,0.790810,0.000904,-0.082390,-0.606490
1640841529331470080,-1.411593,0.546476,2.365856,0.790726,0.000939,-0.082588,-0.606573
1640841529336019968,-1.413586,0.548415,2.370469,0.790117,0.001186,-0.083992,-0.607174
1640841529336669952,-1.413872,0.548693,2.371126,0.790030,0.001221,-0.084191,-0.607258
1640841529340780032,-1.415690,0.550465,2.375268,0.789489,0.001450,-0.085469,-0.607783
1640841529341859840,-1.416170,0.550933,2.376352,0.789349,0.001512,-0.085811,-0.607917
1640841529345880064,-1.417968,0.552685,2.380378,0.788827,0.001754,-0.087100,-0.608410
1640841529346550016,-1.418269,0.552978,2.381047,0.788739,0.001795,-0.087315,-0.608493
1640841529350759936,-1.420170,0.554833,2.385238,0.788177,0.002059,-0.088666,-0.609025
1640841529351320064,-1.420424,0.555081,2.385794,0.788100,0.002095,-0.088844,-0.609098
1640841529355759872,-1.422449,0.557058,2.390185,0.787488,0.002378,-0.090239,-0.609683
1640841529356320000,-1.422705,0.557309,2.390738,0.787411,0.002414,-0.090413,-0.609757
1640841529360780032,-1.424761,0.559317,2.395121,0.786812,0.002693,-0.091779,-0.610324
1640841529361319936,-1.425011,0.559562,2.395649,0.786742,0.002726,-0.091942,-0.610390
1640841529365839872,-1.427116,0.561619,2.400061,0.786169,0.002998,-0.093291,-0.610923
1640841529366319872,-1.427341,0.561839,2.400528,0.786108,0.003026,-0.093433,-0.610979
1640841529370899968,-1.429497,0.563947,2.404968,0.785515,0.003297,-0.094781,-0.611532
1640841529372000000,-1.430018,0.564457,2.406030,0.785369,0.003361,-0.095102,-0.611670
1640841529375769856,-1.431812,0.566212,2.409658,0.784862,0.003572,-0.096181,-0.612150
1640841529376439808,-1.432133,0.566525,2.410300,0.784773,0.003608,-0.096368,-0.612235
1640841529380919808,-1.434287,0.568632,2.414582,0.784185,0.003826,-0.097569,-0.612796
1640841529381799936,-1.434713,0.569049,2.415419,0.784074,0.003863,-0.097792,-0.612903
1640841529386249984,-1.436878,0.571166,2.419639,0.783531,0.004040,-0.098869,-0.613423
1640841529387290112,-1.437387,0.571664,2.420621,0.783406,0.004086,-0.099116,-0.613543
1640841529390869760,-1.439147,0.573386,2.423989,0.782966,0.004283,-0.099988,-0.613961
1640841529391480064,-1.439449,0.573681,2.424562,0.782889,0.004322,-0.100140,-0.614034
1640841529395749888,-1.441569,0.575754,2.428552,0.782343,0.004628,-0.101229,-0.614549
1640841529396309760,-1.441849,0.576027,2.429073,0.782271,0.004670,-0.101375,-0.614617
1640841529400790016,-1.444098,0.578226,2.433228,0.781684,0.004999,-0.102552,-0.615165
1640841529401619968,-1.444517,0.578635,2.433994,0.781575,0.005056,-0.102772,-0.615266
1640841529405809920,-1.446645,0.580714,2.437848,0.781022,0.005320,-0.103887,-0.615779
1640841529406339840,-1.446915,0.580978,2.438334,0.780952,0.005354,-0.104030,-0.615843
1640841529411079936,-1.449349,0.583354,2.442658,0.780321,0.005712,-0.105325,-0.616420
1640841529411559936,-1.449597,0.583596,2.443094,0.780256,0.005756,-0.105459,-0.616478
1640841529415760128,-1.451777,0.585723,2.446894,0.779689,0.006164,-0.106631,-0.616990
1640841529417479936,-1.452675,0.586599,2.448443,0.779455,0.006336,-0.107109,-0.617201
1640841529420819968,-1.454430,0.588310,2.451437,0.778999,0.006656,-0.108020,-0.617615
1640841529421659904,-1.454873,0.588742,2.452187,0.778883,0.006732,-0.108246,-0.617720
1640841529425799936,-1.457071,0.590882,2.455869,0.778317,0.007085,-0.109337,-0.618238
1640841529427340032,-1.457893,0.591683,2.457232,0.778107,0.007205,-0.109735,-0.618431
1640841529430729984,-1.459714,0.593454,2.460218,0.777649,0.007451,-0.110595,-0.618850
1640841529431279872,-1.460010,0.593743,2.460701,0.777575,0.007488,-0.110733,-0.618918
1640841529435869952,-1.462500,0.596163,2.464712,0.776968,0.007778,-0.111857,-0.619475
1640841529436590080,-1.462893,0.596545,2.465338,0.776874,0.007821,-0.112028,-0.619561
1640841529440869888,-1.465242,0.598825,2.469043,0.776320,0.008071,-0.113019,-0.620071
1640841529441339904,-1.465501,0.599077,2.469448,0.776260,0.008098,-0.113124,-0.620127
1640841529446209792,-1.468203,0.601697,2.473624,0.775637,0.008374,-0.114197,-0.620706
1640841529446709760,-1.468483,0.601968,2.474051,0.775573,0.008401,-0.114306,-0.620766
1640841529450870016,-1.470817,0.604229,2.477584,0.775033,0.008628,-0.115210,-0.621270
1640841529451520000,-1.471184,0.604584,2.478133,0.774947,0.008663,-0.115352,-0.621350
1640841529455699968,-1.473555,0.606877,2.481650,0.774396,0.008897,-0.116266,-0.621864
1640841529456329728,-1.473914,0.607224,2.482178,0.774313,0.008935,-0.116404,-0.621941
1640841529461169920,-1.476691,0.609905,2.486209,0.773687,0.009275,-0.117447,-0.622519
1640841529463009792,-1.477754,0.610931,2.487731,0.773453,0.009426,-0.117838,-0.622732
1640841529466310144,-1.479673,0.612780,2.490446,0.773036,0.009718,-0.118533,-0.623114
1640841529466969856,-1.480058,0.613151,2.490987,0.772952,0.009778,-0.118672,-0.623191
1640841529470830080,-1.482323,0.615332,2.494136,0.772454,0.010140,-0.119483,-0.623647
1640841529471479808,-1.482707,0.615700,2.494663,0.772369,0.010202,-0.119619,-0.623725
1640841529476009728,-1.485394,0.618282,2.498321,0.771769,0.010637,-0.120563,-0.624279
1640841529476699904,-1.485805,0.618677,2.498875,0.771677,0.010705,-0.120705,-0.624364
1640841529480909824,-1.488330,0.621099,2.502238,0.771121,0.011131,-0.121553,-0.624878
1640841529481949952,-1.488958,0.621701,2.503064,0.770985,0.011239,-0.121758,-0.625004
1640841529485740032,-1.491256,0.623902,2.506057,0.770495,0.011638,-0.122494,-0.625458
1640841529486299904,-1.491598,0.624228,2.506498,0.770423,0.011697,-0.122602,-0.625524
1640841529490860032,-1.494392,0.626899,2.510062,0.769837,0.012165,-0.123497,-0.626061
1640841529494190080,-1.496450,0.628863,2.512642,0.769407,0.012488,-0.124175,-0.626448
1640841529495940096,-1.497538,0.629900,2.513990,0.769181,0.012654,-0.124536,-0.626651
1640841529496969984,-1.498180,0.630512,2.514780,0.769048,0.012752,-0.124747,-0.626770
1640841529501920000,-1.501286,0.633469,2.518554,0.768413,0.013242,-0.125739,-0.627340
1640841529502269952,-1.501507,0.633679,2.518819,0.768369,0.013279,-0.125806,-0.627380
1640841529505769984,-1.503725,0.635786,2.521459,0.767926,0.013663,-0.126455,-0.627784
1640841529506399744,-1.504126,0.636167,2.521932,0.767846,0.013733,-0.126568,-0.627857
1640841529511040000,-1.507096,0.638983,2.525392,0.767254,0.014228,-0.127398,-0.628401
1640841529512699904,-1.508165,0.639996,2.526620,0.767040,0.014392,-0.127695,-0.628599
1640841529515830016,-1.510193,0.641915,2.528922,0.766638,0.014686,-0.128244,-0.628970
1640841529516640000,-1.510720,0.642413,2.529515,0.766536,0.014760,-0.128382,-0.629066
1640841529520749824,-1.513407,0.644951,2.532505,0.766029,0.015141,-0.129039,-0.629539
1640841529521299712,-1.513768,0.645292,2.532903,0.765963,0.015193,-0.129121,-0.629601
1640841529525830144,-1.516761,0.648112,2.536158,0.765431,0.015628,-0.129755,-0.630107
1640841529526559744,-1.517246,0.648569,2.536678,0.765347,0.015700,-0.129852,-0.630188
1640841529530989824,-1.520204,0.651351,2.539819,0.764830,0.016142,-0.130418,-0.630687
1640841529532450048,-1.521185,0.652273,2.540845,0.764657,0.016290,-0.130600,-0.630854
1640841529535810048,-1.523454,0.654402,2.543193,0.764259,0.016633,-0.131015,-0.631242
1640841529536349952,-1.523820,0.654745,2.543569,0.764195,0.016688,-0.131082,-0.631304
1640841529540719872,-1.526798,0.657534,2.546586,0.763682,0.017133,-0.131623,-0.631801
1640841529541339904,-1.527223,0.657931,2.547011,0.763609,0.017195,-0.131699,-0.631871
1640841529546289920,-1.530633,0.661117,2.550380,0.763030,0.017691,-0.132297,-0.632431
1640841529547729920,-1.531631,0.662049,2.551351,0.762860,0.017835,-0.132462,-0.632598
1640841529550720000,-1.533714,0.663990,2.553355,0.762501,0.018132,-0.132785,-0.632955
1640841529551299840,-1.534119,0.664367,2.553742,0.762430,0.018190,-0.132845,-0.633026
1640841529555729920,-1.537231,0.667262,2.556674,0.761893,0.018639,-0.133279,-0.633568
1640841529556329984,-1.537655,0.667656,2.557069,0.761821,0.018702,-0.133335,-0.633641
1640841529560809728,-1.540834,0.670607,2.559991,0.761302,0.019190,-0.133757,-0.634161
1640841529567389952,-1.545555,0.674978,2.564212,0.760582,0.019935,-0.134351,-0.634876
1640841529567960064,-1.545967,0.675359,2.564574,0.760518,0.019997,-0.134396,-0.634941
1640841529568509696,-1.546365,0.675727,2.564922,0.760457,0.020055,-0.134439,-0.635003
1640841529570860032,-1.548070,0.677301,2.566404,0.760188,0.020289,-0.134605,-0.635283
1640841529571699968,-1.548681,0.677865,2.566931,0.760090,0.020369,-0.134657,-0.635386
1640841529575729920,-1.551627,0.680581,2.569441,0.759614,0.020729,-0.134870,-0.635898
1640841529576339968,-1.552075,0.680993,2.569818,0.759543,0.020782,-0.134897,-0.635976
1640841529580809728,-1.555374,0.684027,2.572559,0.759037,0.021177,-0.135059,-0.636532
1640841529581379840,-1.555797,0.684416,2.572906,0.758976,0.021230,-0.135076,-0.636599
1640841529585749760,-1.559053,0.687403,2.575542,0.758525,0.021648,-0.135185,-0.637100
1640841529586329856,-1.559487,0.687801,2.575889,0.758465,0.021704,-0.135198,-0.637166
1640841529590769920,-1.562826,0.690859,2.578524,0.757996,0.022130,-0.135278,-0.637692
1640841529591320064,-1.563242,0.691239,2.578847,0.757936,0.022181,-0.135287,-0.637760
1640841529596219904,-1.566964,0.694638,2.581704,0.757391,0.022639,-0.135347,-0.638379
1640841529597209856,-1.567720,0.695327,2.582275,0.757280,0.022732,-0.135355,-0.638505
1640841529600819712,-1.570488,0.697849,2.584341,0.756883,0.023076,-0.135373,-0.638960
1640841529601399808,-1.570935,0.698256,2.584671,0.756821,0.023133,-0.135374,-0.639031
1640841529605789952,-1.574330,0.701342,2.587143,0.756355,0.023574,-0.135363,-0.639569
1640841529606569984,-1.574936,0.701892,2.587579,0.756273,0.023655,-0.135357,-0.639665
1640841529611359744,-1.578677,0.705284,2.590224,0.755762,0.024173,-0.135294,-0.640262
1640841529612819968,-1.579824,0.706322,2.591021,0.755603,0.024338,-0.135265,-0.640449
1640841529615820032,-1.582189,0.708462,2.592646,0.755274,0.024686,-0.135193,-0.640838
1640841529616359936,-1.582616,0.708848,2.592936,0.755215,0.024750,-0.135178,-0.640909
1640841529620829696,-1.586168,0.712053,2.595317,0.754726,0.025289,-0.135036,-0.641494
1640841529621349888,-1.586583,0.712427,2.595592,0.754669,0.025353,-0.135017,-0.641563
1640841529625939968,-1.590262,0.715740,2.597989,0.754170,0.025918,-0.134838,-0.642164
1640841529627130112,-1.591221,0.716602,2.598604,0.754041,0.026065,-0.134789,-0.642320
1640841529630759936,-1.594157,0.719240,2.600461,0.753647,0.026506,-0.134633,-0.642796
1640841529632230144,-1.595352,0.720311,2.601205,0.753488,0.026683,-0.134566,-0.642990
1640841529636420096,-1.598772,0.723376,2.603301,0.753034,0.027185,-0.134355,-0.643545
1640841529637260032,-1.599461,0.723992,2.603717,0.752943,0.027285,-0.134308,-0.643657
1640841529640899840,-1.602457,0.726670,2.605503,0.752552,0.027719,-0.134080,-0.644143
1640841529641979904,-1.603349,0.727466,2.606028,0.752436,0.027848,-0.134003,-0.644288
1640841529645749760,-1.606477,0.730256,2.607840,0.752036,0.028303,-0.133698,-0.644799
1640841529646380032,-1.607001,0.730723,2.608140,0.751970,0.028380,-0.133641,-0.644885
1640841529650859776,-1.610747,0.734056,2.610249,0.751501,0.028927,-0.133179,-0.645502
1640841529651569920,-1.611343,0.734585,2.610579,0.751426,0.029009,-0.133102,-0.645602
1640841529655729920,-1.614850,0.737698,2.612494,0.750968,0.029431,-0.132670,-0.646203
1640841529656729856,-1.615696,0.738449,2.612949,0.750857,0.029526,-0.132566,-0.646350
1640841529660839936,-1.619190,0.741542,2.614797,0.750414,0.029946,-0.132109,-0.646938
1640841529661389824,-1.619659,0.741957,2.615041,0.750358,0.030009,-0.132042,-0.647014
1640841529666109952,-1.623702,0.745529,2.617115,0.749889,0.030584,-0.131424,-0.647656
1640841529667719936,-1.625088,0.746751,2.617811,0.749733,0.030784,-0.131199,-0.647873
1640841529670840064,-1.627784,0.749126,2.619145,0.749427,0.031159,-0.130752,-0.648299
1640841529671520000,-1.628374,0.749645,2.619433,0.749360,0.031238,-0.130654,-0.648393
1640841529676809984,-1.632979,0.753693,2.621641,0.748826,0.031848,-0.129886,-0.649134
1640841529677339904,-1.633443,0.754099,2.621859,0.748771,0.031910,-0.129810,-0.649209
1640841529680709888,-1.636398,0.756691,2.623231,0.748418,0.032317,-0.129337,-0.649690
1640841529681370112,-1.636979,0.757200,2.623497,0.748348,0.032400,-0.129247,-0.649785
1640841529685880064,-1.640962,0.760684,2.625290,0.747872,0.032983,-0.128618,-0.650428
1640841529686609920,-1.641609,0.761250,2.625576,0.747797,0.033078,-0.128512,-0.650531
1640841529690879744,-1.645408,0.764565,2.627227,0.747377,0.033639,-0.127839,-0.651117
1640841529691419904,-1.645891,0.764986,2.627434,0.747327,0.033709,-0.127747,-0.651189
1640841529695789824,-1.649807,0.768395,2.629079,0.746925,0.034272,-0.126976,-0.651771
1640841529696349952,-1.650310,0.768833,2.629287,0.746874,0.034344,-0.126875,-0.651845
1640841529701499904,-1.654961,0.772871,2.631168,0.746385,0.034990,-0.125952,-0.652550
1640841529702099968,-1.655505,0.773343,2.631384,0.746326,0.035064,-0.125844,-0.652634
1640841529705999872,-1.659052,0.776415,2.632766,0.745938,0.035524,-0.125132,-0.653190
1640841529707469824,-1.660394,0.777576,2.633279,0.745791,0.035687,-0.124851,-0.653402
1640841529710799872,-1.663444,0.780212,2.634424,0.745463,0.036030,-0.124173,-0.653887
1640841529711309824,-1.663913,0.780616,2.634597,0.745414,0.036079,-0.124063,-0.653961
1640841529716130048,-1.668355,0.784446,2.636207,0.744959,0.036510,-0.122951,-0.654665
1640841529716640000,-1.668827,0.784852,2.636375,0.744912,0.036555,-0.122827,-0.654739
1640841529720909824,-1.672790,0.788259,2.637756,0.744521,0.036944,-0.121757,-0.655361
1640841529721669888,-1.673497,0.788867,2.637997,0.744452,0.037017,-0.121562,-0.655472
1640841529725969920,-1.677515,0.792313,2.639342,0.744062,0.037441,-0.120443,-0.656097
1640841529726629888,-1.678133,0.792843,2.639545,0.744003,0.037506,-0.120270,-0.656193
1640841529730880000,-1.682129,0.796262,2.640830,0.743616,0.037929,-0.119153,-0.656810
1640841529732649984,-1.683800,0.797690,2.641354,0.743453,0.038103,-0.118686,-0.657069
1640841529736150016,-1.687115,0.800518,2.642371,0.743130,0.038453,-0.117751,-0.657582
1640841529736829952,-1.687760,0.801068,2.642565,0.743066,0.038521,-0.117567,-0.657683
1640841529740849920,-1.691589,0.804327,2.643695,0.742689,0.038939,-0.116451,-0.658283
1640841529741489920,-1.692200,0.804847,2.643872,0.742628,0.039008,-0.116269,-0.658379
1640841529745719808,-1.696252,0.808289,2.645019,0.742231,0.039468,-0.115036,-0.659016
1640841529746520064,-1.697021,0.808941,2.645231,0.742157,0.039557,-0.114796,-0.659136
1640841529750909952,-1.701253,0.812526,2.646374,0.741762,0.040046,-0.113451,-0.659784
1640841529751539968,-1.701862,0.813041,2.646535,0.741707,0.040116,-0.113254,-0.659875
1640841529755780096,-1.705973,0.816515,2.647594,0.741344,0.040587,-0.111915,-0.660482
1640841529756339968,-1.706518,0.816975,2.647731,0.741296,0.040649,-0.111738,-0.660562
1640841529760819968,-1.710887,0.820657,2.648804,0.740911,0.041133,-0.110334,-0.661200
1640841529761600000,-1.711650,0.821300,2.648986,0.740842,0.041215,-0.110094,-0.661312
1640841529768739840,-1.718665,0.827194,2.650597,0.740196,0.041964,-0.107939,-0.662343
1640841529770799872,-1.720700,0.828899,2.651042,0.740013,0.042194,-0.107302,-0.662636
1640841529772470016,-1.722353,0.830283,2.651396,0.739869,0.042384,-0.106774,-0.662870
1640841529773280000,-1.723155,0.830955,2.651566,0.739799,0.042477,-0.106516,-0.662983
1640841529775739904,-1.725598,0.832997,2.652073,0.739593,0.042754,-0.105722,-0.663323
1640841529776369920,-1.726224,0.833520,2.652200,0.739541,0.042823,-0.105517,-0.663410
1640841529780849920,-1.730691,0.837248,2.653085,0.739179,0.043268,-0.104046,-0.664016
1640841529781639936,-1.731481,0.837906,2.653236,0.739116,0.043338,-0.103785,-0.664122
1640841529785830144,-1.735681,0.841403,2.654018,0.738786,0.043681,-0.102390,-0.664683
1640841529786459904,-1.736314,0.841929,2.654132,0.738737,0.043730,-0.102178,-0.664767
1640841529790749952,-1.740637,0.845517,2.654889,0.738393,0.044058,-0.100720,-0.665349
1640841529791309824,-1.741202,0.845986,2.654985,0.738348,0.044101,-0.100527,-0.665426
1640841529796069888,-1.746022,0.849978,2.655774,0.737951,0.044476,-0.098869,-0.666090
1640841529796819968,-1.746783,0.850608,2.655894,0.737888,0.044534,-0.098605,-0.666195
1640841529800789760,-1.750823,0.853945,2.656510,0.737555,0.044823,-0.097205,-0.666749
1640841529804169984,-1.754275,0.856790,2.657008,0.737280,0.045042,-0.095996,-0.667214
1640841529805909760,-1.756056,0.858257,2.657255,0.737142,0.045147,-0.095362,-0.667450
1640841529806589952,-1.756752,0.858830,2.657350,0.737089,0.045186,-0.095112,-0.667542
1640841529810739968,-1.761014,0.862333,2.657909,0.736781,0.045413,-0.093536,-0.668089
1640841529811300096,-1.761591,0.862806,2.657981,0.736741,0.045442,-0.093316,-0.668161
1640841529817199872,-1.767680,0.867796,2.658706,0.736328,0.045739,-0.090931,-0.668925
1640841529817859840,-1.768363,0.868355,2.658783,0.736280,0.045772,-0.090658,-0.669013
1640841529820879872,-1.771493,0.870914,2.659121,0.736051,0.045930,-0.089400,-0.669423
1640841529821559808,-1.772199,0.871491,2.659195,0.735997,0.045967,-0.089115,-0.669518
1640841529825760000,-1.776569,0.875055,2.659629,0.735649,0.046211,-0.087348,-0.670116
1640841529826329856,-1.777163,0.875539,2.659685,0.735601,0.046246,-0.087107,-0.670197
1640841529831079936,-1.782125,0.879575,2.660126,0.735199,0.046564,-0.085098,-0.670875
1640841529831830016,-1.782910,0.880213,2.660191,0.735136,0.046619,-0.084781,-0.670980
1640841529836789760,-1.788114,0.884434,2.660594,0.734726,0.047002,-0.082686,-0.671663
1640841529837459968,-1.788819,0.885005,2.660645,0.734671,0.047056,-0.082404,-0.671754
1640841529840699904,-1.792230,0.887766,2.660876,0.734405,0.047321,-0.081044,-0.672192
1640841529841339904,-1.792905,0.888311,2.660919,0.734352,0.047373,-0.080777,-0.672278
1640841529846040064,-1.797871,0.892320,2.661210,0.733967,0.047740,-0.078795,-0.672908
1640841529847309824,-1.799216,0.893404,2.661281,0.733864,0.047827,-0.078248,-0.673078
1640841529850839808,-1.802960,0.896417,2.661460,0.733581,0.048029,-0.076690,-0.673550
1640841529852289792,-1.804500,0.897656,2.661526,0.733467,0.048095,-0.076033,-0.673745
1640841529855849984,-1.808289,0.900697,2.661671,0.733190,0.048224,-0.074390,-0.674221
1640841529856499968,-1.808981,0.901253,2.661694,0.733139,0.048243,-0.074087,-0.674308
1640841529860760064,-1.813529,0.904894,2.661827,0.732809,0.048355,-0.072086,-0.674875
1640841529861309952,-1.814117,0.905365,2.661841,0.732767,0.048368,-0.071827,-0.674948
1640841529866939904,-1.820147,0.910180,2.661954,0.732336,0.048500,-0.069166,-0.675683
1640841529867839744,-1.821112,0.910950,2.661966,0.732269,0.048522,-0.068738,-0.675798
1640841529871389952,-1.824927,0.913987,2.661997,0.732010,0.048615,-0.067040,-0.676242
1640841529872640000,-1.826272,0.915057,2.662002,0.731920,0.048651,-0.066437,-0.676396
1640841529875739904,-1.829612,0.917709,2.662000,0.731698,0.048741,-0.064930,-0.676776
1640841529876379904,-1.830303,0.918257,2.661997,0.731652,0.048760,-0.064617,-0.676855
1640841529880760064,-1.835033,0.922005,2.661956,0.731323,0.048889,-0.062443,-0.677405
1640841529881359872,-1.835682,0.922518,2.661947,0.731276,0.048905,-0.062142,-0.677482
1640841529885829888,-1.840523,0.926343,2.661859,0.730919,0.049018,-0.059867,-0.678064
1640841529886439936,-1.841184,0.926865,2.661844,0.730869,0.049032,-0.059554,-0.678144
1640841529890720000,-1.845830,0.930526,2.661717,0.730528,0.049102,-0.057334,-0.678697
1640841529891340032,-1.846504,0.931056,2.661695,0.730480,0.049109,-0.057010,-0.678776
1640841529895889920,-1.851456,0.934946,2.661514,0.730126,0.049169,-0.054648,-0.679347
1640841529897069824,-1.852741,0.935955,2.661460,0.730033,0.049192,-0.054045,-0.679493
1640841529902889984,-1.859093,0.940927,2.661154,0.729561,0.049390,-0.051155,-0.680209
1640841529904239872,-1.860568,0.942080,2.661073,0.729447,0.049449,-0.050496,-0.680376
1640841529906240000,-1.862756,0.943787,2.660947,0.729277,0.049536,-0.049517,-0.680625
1640841529906699776,-1.863259,0.944180,2.660917,0.729237,0.049556,-0.049290,-0.680682
1640841529910889984,-1.867848,0.947754,2.660622,0.728869,0.049700,-0.047178,-0.681215
1640841529912240128,-1.869329,0.948905,2.660520,0.728748,0.049728,-0.046473,-0.681391
1640841529916239872,-1.873718,0.952313,2.660196,0.728388,0.049769,-0.044337,-0.681915
1640841529917129984,-1.874696,0.953071,2.660119,0.728309,0.049770,-0.043857,-0.682031
1640841529920800000,-1.878730,0.956195,2.659787,0.727984,0.049762,-0.041879,-0.682503
1640841529923480064,-1.881680,0.958474,2.659528,0.727752,0.049742,-0.040445,-0.682837
1640841529925750016,-1.884179,0.960403,2.659297,0.727561,0.049715,-0.039231,-0.683114
1640841529927579904,-1.886196,0.961957,2.659104,0.727409,0.049687,-0.038249,-0.683333
1640841529931039744,-1.890011,0.964892,2.658720,0.727129,0.049615,-0.036377,-0.683738
1640841529935350016,-1.894770,0.968544,2.658210,0.726783,0.049510,-0.034012,-0.684236
1640841529935760128,-1.895222,0.968892,2.658159,0.726750,0.049500,-0.033785,-0.684283
1640841529936460032,-1.895996,0.969484,2.658072,0.726693,0.049483,-0.033398,-0.684364
1640841529941009920,-1.901026,0.973332,2.657484,0.726308,0.049395,-0.030858,-0.684898
1640841529941540096,-1.901612,0.973779,2.657412,0.726262,0.049386,-0.030560,-0.684961
1640841529945829888,-1.906359,0.977400,2.656816,0.725886,0.049317,-0.028144,-0.685468
1640841529946599936,-1.907212,0.978049,2.656705,0.725818,0.049303,-0.027710,-0.685557
1640841529950850048,-1.911920,0.981627,2.656073,0.725456,0.049208,-0.025319,-0.686041
1640841529951330048,-1.912452,0.982031,2.655999,0.725416,0.049195,-0.025050,-0.686094
1640841529955770112,-1.917375,0.985761,2.655297,0.725045,0.049071,-0.022573,-0.686581
1640841529956359936,-1.918029,0.986256,2.655201,0.724994,0.049057,-0.022246,-0.686646
1640841529960739840,-1.922889,0.989927,2.654466,0.724598,0.048984,-0.019837,-0.687142
1640841529961669888,-1.923921,0.990705,2.654305,0.724509,0.048978,-0.019329,-0.687251
1640841529965769984,-1.928473,0.994131,2.653576,0.724105,0.048972,-0.017109,-0.687736
1640841529969319936,-1.932415,0.997092,2.652919,0.723751,0.048979,-0.015205,-0.688153
1640841529971010048,-1.934292,0.998499,2.652598,0.723586,0.048979,-0.014302,-0.688346
1640841529971500032,-1.934837,0.998906,2.652504,0.723538,0.048978,-0.014041,-0.688401
1640841529975839744,-1.939658,1.002512,2.651650,0.723131,0.048948,-0.011720,-0.688874
1640841529977299968,-1.941281,1.003723,2.651355,0.722998,0.048927,-0.010928,-0.689029
1640841529980759808,-1.945125,1.006588,2.650639,0.722683,0.048854,-0.009010,-0.689392
1640841529981299968,-1.945725,1.007035,2.650525,0.722633,0.048840,-0.008705,-0.689449
1640841529985849856,-1.950782,1.010790,2.649545,0.722215,0.048693,-0.006090,-0.689926
1640841529986459904,-1.951460,1.011293,2.649410,0.722158,0.048672,-0.005735,-0.689990
1640841529990850048,-1.956337,1.014904,2.648423,0.721737,0.048508,-0.003185,-0.690458
1640841529991529984,-1.957093,1.015463,2.648266,0.721670,0.048483,-0.002792,-0.690532
1640841529996169984,-1.962247,1.019265,2.647177,0.721195,0.048325,-0.000160,-0.691044
1640841529997269760,-1.963469,1.020164,2.646913,0.721077,0.048293,0.000447,-0.691169
1640841530003680000,-1.970585,1.025390,2.645330,0.720368,0.048114,0.003909,-0.691910
1640841530004329984,-1.971306,1.025918,2.645165,0.720301,0.048077,0.004287,-0.691980
1640841530006119936,-1.973293,1.027372,2.644708,0.720123,0.047956,0.005362,-0.692166
1640841530007149824,-1.974435,1.028207,2.644442,0.720024,0.047878,0.005993,-0.692270
1640841530011049984,-1.978760,1.031364,2.643416,0.719645,0.047585,0.008361,-0.692660
1640841530011780096,-1.979569,1.031954,2.643221,0.719572,0.047535,0.008793,-0.692733
1640841530016029952,-1.984279,1.035380,2.642067,0.719138,0.047270,0.011237,-0.693166
1640841530016769792,-1.985098,1.035975,2.641863,0.719061,0.047228,0.011652,-0.693242
1640841530020740096,-1.989493,1.039161,2.640749,0.718641,0.047010,0.013836,-0.693653
1640841530021319936,-1.990135,1.039625,2.640584,0.718578,0.046980,0.014149,-0.693713
1640841530025809920,-1.995100,1.043213,2.639286,0.718087,0.046754,0.016548,-0.694184
1640841530027129856,-1.996558,1.044264,2.638897,0.717940,0.046693,0.017245,-0.694323
1640841530030779904,-2.000589,1.047165,2.637807,0.717523,0.046540,0.019167,-0.694714
1640841530031610112,-2.001505,1.047823,2.637555,0.717426,0.046509,0.019604,-0.694804
1640841530035859712,-2.006191,1.051185,2.636249,0.716932,0.046359,0.021848,-0.695257
1640841530036429824,-2.006819,1.051634,2.636072,0.716867,0.046338,0.022151,-0.695316
1640841530040740096,-2.011564,1.055026,2.634710,0.716396,0.046157,0.024457,-0.695736
1640841530042599936,-2.013609,1.056485,2.634112,0.716203,0.046065,0.025461,-0.695905
1640841530045729792,-2.017048,1.058933,2.633093,0.715879,0.045893,0.027152,-0.696185
1640841530046360064,-2.017740,1.059425,2.632885,0.715813,0.045856,0.027492,-0.696242
1640841530051149824,-2.022994,1.063152,2.631287,0.715282,0.045559,0.030059,-0.696701
1640841530052290048,-2.024242,1.064036,2.630900,0.715147,0.045484,0.030665,-0.696818
1640841530055820032,-2.028105,1.066766,2.629690,0.714718,0.045243,0.032542,-0.697189
1640841530056489984,-2.028838,1.067283,2.629457,0.714636,0.045195,0.032900,-0.697259
1640841530060709888,-2.033446,1.070529,2.627977,0.714125,0.044878,0.035179,-0.697692
1640841530061309696,-2.034100,1.070989,2.627764,0.714054,0.044831,0.035507,-0.697750
1640841530067200000,-2.040515,1.075488,2.625641,0.713386,0.044335,0.038781,-0.698292
1640841530068559872,-2.041993,1.076522,2.625142,0.713236,0.044212,0.039543,-0.698410
1640841530071470080,-2.045152,1.078729,2.624065,0.712918,0.043938,0.041172,-0.698658
1640841530071980032,-2.045705,1.079115,2.623875,0.712862,0.043888,0.041458,-0.698701
1640841530076000000,-2.050060,1.082147,2.622359,0.712415,0.043479,0.043711,-0.699045
1640841530076779776,-2.050904,1.082733,2.622062,0.712326,0.043395,0.044150,-0.699113
1640841530080780032,-2.055225,1.085731,2.620522,0.711850,0.042946,0.046411,-0.699480
1640841530081359872,-2.055850,1.086164,2.620297,0.711778,0.042878,0.046741,-0.699535
1640841530086020096,-2.060869,1.089633,2.618465,0.711183,0.042321,0.049400,-0.699991
1640841530086929920,-2.061848,1.090307,2.618103,0.711066,0.042211,0.049921,-0.700080
1640841530091519744,-2.066773,1.093696,2.616257,0.710483,0.041671,0.052543,-0.700512
1640841530092669952,-2.068005,1.094542,2.615789,0.710339,0.041537,0.053198,-0.700616
1640841530095709952,-2.071256,1.096770,2.614542,0.709964,0.041184,0.054918,-0.700884
1640841530096389888,-2.071982,1.097267,2.614261,0.709881,0.041104,0.055300,-0.700943
1640841530100829952,-2.076715,1.100500,2.612407,0.709343,0.040566,0.057764,-0.701320
1640841530101670144,-2.077609,1.101109,2.612053,0.709242,0.040461,0.058223,-0.701391
1640841530106159872,-2.082377,1.104351,2.610140,0.708691,0.039889,0.060647,-0.701775
1640841530107129856,-2.083405,1.105048,2.609723,0.708568,0.039766,0.061164,-0.701861
1640841530110800128,-2.087287,1.107677,2.608130,0.708088,0.039303,0.063103,-0.702200
1640841530111539968,-2.088068,1.108205,2.607806,0.707988,0.039212,0.063491,-0.702270
1640841530115719936,-2.092473,1.111176,2.605961,0.707419,0.038707,0.065664,-0.702672
1640841530116629760,-2.093430,1.111820,2.605555,0.707295,0.038600,0.066133,-0.702759
1640841530120879872,-2.097889,1.114815,2.603645,0.706725,0.038121,0.068308,-0.703150
1640841530122739968,-2.099835,1.116118,2.602800,0.706483,0.037921,0.069249,-0.703313
1640841530125769728,-2.102999,1.118233,2.601412,0.706092,0.037603,0.070763,-0.703572
1640841530126400000,-2.103656,1.118671,2.601122,0.706011,0.037537,0.071074,-0.703625
1640841530130669824,-2.108097,1.121628,2.599138,0.705451,0.037087,0.073137,-0.703999
1640841530131320064,-2.108772,1.122077,2.598833,0.705364,0.037018,0.073444,-0.704058
1640841530135889920,-2.113502,1.125212,2.596674,0.704743,0.036510,0.075573,-0.704481
1640841530136610048,-2.114246,1.125704,2.596331,0.704644,0.036427,0.075906,-0.704548
1640841530140879872,-2.118643,1.128605,2.594281,0.704057,0.035913,0.077893,-0.704944
1640841530141889792,-2.119681,1.129288,2.593792,0.703919,0.035786,0.078366,-0.705036
1640841530145870080,-2.123758,1.131966,2.591849,0.703379,0.035269,0.080244,-0.705390
1640841530146759936,-2.124668,1.132562,2.591412,0.703260,0.035150,0.080666,-0.705467
1640841530151119872,-2.129111,1.135466,2.589251,0.702684,0.034550,0.082751,-0.705828
1640841530151529984,-2.129528,1.135738,2.589047,0.702631,0.034493,0.082948,-0.705861
1640841530155869952,-2.133928,1.138600,2.586866,0.702068,0.033874,0.085036,-0.706202
1640841530156489728,-2.134555,1.139007,2.586552,0.701988,0.033784,0.085334,-0.706251
1640841530160759808,-2.138860,1.141795,2.584375,0.701427,0.033163,0.087371,-0.706588
1640841530161449984,-2.139554,1.142243,2.584021,0.701335,0.033062,0.087698,-0.706644
1640841530168009984,-2.146122,1.146470,2.580618,0.700439,0.032101,0.090780,-0.707187
1640841530168910080,-2.147019,1.147045,2.580146,0.700313,0.031970,0.091199,-0.707264
1640841530171190016,-2.149287,1.148497,2.578946,0.699991,0.031639,0.092261,-0.707460
1640841530172000000,-2.150091,1.149011,2.578518,0.699875,0.031522,0.092637,-0.707531
1640841530175809792,-2.153862,1.151416,2.576491,0.699328,0.030980,0.094407,-0.707861
1640841530176600064,-2.154642,1.151913,2.576069,0.699215,0.030869,0.094774,-0.707928
1640841530180960000,-2.158932,1.154634,2.573719,0.698605,0.030276,0.096809,-0.708281
1640841530181489920,-2.159452,1.154963,2.573432,0.698533,0.030206,0.097056,-0.708322
1640841530185769984,-2.163636,1.157604,2.571096,0.697943,0.029647,0.099043,-0.708651
1640841530186679808,-2.164523,1.158162,2.570596,0.697816,0.029529,0.099460,-0.708723
1640841530190779904,-2.168503,1.160661,2.568330,0.697218,0.028999,0.101294,-0.709074
1640841530191459840,-2.169162,1.161073,2.567951,0.697115,0.028911,0.101591,-0.709136
1640841530195749888,-2.173299,1.163656,2.565551,0.696448,0.028362,0.103425,-0.709548
1640841530196430080,-2.173952,1.164063,2.565168,0.696341,0.028276,0.103710,-0.709615
1640841530200819968,-2.178156,1.166673,2.562680,0.695650,0.027745,0.105524,-0.710046
1640841530203290112,-2.180509,1.168129,2.561269,0.695266,0.027460,0.106528,-0.710284
1640841530205859840,-2.182948,1.169633,2.559792,0.694870,0.027170,0.107563,-0.710526
1640841530206409984,-2.183469,1.169953,2.559475,0.694786,0.027108,0.107783,-0.710578
1640841530210809856,-2.187620,1.172501,2.556922,0.694118,0.026608,0.109529,-0.710982
1640841530211409920,-2.188184,1.172846,2.556572,0.694028,0.026539,0.109766,-0.711037
1640841530215799808,-2.192293,1.175354,2.553995,0.693365,0.026026,0.111482,-0.711435
1640841530216460032,-2.192909,1.175728,2.553606,0.693265,0.025948,0.111738,-0.711495
1640841530221139968,-2.197254,1.178362,2.550826,0.692542,0.025392,0.113538,-0.711934
1640841530221839872,-2.197901,1.178753,2.550408,0.692431,0.025309,0.113805,-0.712002
1640841530225769984,-2.201520,1.180934,2.548047,0.691801,0.024837,0.115296,-0.712391
1640841530226459904,-2.202153,1.181314,2.547630,0.691691,0.024753,0.115558,-0.712459
1640841530230860032,-2.206171,1.183721,2.544959,0.690997,0.024189,0.117236,-0.712877
1640841530231500032,-2.206753,1.184069,2.544569,0.690899,0.024104,0.117482,-0.712935
1640841530238179840,-2.212790,1.187655,2.540459,0.689894,0.023180,0.120056,-0.713509
1640841530239219968,-2.213724,1.188207,2.539814,0.689738,0.023035,0.120457,-0.713597
1640841530240699904,-2.215049,1.188989,2.538893,0.689517,0.022831,0.121025,-0.713722
1640841530241349888,-2.215630,1.189331,2.538488,0.689419,0.022741,0.121273,-0.713777
1640841530245769984,-2.219563,1.191640,2.535719,0.688747,0.022135,0.122953,-0.714157
1640841530246909952,-2.220572,1.192230,2.535000,0.688571,0.021977,0.123381,-0.714258
1640841530251119872,-2.224280,1.194391,2.532332,0.687907,0.021389,0.124946,-0.714643
1640841530253509888,-2.226372,1.195604,2.530808,0.687522,0.021051,0.125818,-0.714870
1640841530255739904,-2.228316,1.196728,2.529378,0.687160,0.020738,0.126622,-0.715086
1640841530256539904,-2.229011,1.197128,2.528864,0.687030,0.020627,0.126907,-0.715164
1640841530260689920,-2.232600,1.199191,2.526183,0.686353,0.020070,0.128362,-0.715570
1640841530261349888,-2.233168,1.199516,2.525755,0.686246,0.019985,0.128589,-0.715634
1640841530265899776,-2.237065,1.201737,2.522786,0.685502,0.019419,0.130125,-0.716085
1640841530267979776,-2.238835,1.202741,2.521420,0.685159,0.019172,0.130810,-0.716295
1640841530270789888,-2.241213,1.204085,2.519566,0.684690,0.018846,0.131716,-0.716586
1640841530271539968,-2.241846,1.204441,2.519070,0.684563,0.018761,0.131955,-0.716665
1640841530275859712,-2.245470,1.206475,2.516196,0.683825,0.018277,0.133298,-0.717134
1640841530276669952,-2.246146,1.206853,2.515654,0.683685,0.018188,0.133544,-0.717224
1640841530280829952,-2.249600,1.208774,2.512861,0.682957,0.017733,0.134776,-0.717699
1640841530281529856,-2.250178,1.209094,2.512388,0.682833,0.017657,0.134978,-0.717780
1640841530285889792,-2.253759,1.211069,2.509433,0.682061,0.017182,0.136210,-0.718292
1640841530287099904,-2.254747,1.211612,2.508609,0.681849,0.017049,0.136544,-0.718434
1640841530290759936,-2.257720,1.213236,2.506104,0.681213,0.016646,0.137540,-0.718856
1640841530291349760,-2.258196,1.213495,2.505699,0.681112,0.016581,0.137698,-0.718923
1640841530295759872,-2.261741,1.215415,2.502656,0.680363,0.016080,0.138882,-0.719416
1640841530296480000,-2.262316,1.215726,2.502157,0.680241,0.015996,0.139076,-0.719496
1640841530300829952,-2.265772,1.217579,2.499127,0.679502,0.015472,0.140265,-0.719975
1640841530302619904,-2.267184,1.218332,2.497874,0.679195,0.015246,0.140766,-0.720172
1640841530306329856,-2.270092,1.219874,2.495264,0.678549,0.014761,0.141820,-0.720583
1640841530307030016,-2.270638,1.220162,2.494770,0.678426,0.014668,0.142021,-0.720662
1640841530310789888,-2.273554,1.221694,2.492104,0.677757,0.014160,0.143097,-0.721088
1640841530311360000,-2.273994,1.221924,2.491698,0.677654,0.014083,0.143260,-0.721154
1640841530316489984,-2.277924,1.223966,2.488030,0.676727,0.013381,0.144719,-0.721747
1640841530318320128,-2.279315,1.224683,2.486713,0.676396,0.013130,0.145235,-0.721958
1640841530320799744,-2.281189,1.225644,2.484923,0.675949,0.012790,0.145931,-0.722242
1640841530321849856,-2.281978,1.226048,2.484163,0.675762,0.012646,0.146224,-0.722360
1640841530325700096,-2.284857,1.227510,2.481364,0.675078,0.012124,0.147291,-0.722792
1640841530326419712,-2.285392,1.227780,2.480838,0.674951,0.012028,0.147489,-0.722872
1640841530330759936,-2.288598,1.229389,2.477658,0.674182,0.011463,0.148675,-0.723356
1640841530331460096,-2.289111,1.229645,2.477143,0.674057,0.011374,0.148864,-0.723434
1640841530335840000,-2.292304,1.231226,2.473906,0.673269,0.010832,0.150030,-0.723935
1640841530336779776,-2.292984,1.231561,2.473209,0.673098,0.010717,0.150274,-0.724046
1640841530340679936,-2.295789,1.232932,2.470304,0.672374,0.010243,0.151258,-0.724520
1640841530341389824,-2.296296,1.233178,2.469773,0.672241,0.010157,0.151432,-0.724609
1640841530345939968,-2.299525,1.234734,2.466357,0.671386,0.009624,0.152517,-0.725180
1640841530347620096,-2.300707,1.235298,2.465090,0.671074,0.009438,0.152906,-0.725390
1640841530351049984,-2.303102,1.236434,2.462492,0.670448,0.009082,0.153684,-0.725809
1640841530351589888,-2.303478,1.236610,2.462082,0.670351,0.009029,0.153804,-0.725874
1640841530355909888,-2.306458,1.238004,2.458788,0.669576,0.008630,0.154733,-0.726396
1640841530356389888,-2.306787,1.238156,2.458421,0.669489,0.008588,0.154832,-0.726456
1640841530360760064,-2.309760,1.239524,2.455064,0.668681,0.008225,0.155682,-0.727022
1640841530361459968,-2.310233,1.239740,2.454525,0.668548,0.008170,0.155809,-0.727118
1640841530365749760,-2.313109,1.241041,2.451205,0.667718,0.007848,0.156536,-0.727728
1640841530367369984,-2.314185,1.241523,2.449946,0.667402,0.007735,0.156791,-0.727963
1640841530370789888,-2.316441,1.242523,2.447278,0.666744,0.007516,0.157305,-0.728458
1640841530371409920,-2.316847,1.242702,2.446793,0.666627,0.007479,0.157395,-0.728546
1640841530375769856,-2.319683,1.243938,2.443370,0.665819,0.007234,0.158013,-0.729153
1640841530377569792,-2.320842,1.244438,2.441950,0.665491,0.007129,0.158267,-0.729399
1640841530380770048,-2.322888,1.245310,2.439418,0.664910,0.006917,0.158729,-0.729830
1640841530381489920,-2.323345,1.245503,2.438847,0.664779,0.006865,0.158835,-0.729927
1640841530385740032,-2.326023,1.246624,2.435462,0.664008,0.006541,0.159453,-0.730497
1640841530386390016,-2.326429,1.246792,2.434943,0.663890,0.006492,0.159545,-0.730585
1640841530390919936,-2.329236,1.247940,2.431311,0.663070,0.006173,0.160142,-0.731201
1640841530392299776,-2.330083,1.248282,2.430200,0.662820,0.006085,0.160311,-0.731391
1640841530395779840,-2.332200,1.249126,2.427390,0.662187,0.005871,0.160720,-0.731876
1640841530396489984,-2.332629,1.249295,2.426815,0.662058,0.005828,0.160802,-0.731976
1640841530401069824,-2.335371,1.250363,2.423093,0.661209,0.005535,0.161341,-0.732626
1640841530401829888,-2.335822,1.250536,2.422473,0.661067,0.005484,0.161433,-0.732735
1640841530405799936,-2.338157,1.251420,2.419226,0.660320,0.005213,0.161932,-0.733299
1640841530406439936,-2.338530,1.251560,2.418701,0.660201,0.005171,0.162015,-0.733389
1640841530411170048,-2.341262,1.252566,2.414807,0.659329,0.004881,0.162653,-0.734033
1640841530411939840,-2.341702,1.252725,2.414171,0.659190,0.004839,0.162760,-0.734135
1640841530415930112,-2.343963,1.253532,2.410865,0.658470,0.004631,0.163311,-0.734660
1640841530418329856,-2.345306,1.254001,2.408869,0.658029,0.004506,0.163628,-0.734985
1640841530420669952,-2.346604,1.254447,2.406917,0.657590,0.004378,0.163917,-0.735315
1640841530421380096,-2.346995,1.254581,2.406324,0.657455,0.004338,0.164000,-0.735417
1640841530425939968,-2.349484,1.255411,2.402501,0.656581,0.004084,0.164490,-0.736089
1640841530426589952,-2.349835,1.255526,2.401955,0.656457,0.004048,0.164554,-0.736186
1640841530430759936,-2.352065,1.256242,2.398438,0.655671,0.003839,0.164922,-0.736805
1640841530431490048,-2.352451,1.256364,2.397821,0.655536,0.003806,0.164981,-0.736912
1640841530435829760,-2.354725,1.257065,2.394140,0.654746,0.003616,0.165311,-0.737541
1640841530436489728,-2.355067,1.257168,2.393579,0.654628,0.003587,0.165361,-0.737635
1640841530440869888,-2.357313,1.257829,2.389843,0.653840,0.003382,0.165707,-0.738257
1640841530441730048,-2.357749,1.257954,2.389107,0.653685,0.003339,0.165777,-0.738378
1640841530445920000,-2.359850,1.258542,2.385513,0.652931,0.003125,0.166108,-0.738972
1640841530446739968,-2.360257,1.258653,2.384808,0.652783,0.003082,0.166168,-0.739089
1640841530450860032,-2.362277,1.259188,2.381255,0.652038,0.002873,0.166428,-0.739689
1640841530451399936,-2.362539,1.259256,2.380788,0.651940,0.002846,0.166456,-0.739769
1640841530455709952,-2.364607,1.259773,2.377053,0.651160,0.002634,0.166647,-0.740414
1640841530456389888,-2.364929,1.259851,2.376462,0.651038,0.002600,0.166676,-0.740515
1640841530460739840,-2.366967,1.260327,2.372672,0.650266,0.002360,0.166896,-0.741144
1640841530461479936,-2.367309,1.260404,2.372026,0.650137,0.002316,0.166942,-0.741247
1640841530466199808,-2.369464,1.260868,2.367892,0.649322,0.002004,0.167280,-0.741885
1640841530466969856,-2.369811,1.260939,2.367216,0.649190,0.001949,0.167340,-0.741988
1640841530470769920,-2.371502,1.261273,2.363871,0.648537,0.001665,0.167641,-0.742491
1640841530471459840,-2.371806,1.261330,2.363263,0.648418,0.001611,0.167696,-0.742583
1640841530475950080,-2.373754,1.261679,2.359292,0.647642,0.001252,0.168038,-0.743183
1640841530476519936,-2.373998,1.261720,2.358787,0.647544,0.001206,0.168080,-0.743260
1640841530480869888,-2.375837,1.262012,2.354922,0.646796,0.000857,0.168375,-0.743844
1640841530481639936,-2.376157,1.262059,2.354237,0.646664,0.000796,0.168422,-0.743948
1640841530485799936,-2.377867,1.262294,2.350524,0.645954,0.000477,0.168662,-0.744511
1640841530486439936,-2.378127,1.262327,2.349951,0.645844,0.000430,0.168696,-0.744598
1640841530490729728,-2.379842,1.262525,2.346106,0.645107,0.000125,0.168915,-0.745188
1640841530491409920,-2.380110,1.262553,2.345495,0.644990,0.000079,0.168948,-0.745282
1640841530495699968,-2.381775,1.262706,2.341633,0.644249,-0.000199,0.169139,-0.745879
1640841530496470016,-2.382070,1.262730,2.340938,0.644116,-0.000247,0.169170,-0.745986
1640841530501779968,-2.384063,1.262857,2.336135,0.643211,-0.000563,0.169350,-0.746726
1640841530502709760,-2.384405,1.262873,2.335291,0.643054,-0.000617,0.169375,-0.746855
1640841530505820160,-2.385535,1.262914,2.332466,0.642533,-0.000795,0.169444,-0.747288
1640841530506559744,-2.385801,1.262920,2.331793,0.642410,-0.000838,0.169457,-0.747391
1640841530510759936,-2.387284,1.262936,2.327964,0.641706,-0.001091,0.169503,-0.747985
1640841530511399936,-2.387506,1.262935,2.327379,0.641598,-0.001131,0.169506,-0.748076
1640841530516039936,-2.389090,1.262903,2.323132,0.640823,-0.001439,0.169517,-0.748738
1640841530516679936,-2.389304,1.262895,2.322545,0.640717,-0.001484,0.169518,-0.748828
1640841530520819968,-2.390668,1.262822,2.318741,0.640044,-0.001785,0.169529,-0.749400
1640841530521420032,-2.390862,1.262809,2.318189,0.639949,-0.001830,0.169532,-0.749480
1640841530525809920,-2.392258,1.262687,2.314141,0.639261,-0.002173,0.169554,-0.750062
1640841530526429952,-2.392452,1.262666,2.313568,0.639165,-0.002222,0.169556,-0.750143
1640841530530749952,-2.393775,1.262500,2.309569,0.638496,-0.002571,0.169552,-0.750712
1640841530531659776,-2.394048,1.262460,2.308726,0.638355,-0.002645,0.169545,-0.750833
1640841530536599808,-2.395497,1.262213,2.304135,0.637583,-0.003046,0.169479,-0.751502
1640841530537199872,-2.395669,1.262179,2.303577,0.637489,-0.003095,0.169471,-0.751583
1640841530541230080,-2.396802,1.261934,2.299819,0.636857,-0.003424,0.169431,-0.752127
1640841530541939968,-2.396998,1.261887,2.299155,0.636745,-0.003483,0.169429,-0.752222
1640841530545750016,-2.398028,1.261618,2.295591,0.636152,-0.003794,0.169432,-0.752721
1640841530546409728,-2.398203,1.261569,2.294973,0.636050,-0.003848,0.169435,-0.752806
1640841530550779904,-2.399335,1.261216,2.290873,0.635388,-0.004199,0.169464,-0.753357
1640841530551399936,-2.399492,1.261163,2.290290,0.635295,-0.004248,0.169468,-0.753434
1640841530555899904,-2.400604,1.260753,2.286053,0.634631,-0.004615,0.169490,-0.753986
1640841530557119744,-2.400897,1.260634,2.284903,0.634452,-0.004719,0.169491,-0.754136
1640841530561189888,-2.401850,1.260215,2.281058,0.633854,-0.005085,0.169464,-0.754642
1640841530561580032,-2.401939,1.260173,2.280689,0.633796,-0.005121,0.169458,-0.754692
1640841530565969920,-2.402919,1.259679,2.276530,0.633146,-0.005532,0.169371,-0.755254
1640841530568189952,-2.403397,1.259414,2.274423,0.632815,-0.005728,0.169308,-0.755544
1640841530570799872,-2.403944,1.259089,2.271942,0.632426,-0.005937,0.169220,-0.755888
1640841530571429888,-2.404074,1.259008,2.271342,0.632332,-0.005984,0.169196,-0.755971
1640841530575840000,-2.404955,1.258421,2.267140,0.631676,-0.006287,0.169019,-0.756557
1640841530576419840,-2.405067,1.258340,2.266587,0.631591,-0.006325,0.168995,-0.756633
1640841530580780032,-2.405887,1.257714,2.262420,0.630952,-0.006615,0.168812,-0.757204
1640841530581410048,-2.406002,1.257620,2.261817,0.630861,-0.006659,0.168786,-0.757286
1640841530585789952,-2.406774,1.256946,2.257620,0.630231,-0.006974,0.168595,-0.757850
1640841530586479872,-2.406892,1.256836,2.256958,0.630132,-0.007026,0.168562,-0.757939
1640841530590849792,-2.407610,1.256117,2.252759,0.629505,-0.007363,0.168321,-0.758510
1640841530591539968,-2.407719,1.255999,2.252095,0.629405,-0.007417,0.168278,-0.758601
1640841530596809984,-2.408516,1.255071,2.247017,0.628649,-0.007839,0.167946,-0.759298
1640841530597319936,-2.408589,1.254979,2.246524,0.628576,-0.007879,0.167914,-0.759364
1640841530602739712,-2.409334,1.253959,2.241285,0.627808,-0.008311,0.167617,-0.760061
1640841530603389952,-2.409419,1.253832,2.240656,0.627717,-0.008364,0.167585,-0.760143
1640841530605849856,-2.409730,1.253346,2.238273,0.627375,-0.008565,0.167466,-0.760449
1640841530606439936,-2.409802,1.253227,2.237701,0.627293,-0.008614,0.167438,-0.760522
1640841530610829824,-2.410316,1.252323,2.233439,0.626699,-0.008997,0.167228,-0.761053
1640841530611429888,-2.410383,1.252196,2.232856,0.626619,-0.009052,0.167198,-0.761125
1640841530615709952,-2.410834,1.251271,2.228691,0.626050,-0.009448,0.166977,-0.761637
1640841530616609792,-2.410924,1.251072,2.227814,0.625930,-0.009531,0.166928,-0.761745
1640841530620689920,-2.411305,1.250147,2.223834,0.625376,-0.009895,0.166693,-0.762247
1640841530621399808,-2.411367,1.249983,2.223141,0.625277,-0.009956,0.166651,-0.762336
1640841530625759744,-2.411724,1.248951,2.218878,0.624667,-0.010313,0.166377,-0.762892
1640841530626649856,-2.411791,1.248735,2.218007,0.624541,-0.010383,0.166319,-0.763007
1640841530630709760,-2.412074,1.247732,2.214028,0.623966,-0.010683,0.166047,-0.763532
1640841530637509888,-2.412462,1.245976,2.207348,0.622999,-0.011142,0.165577,-0.764416
1640841530638020096,-2.412487,1.245840,2.206846,0.622926,-0.011175,0.165541,-0.764483
1640841530638550016,-2.412512,1.245699,2.206325,0.622850,-0.011210,0.165505,-0.764552
1640841530640760064,-2.412609,1.245104,2.204148,0.622532,-0.011354,0.165352,-0.764842
1640841530641409792,-2.412635,1.244927,2.203508,0.622438,-0.011396,0.165307,-0.764927
1640841530645720064,-2.412785,1.243731,2.199257,0.621809,-0.011683,0.165016,-0.765498
1640841530646400000,-2.412805,1.243539,2.198585,0.621708,-0.011729,0.164971,-0.765588
1640841530651089920,-2.412911,1.242189,2.193949,0.621010,-0.012059,0.164645,-0.766220
1640841530652590080,-2.412934,1.241748,2.192465,0.620790,-0.012161,0.164505,-0.766427
1640841530655709952,-2.412965,1.240816,2.189374,0.620346,-0.012369,0.164156,-0.766858
1640841530656420096,-2.412969,1.240602,2.188670,0.620248,-0.012418,0.164073,-0.766954
1640841530660729856,-2.412967,1.239276,2.184392,0.619673,-0.012757,0.163619,-0.767510
1640841530661419776,-2.412963,1.239061,2.183707,0.619584,-0.012817,0.163556,-0.767594
1640841530670879744,-2.412792,1.236010,2.174291,0.618410,-0.013626,0.162752,-0.768697
1640841530671929856,-2.412760,1.235660,2.173244,0.618281,-0.013702,0.162653,-0.768820
1640841530672709888,-2.412735,1.235399,2.172465,0.618186,-0.013756,0.162577,-0.768912
1640841530673149952,-2.412720,1.235251,2.172026,0.618132,-0.013786,0.162534,-0.768964
1640841530675699968,-2.412624,1.234387,2.169480,0.617822,-0.013955,0.162275,-0.769265
1640841530676460032,-2.412593,1.234127,2.168721,0.617730,-0.014004,0.162195,-0.769354
1640841530680719872,-2.412392,1.232649,2.164461,0.617227,-0.014285,0.161733,-0.769850
1640841530681619968,-2.412345,1.232332,2.163560,0.617124,-0.014347,0.161633,-0.769953
1640841530685890048,-2.412092,1.230807,2.159282,0.616646,-0.014653,0.161157,-0.770430
1640841530686459904,-2.412055,1.230601,2.158710,0.616583,-0.014693,0.161095,-0.770492
1640841530690799872,-2.411750,1.229011,2.154354,0.616114,-0.014975,0.160638,-0.770957
1640841530691399936,-2.411704,1.228788,2.153752,0.616050,-0.015008,0.160579,-0.771020
1640841530695770112,-2.411346,1.227145,2.149358,0.615587,-0.015199,0.160182,-0.771468
1640841530696499712,-2.411282,1.226867,2.148624,0.615511,-0.015225,0.160119,-0.771542
1640841530702989824,-2.410658,1.224351,2.142086,0.614848,-0.015481,0.159488,-0.772195
1640841530703759872,-2.410578,1.224047,2.141309,0.614772,-0.015520,0.159399,-0.772273
1640841530706439936,-2.410287,1.222981,2.138604,0.614514,-0.015663,0.159068,-0.772544
1640841530706949888,-2.410230,1.222777,2.138089,0.614466,-0.015690,0.159002,-0.772596
1640841530710799872,-2.409779,1.221218,2.134199,0.614111,-0.015877,0.158480,-0.772981
1640841530711399936,-2.409706,1.220973,2.133592,0.614058,-0.015903,0.158396,-0.773040
1640841530715879936,-2.409133,1.219120,2.129059,0.613672,-0.016075,0.157755,-0.773474
1640841530717299968,-2.408941,1.218525,2.127620,0.613555,-0.016127,0.157549,-0.773608
1640841530720829952,-2.408445,1.217029,2.124042,0.613276,-0.016262,0.157038,-0.773930
1640841530721449728,-2.408355,1.216764,2.123413,0.613228,-0.016286,0.156949,-0.773985
1640841530725699840,-2.407715,1.214929,2.119099,0.612916,-0.016465,0.156332,-0.774354
1640841530726439936,-2.407599,1.214606,2.118347,0.612863,-0.016498,0.156223,-0.774416
1640841530730710016,-2.406907,1.212723,2.114006,0.612572,-0.016691,0.155579,-0.774772
1640841530732139776,-2.406666,1.212086,2.112551,0.612478,-0.016758,0.155357,-0.774889
1640841530736339712,-2.405931,1.210191,2.108275,0.612217,-0.016969,0.154691,-0.775224
1640841530737700096,-2.405685,1.209571,2.106888,0.612137,-0.017043,0.154472,-0.775329
1640841530740699904,-2.405127,1.208192,2.103829,0.611970,-0.017221,0.153988,-0.775554
1640841530741390080,-2.404995,1.207872,2.103125,0.611934,-0.017265,0.153877,-0.775603
1640841530745760000,-2.404139,1.205830,2.098664,0.611720,-0.017550,0.153180,-0.775903
1640841530746709760,-2.403947,1.205381,2.097693,0.611678,-0.017612,0.153032,-0.775964
1640841530750870016,-2.403083,1.203399,2.093440,0.611513,-0.017873,0.152401,-0.776213
1640841530752079872,-2.402825,1.202817,2.092202,0.611471,-0.017942,0.152225,-0.776278
1640841530755759872,-2.402019,1.201032,2.088434,0.611360,-0.018138,0.151701,-0.776464
1640841530756439808,-2.401866,1.200699,2.087738,0.611342,-0.018173,0.151602,-0.776497
1640841530760879872,-2.400847,1.198509,2.083187,0.611235,-0.018416,0.150909,-0.776710
1640841530762230016,-2.400528,1.197837,2.081802,0.611205,-0.018496,0.150679,-0.776776
1640841530765779968,-2.399671,1.196054,2.078158,0.611132,-0.018701,0.150044,-0.776952
1640841530766700032,-2.399444,1.195588,2.077213,0.611113,-0.018751,0.149875,-0.776998
1640841530770860032,-2.398396,1.193466,2.072938,0.611029,-0.018945,0.149109,-0.777207
1640841530771509760,-2.398228,1.193132,2.072269,0.611017,-0.018971,0.148989,-0.777239
1640841530775699968,-2.397128,1.190962,2.067958,0.610946,-0.019113,0.148206,-0.777441
1640841530778289920,-2.396429,1.189606,2.065291,0.610917,-0.019189,0.147707,-0.777557
1640841530780709888,-2.395762,1.188330,2.062798,0.610905,-0.019256,0.147225,-0.777656
1640841530781400064,-2.395570,1.187964,2.062087,0.610904,-0.019276,0.147085,-0.777683
1640841530785779968,-2.394324,1.185625,2.057569,0.610912,-0.019407,0.146174,-0.777845
1640841530786419968,-2.394139,1.185281,2.056909,0.610914,-0.019428,0.146039,-0.777869
1640841530790700032,-2.392876,1.182962,2.052489,0.610919,-0.019588,0.145125,-0.778031
1640841530791429888,-2.392656,1.182563,2.051735,0.610919,-0.019619,0.144968,-0.778060
1640841530795879936,-2.391294,1.180117,2.047135,0.610928,-0.019822,0.144006,-0.778227
1640841530796659968,-2.391051,1.179685,2.046328,0.610932,-0.019860,0.143837,-0.778253
1640841530801240064,-2.389597,1.177131,2.041588,0.610992,-0.020083,0.142838,-0.778385
1640841530802320128,-2.389248,1.176524,2.040469,0.611015,-0.020137,0.142601,-0.778409
1640841530805929984,-2.388062,1.174482,2.036729,0.611105,-0.020320,0.141803,-0.778479
1640841530806629888,-2.387829,1.174084,2.036003,0.611125,-0.020357,0.141648,-0.778491
1640841530811079936,-2.386323,1.171536,2.031387,0.611250,-0.020601,0.140646,-0.778568
1640841530812549888,-2.385816,1.170688,2.029861,0.611292,-0.020685,0.140310,-0.778593
1640841530815709952,-2.384712,1.168854,2.026579,0.611389,-0.020867,0.139578,-0.778644
1640841530816480000,-2.384439,1.168405,2.025779,0.611414,-0.020911,0.139398,-0.778655
1640841530820699904,-2.382925,1.165929,2.021392,0.611577,-0.021143,0.138395,-0.778700
1640841530821479936,-2.382641,1.165468,2.020581,0.611611,-0.021184,0.138208,-0.778705
1640841530826210048,-2.380893,1.162658,2.015658,0.611838,-0.021423,0.137076,-0.778721
1640841530827689984,-2.380336,1.161772,2.014116,0.611914,-0.021495,0.136727,-0.778720
1640841530831519744,-2.378875,1.159466,2.010125,0.612121,-0.021673,0.135845,-0.778707
1640841530832019968,-2.378682,1.159163,2.009603,0.612148,-0.021696,0.135731,-0.778705
1640841530836419840,-2.376961,1.156486,2.005014,0.612402,-0.021888,0.134717,-0.778676
1640841530836930048,-2.376759,1.156174,2.004481,0.612433,-0.021910,0.134595,-0.778672
1640841530840790016,-2.375214,1.153801,2.000450,0.612677,-0.022064,0.133617,-0.778644
1640841530841689856,-2.374850,1.153245,1.999510,0.612737,-0.022098,0.133370,-0.778639
1640841530845769984,-2.373176,1.150711,1.995245,0.613021,-0.022241,0.132159,-0.778617
1640841530846530048,-2.372861,1.150236,1.994450,0.613075,-0.022266,0.131926,-0.778613
1640841530850779904,-2.371076,1.147569,1.990002,0.613369,-0.022386,0.130665,-0.778591
1640841530851909888,-2.370596,1.146856,1.988818,0.613445,-0.022415,0.130344,-0.778584
1640841530855709952,-2.368961,1.144447,1.984837,0.613707,-0.022509,0.129286,-0.778552
1640841530856559872,-2.368592,1.143905,1.983946,0.613768,-0.022531,0.129050,-0.778542
1640841530860879872,-2.366693,1.141140,1.979414,0.614103,-0.022656,0.127831,-0.778475
1640841530861639936,-2.366355,1.140651,1.978616,0.614167,-0.022681,0.127610,-0.778460
1640841530865769984,-2.364499,1.137982,1.974279,0.614534,-0.022831,0.126382,-0.778366
1640841530866530048,-2.364154,1.137489,1.973481,0.614605,-0.022861,0.126152,-0.778347
1640841530871229952,-2.361995,1.134423,1.968539,0.615045,-0.023055,0.124710,-0.778226
1640841530871749888,-2.361754,1.134082,1.967992,0.615094,-0.023078,0.124549,-0.778212
1640841530875840000,-2.359838,1.131391,1.963687,0.615486,-0.023270,0.123284,-0.778098
1640841530876799744,-2.359383,1.130756,1.962676,0.615579,-0.023320,0.122987,-0.778070
1640841530880699904,-2.357520,1.128168,1.958566,0.615967,-0.023542,0.121792,-0.777944
1640841530881459968,-2.357153,1.127661,1.957765,0.616045,-0.023589,0.121561,-0.777917
1640841530886200064,-2.354844,1.124489,1.952764,0.616548,-0.023898,0.120132,-0.777731
1640841530887169792,-2.354366,1.123837,1.951740,0.616657,-0.023962,0.119842,-0.777688
1640841530890970112,-2.352478,1.121272,1.947726,0.617103,-0.024201,0.118705,-0.777501
1640841530891609856,-2.352158,1.120838,1.947049,0.617181,-0.024239,0.118514,-0.777466
1640841530895840000,-2.350020,1.117963,1.942576,0.617722,-0.024481,0.117238,-0.777223
1640841530896629760,-2.349618,1.117424,1.941740,0.617826,-0.024526,0.116996,-0.777175
1640841530900879872,-2.347432,1.114513,1.937241,0.618385,-0.024793,0.115660,-0.776922
1640841530901419776,-2.347152,1.114142,1.936669,0.618455,-0.024831,0.115485,-0.776891
1640841530906249984,-2.344626,1.110809,1.931549,0.619081,-0.025187,0.113884,-0.776617
1640841530907300096,-2.344071,1.110081,1.930435,0.619218,-0.025263,0.113532,-0.776557
1640841530910699776,-2.342262,1.107719,1.926827,0.619669,-0.025480,0.112400,-0.776355
1640841530911449856,-2.341860,1.107196,1.926030,0.619771,-0.025522,0.112152,-0.776308
1640841530915809792,-2.339506,1.104147,1.921398,0.620376,-0.025736,0.110706,-0.776026
1640841530916519936,-2.339119,1.103649,1.920643,0.620477,-0.025767,0.110468,-0.775978
1640841530920770048,-2.336788,1.100658,1.916123,0.621094,-0.025951,0.109012,-0.775684
1640841530921550080,-2.336357,1.100108,1.915292,0.621209,-0.025985,0.108739,-0.775629
1640841530925720064,-2.334036,1.097155,1.910852,0.621829,-0.026172,0.107251,-0.775333
1640841530926449920,-2.333626,1.096636,1.910074,0.621937,-0.026206,0.106987,-0.775282
1640841530930759936,-2.331192,1.093566,1.905479,0.622564,-0.026421,0.105417,-0.774986
1640841530932169984,-2.330389,1.092559,1.903974,0.622765,-0.026496,0.104900,-0.774892
1640841530938050048,-2.327006,1.088340,1.897696,0.623620,-0.026831,0.102728,-0.774483
1640841530938579968,-2.326698,1.087958,1.897130,0.623701,-0.026863,0.102530,-0.774444
1640841530941540096,-2.324972,1.085823,1.893965,0.624164,-0.027041,0.101424,-0.774210
1640841530942109696,-2.324638,1.085411,1.893356,0.624255,-0.027076,0.101211,-0.774163
1640841530945689856,-2.322529,1.082818,1.889526,0.624840,-0.027310,0.099863,-0.773858
1640841530946480128,-2.322061,1.082245,1.888680,0.624971,-0.027365,0.099565,-0.773789
1640841530950820096,-2.319473,1.079087,1.884032,0.625688,-0.027697,0.097921,-0.773408
1640841530951500032,-2.319065,1.078591,1.883303,0.625800,-0.027753,0.097663,-0.773347
1640841530955869952,-2.316426,1.075397,1.878617,0.626526,-0.028123,0.095989,-0.772956
1640841530958419968,-2.314873,1.073527,1.875881,0.626960,-0.028335,0.094996,-0.772719
1640841530960729856,-2.313458,1.071829,1.873401,0.627362,-0.028517,0.094084,-0.772497
1640841530961449984,-2.313015,1.071299,1.872627,0.627490,-0.028571,0.093797,-0.772426
1640841530965779968,-2.310337,1.068106,1.867974,0.628267,-0.028881,0.092066,-0.771991
1640841530968129792,-2.308872,1.066369,1.865447,0.628694,-0.029038,0.091127,-0.771749
1640841530971909888,-2.306499,1.063567,1.861379,0.629380,-0.029279,0.089632,-0.771355
1640841530972460032,-2.306152,1.063159,1.860786,0.629480,-0.029313,0.089416,-0.771298
1640841530975699968,-2.304101,1.060750,1.857297,0.630069,-0.029509,0.088132,-0.770957
1640841530977380096,-2.303031,1.059499,1.855486,0.630377,-0.029607,0.087452,-0.770780
1640841530980679936,-2.300918,1.057037,1.851927,0.630988,-0.029791,0.086071,-0.770427
1640841530981459968,-2.300417,1.056455,1.851086,0.631134,-0.029832,0.085737,-0.770344
1640841530985779968,-2.297624,1.053222,1.846423,0.631949,-0.030048,0.083845,-0.769875
1640841530986869760,-2.296916,1.052405,1.845246,0.632156,-0.030097,0.083361,-0.769756
1640841530991069952,-2.294171,1.049252,1.840707,0.632956,-0.030269,0.081489,-0.769292
1640841530991639808,-2.293797,1.048823,1.840091,0.633065,-0.030290,0.081236,-0.769228
1640841530995749888,-2.291086,1.045729,1.835644,0.633855,-0.030445,0.079412,-0.768762
1640841530996460032,-2.290615,1.045194,1.834876,0.633993,-0.030475,0.079098,-0.768679
1640841531004359936,-2.285336,1.039225,1.826317,0.635551,-0.030882,0.075628,-0.767725
1640841531005080064,-2.284850,1.038680,1.825536,0.635695,-0.030922,0.075310,-0.767636
1640841531005719808,-2.284419,1.038195,1.824842,0.635822,-0.030956,0.075027,-0.767556
1640841531006469888,-2.283912,1.037627,1.824029,0.635972,-0.030996,0.074694,-0.767463
1640841531010769920,-2.280995,1.034366,1.819362,0.636828,-0.031191,0.072757,-0.766931
1640841531011449856,-2.280531,1.033850,1.818624,0.636963,-0.031215,0.072445,-0.766848
1640841531015699968,-2.277622,1.030620,1.814006,0.637806,-0.031353,0.070482,-0.766324
1640841531016630016,-2.276982,1.029913,1.812995,0.637992,-0.031383,0.070051,-0.766208
1640841531021270016,-2.273776,1.026379,1.807948,0.638927,-0.031570,0.067917,-0.765613
1640841531021999872,-2.273270,1.025823,1.807153,0.639075,-0.031605,0.067585,-0.765517
1640841531025719808,-2.270678,1.022986,1.803103,0.639839,-0.031799,0.065907,-0.765017
1640841531026520064,-2.270118,1.022376,1.802231,0.640005,-0.031842,0.065550,-0.764907
1640841531030779904,-2.267127,1.019123,1.797587,0.640893,-0.032068,0.063666,-0.764313
1640841531031440128,-2.266661,1.018618,1.796867,0.641031,-0.032102,0.063376,-0.764220
1640841531036049920,-2.263398,1.015093,1.791837,0.641996,-0.032327,0.061342,-0.763566
1640841531037969920,-2.262031,1.013624,1.789740,0.642396,-0.032419,0.060476,-0.763295
1640841531043709952,-2.257923,1.009230,1.783466,0.643571,-0.032694,0.057781,-0.762502
1640841531044209920,-2.257563,1.008847,1.782920,0.643672,-0.032718,0.057542,-0.762434
1640841531045760000,-2.256447,1.007659,1.781224,0.643986,-0.032789,0.056801,-0.762221
1640841531051179776,-2.252523,1.003506,1.775290,0.645090,-0.033015,0.054258,-0.761463
1640841531052049920,-2.251891,1.002839,1.774337,0.645268,-0.033047,0.053862,-0.761338
1640841531052460032,-2.251592,1.002525,1.773888,0.645353,-0.033062,0.053676,-0.761279
1640841531058749952,-2.246992,0.997702,1.766990,0.646647,-0.033271,0.050839,-0.760366
1640841531059340032,-2.246558,0.997250,1.766343,0.646768,-0.033290,0.050570,-0.760280
1640841531060819968,-2.245469,0.996115,1.764718,0.647070,-0.033337,0.049887,-0.760066
1640841531062000128,-2.244599,0.995210,1.763423,0.647310,-0.033375,0.049335,-0.759896
1640841531065889792,-2.241722,0.992227,1.759149,0.648100,-0.033501,0.047490,-0.759335
1640841531067479808,-2.240541,0.991009,1.757401,0.648423,-0.033553,0.046729,-0.759104
1640841531071360000,-2.237650,0.988034,1.753133,0.649217,-0.033678,0.044875,-0.758531
1640841531072399872,-2.236873,0.987237,1.751989,0.649431,-0.033711,0.044381,-0.758375
1640841531075820032,-2.234309,0.984617,1.748222,0.650131,-0.033821,0.042767,-0.757864
1640841531076929792,-2.233475,0.983767,1.747000,0.650355,-0.033857,0.042248,-0.757698
1640841531080740096,-2.230602,0.980850,1.742799,0.651112,-0.033985,0.040486,-0.757139
1640841531082020096,-2.229634,0.979870,1.741387,0.651361,-0.034029,0.039902,-0.756953
1640841531085779968,-2.226782,0.976994,1.737237,0.652086,-0.034160,0.038207,-0.756411
1640841531086579968,-2.226173,0.976382,1.736354,0.652239,-0.034189,0.037850,-0.756295
1640841531090779904,-2.222969,0.973172,1.731713,0.653049,-0.034338,0.036000,-0.755680
1640841531091509760,-2.222410,0.972615,1.730906,0.653190,-0.034364,0.035681,-0.755572
1640841531095739904,-2.219165,0.969387,1.726226,0.654003,-0.034503,0.033848,-0.754947
1640841531096459776,-2.218611,0.968838,1.725429,0.654139,-0.034524,0.033537,-0.754841
1640841531100979968,-2.215123,0.965393,1.720423,0.654971,-0.034631,0.031587,-0.754199
1640841531101789952,-2.214496,0.964776,1.719525,0.655114,-0.034645,0.031237,-0.754088
1640841531105909760,-2.211299,0.961642,1.714956,0.655829,-0.034697,0.029447,-0.753536
1640841531106479872,-2.210856,0.961209,1.714323,0.655927,-0.034703,0.029198,-0.753461
1640841531110819840,-2.207471,0.957914,1.709504,0.656675,-0.034744,0.027285,-0.752878
1640841531111579904,-2.206877,0.957338,1.708660,0.656808,-0.034752,0.026947,-0.752774
1640841531115919872,-2.203475,0.954050,1.703835,0.657576,-0.034808,0.025011,-0.752168
1640841531116799744,-2.202784,0.953384,1.702856,0.657733,-0.034821,0.024620,-0.752043
1640841531120780032,-2.199649,0.950376,1.698425,0.658440,-0.034897,0.022867,-0.751476
1640841531122659840,-2.198164,0.948957,1.696331,0.658773,-0.034938,0.022047,-0.751207
1640841531125739776,-2.195725,0.946636,1.692898,0.659313,-0.035006,0.020710,-0.750768
1640841531126519808,-2.195106,0.946049,1.692028,0.659449,-0.035022,0.020372,-0.750657
1640841531130880000,-2.191640,0.942772,1.687162,0.660198,-0.035101,0.018475,-0.750044
1640841531132069888,-2.190692,0.941879,1.685833,0.660400,-0.035121,0.017956,-0.749877
1640841531135719936,-2.187776,0.939144,1.681754,0.661022,-0.035194,0.016368,-0.749362
1640841531136479744,-2.187168,0.938575,1.680905,0.661152,-0.035214,0.016039,-0.749253
1640841531140899840,-2.183624,0.935274,1.675960,0.661922,-0.035377,0.014143,-0.748604
1640841531141419776,-2.183206,0.934886,1.675378,0.662014,-0.035402,0.013923,-0.748525
1640841531145849856,-2.179639,0.931588,1.670415,0.662795,-0.035640,0.012051,-0.747855
1640841531147320064,-2.178453,0.930496,1.668767,0.663050,-0.035722,0.011430,-0.747635
1640841531150759936,-2.175671,0.927946,1.664908,0.663627,-0.035898,0.009972,-0.747135
1640841531152019968,-2.174651,0.927014,1.663494,0.663832,-0.035955,0.009435,-0.746958
1640841531156119808,-2.171323,0.923986,1.658889,0.664477,-0.036106,0.007696,-0.746396
1640841531156729856,-2.170827,0.923536,1.658203,0.664572,-0.036123,0.007439,-0.746314
1640841531160800000,-2.167513,0.920543,1.653626,0.665200,-0.036208,0.005753,-0.745765
1640841531161600000,-2.166860,0.919955,1.652726,0.665323,-0.036218,0.005428,-0.745657
1640841531165819904,-2.163412,0.916865,1.647975,0.665976,-0.036256,0.003733,-0.745082
1640841531166560000,-2.162806,0.916324,1.647141,0.666090,-0.036265,0.003437,-0.744981
1640841531170739968,-2.159379,0.913277,1.642428,0.666727,-0.036349,0.001746,-0.744413
1640841531171490048,-2.158764,0.912731,1.641582,0.666841,-0.036372,0.001438,-0.744311
1640841531175729920,-2.155277,0.909655,1.636796,0.667473,-0.036517,-0.000307,-0.743738
1640841531176549888,-2.154602,0.909062,1.635870,0.667594,-0.036546,-0.000645,-0.743628
1640841531181089792,-2.150857,0.905785,1.630739,0.668260,-0.036676,-0.002498,-0.743019
1640841531181829888,-2.150246,0.905252,1.629902,0.668368,-0.036692,-0.002797,-0.742920
1640841531185779712,-2.146979,0.902417,1.625431,0.668942,-0.036764,-0.004388,-0.742392
1640841531186869760,-2.146076,0.901636,1.624197,0.669100,-0.036782,-0.004827,-0.742246
1640841531190719744,-2.142883,0.898888,1.619834,0.669656,-0.036850,-0.006385,-0.741729
1640841531191449856,-2.142277,0.898368,1.619007,0.669762,-0.036865,-0.006682,-0.741630
1640841531195829760,-2.138636,0.895258,1.614038,0.670392,-0.036979,-0.008462,-0.741037
1640841531196480000,-2.138095,0.894798,1.613300,0.670485,-0.037001,-0.008724,-0.740949
1640841531200759808,-2.134529,0.891778,1.608438,0.671094,-0.037175,-0.010428,-0.740366
1640841531202380032,-2.133177,0.890638,1.606597,0.671323,-0.037254,-0.011061,-0.740146
1640841531205779968,-2.130338,0.888255,1.602729,0.671799,-0.037422,-0.012367,-0.739684
1640841531206459904,-2.129769,0.887780,1.601955,0.671894,-0.037454,-0.012625,-0.739592
1640841531210979840,-2.125988,0.884631,1.596808,0.672518,-0.037628,-0.014313,-0.738985
1640841531211479808,-2.125569,0.884284,1.596239,0.672586,-0.037643,-0.014497,-0.738919
1640841531215709952,-2.122024,0.881356,1.591416,0.673160,-0.037746,-0.016029,-0.738359
1640841531216589824,-2.121285,0.880749,1.590412,0.673279,-0.037768,-0.016343,-0.738243
1640841531221089792,-2.117507,0.877657,1.585276,0.673883,-0.037907,-0.017915,-0.737647
1640841531221540096,-2.117129,0.877349,1.584762,0.673943,-0.037925,-0.018070,-0.737588
1640841531226119936,-2.113278,0.874225,1.579527,0.674557,-0.038117,-0.019636,-0.736977
1640841531226719744,-2.112773,0.873817,1.578841,0.674637,-0.038142,-0.019841,-0.736896
1640841531230659840,-2.109456,0.871149,1.574333,0.675169,-0.038292,-0.021197,-0.736364
1640841531231469824,-2.108773,0.870602,1.573406,0.675278,-0.038319,-0.021480,-0.736254
1640841531236160000,-2.104820,0.867451,1.568033,0.675903,-0.038430,-0.023146,-0.735624
1640841531236689920,-2.104373,0.867096,1.567425,0.675972,-0.038438,-0.023338,-0.735554
1640841531241590016,-2.100238,0.863832,1.561805,0.676588,-0.038462,-0.025160,-0.734926
1640841531244339968,-2.097915,0.862012,1.558648,0.676920,-0.038447,-0.026204,-0.734585
1640841531245750016,-2.096724,0.861082,1.557029,0.677089,-0.038437,-0.026739,-0.734410
1640841531246449920,-2.096133,0.860621,1.556224,0.677174,-0.038432,-0.027003,-0.734322
1640841531250789888,-2.092464,0.857775,1.551236,0.677710,-0.038420,-0.028603,-0.733768
1640841531251539968,-2.091830,0.857286,1.550373,0.677805,-0.038422,-0.028873,-0.733670
1640841531255729920,-2.088287,0.854563,1.545551,0.678340,-0.038448,-0.030355,-0.733113
1640841531256499968,-2.087635,0.854064,1.544664,0.678439,-0.038456,-0.030624,-0.733011
1640841531261209856,-2.083650,0.851032,1.539237,0.679034,-0.038514,-0.032268,-0.732386
1640841531261920000,-2.083049,0.850577,1.538419,0.679122,-0.038524,-0.032516,-0.732293
1640841531265709824,-2.079841,0.848160,1.534047,0.679583,-0.038576,-0.033840,-0.731801
1640841531266599936,-2.079087,0.847594,1.533020,0.679690,-0.038588,-0.034151,-0.731687
1640841531270880000,-2.075464,0.844890,1.528078,0.680194,-0.038628,-0.035637,-0.731146
1640841531271759872,-2.074719,0.844337,1.527061,0.680296,-0.038633,-0.035941,-0.731036
1640841531275960064,-2.071162,0.841709,1.522205,0.680783,-0.038649,-0.037387,-0.730508
1640841531276679936,-2.070553,0.841261,1.521372,0.680868,-0.038652,-0.037635,-0.730417
1640841531280779776,-2.067082,0.838722,1.516627,0.681361,-0.038675,-0.039052,-0.729881
1640841531281469696,-2.066498,0.838296,1.515828,0.681446,-0.038680,-0.039292,-0.729789
1640841531285819904,-2.062815,0.835629,1.510788,0.681984,-0.038714,-0.040810,-0.729201
1640841531287159808,-2.061681,0.834812,1.509234,0.682148,-0.038721,-0.041280,-0.729021
1640841531290959872,-2.058465,0.832509,1.504826,0.682598,-0.038725,-0.042618,-0.728522
1640841531292130048,-2.057475,0.831804,1.503468,0.682732,-0.038720,-0.043031,-0.728373
1640841531295899904,-2.054286,0.829544,1.499090,0.683153,-0.038696,-0.044357,-0.727899
1640841531296669952,-2.053635,0.829085,1.498195,0.683238,-0.038691,-0.044627,-0.727803
1640841531300719872,-2.050211,0.826682,1.493486,0.683685,-0.038665,-0.046029,-0.727297
1640841531301499904,-2.049552,0.826222,1.492579,0.683772,-0.038662,-0.046296,-0.727198
1640841531306479872,-2.045344,0.823303,1.486782,0.684333,-0.038658,-0.047983,-0.726562
1640841531308059904,-2.044010,0.822384,1.484942,0.684513,-0.038664,-0.048513,-0.726357
1640841531311269888,-2.041300,0.820528,1.481200,0.684881,-0.038687,-0.049590,-0.725935
1640841531312450048,-2.040305,0.819850,1.479825,0.685017,-0.038699,-0.049984,-0.725779
1640841531315789824,-2.037487,0.817939,1.475928,0.685403,-0.038733,-0.051088,-0.725337
1640841531316499968,-2.036889,0.817535,1.475099,0.685484,-0.038740,-0.051318,-0.725243
1640841531320869888,-2.033206,0.815063,1.469995,0.685981,-0.038763,-0.052696,-0.724673
1640841531321619968,-2.032574,0.814642,1.469118,0.686065,-0.038764,-0.052926,-0.724576
1640841531325819904,-2.029039,0.812297,1.464207,0.686533,-0.038761,-0.054200,-0.724039
1640841531327509760,-2.027617,0.811360,1.462230,0.686719,-0.038759,-0.054715,-0.723823
1640841531330790144,-2.024860,0.809554,1.458390,0.687080,-0.038763,-0.055738,-0.723403
1640841531331439872,-2.024314,0.809198,1.457628,0.687151,-0.038765,-0.055945,-0.723319
1640841531335799808,-2.020653,0.806826,1.452518,0.687627,-0.038777,-0.057347,-0.722756
1640841531336529920,-2.020040,0.806432,1.451662,0.687707,-0.038777,-0.057582,-0.722662
1640841531340790016,-2.016469,0.804146,1.446663,0.688171,-0.038760,-0.058919,-0.722113
1640841531341479936,-2.015891,0.803778,1.445853,0.688246,-0.038754,-0.059131,-0.722024
1640841531346169856,-2.011965,0.801297,1.440343,0.688752,-0.038683,-0.060550,-0.721427
1640841531347499776,-2.010853,0.800600,1.438779,0.688894,-0.038656,-0.060952,-0.721259
1640841531350699776,-2.008179,0.798932,1.435015,0.689231,-0.038576,-0.061928,-0.720859
1640841531351449856,-2.007553,0.798544,1.434132,0.689309,-0.038556,-0.062160,-0.720765
1640841531355699968,-2.004007,0.796358,1.429127,0.689746,-0.038441,-0.063480,-0.720238
1640841531356509952,-2.003332,0.795945,1.428172,0.689829,-0.038423,-0.063729,-0.720138
1640841531360739840,-1.999810,0.793802,1.423185,0.690265,-0.038371,-0.064994,-0.719609
1640841531361489920,-1.999186,0.793424,1.422300,0.690343,-0.038370,-0.065210,-0.719515
1640841531365789952,-1.995613,0.791279,1.417224,0.690798,-0.038393,-0.066395,-0.718969
1640841531366659840,-1.994891,0.790849,1.416196,0.690891,-0.038401,-0.066623,-0.718857
1640841531370990080,-1.991302,0.788723,1.411078,0.691365,-0.038431,-0.067696,-0.718300
1640841531371980032,-1.990482,0.788241,1.409907,0.691475,-0.038434,-0.067929,-0.718172
1640841531375830016,-1.987298,0.786382,1.405351,0.691905,-0.038439,-0.068817,-0.717673
1640841531376549888,-1.986703,0.786037,1.404498,0.691985,-0.038439,-0.068982,-0.717580
1640841531382700032,-1.981630,0.783122,1.397210,0.692660,-0.038435,-0.070441,-0.716786
1640841531383409920,-1.981046,0.782789,1.396368,0.692737,-0.038435,-0.070615,-0.716695
1640841531386459904,-1.978537,0.781369,1.392750,0.693065,-0.038434,-0.071362,-0.716304
1640841531389259776,-1.976238,0.780078,1.389425,0.693366,-0.038433,-0.072040,-0.715945
1640841531390669824,-1.975081,0.779433,1.387750,0.693517,-0.038433,-0.072375,-0.715764
1640841531391449856,-1.974442,0.779078,1.386823,0.693602,-0.038433,-0.072558,-0.715664
1640841531395779840,-1.970897,0.777122,1.381675,0.694075,-0.038432,-0.073521,-0.715107
1640841531396489984,-1.970317,0.776804,1.380830,0.694153,-0.038432,-0.073669,-0.715015
1640841531403429888,-1.964657,0.773740,1.372567,0.694938,-0.038398,-0.075009,-0.714115
1640841531404259840,-1.963982,0.773378,1.371578,0.695032,-0.038384,-0.075170,-0.714008
1640841531405839872,-1.962697,0.772694,1.369694,0.695210,-0.038348,-0.075484,-0.713803
1640841531407179776,-1.961609,0.772116,1.368096,0.695361,-0.038312,-0.075757,-0.713629
1640841531410719744,-1.958739,0.770605,1.363873,0.695757,-0.038217,-0.076491,-0.713170
1640841531411449856,-1.958147,0.770296,1.363001,0.695838,-0.038197,-0.076644,-0.713075
1640841531415809792,-1.954623,0.768468,1.357794,0.696323,-0.038073,-0.077562,-0.712509
1640841531417029888,-1.953639,0.767962,1.356336,0.696459,-0.038032,-0.077818,-0.712350
1640841531420859904,-1.950554,0.766390,1.351757,0.696890,-0.037873,-0.078618,-0.711849
1640841531421519872,-1.950023,0.766121,1.350967,0.696965,-0.037840,-0.078755,-0.711762
1640841531425689856,-1.946676,0.764442,1.345976,0.697447,-0.037611,-0.079606,-0.711208
1640841531426560000,-1.945979,0.764095,1.344934,0.697549,-0.037563,-0.079781,-0.711090
1640841531430799872,-1.942589,0.762423,1.339855,0.698060,-0.037354,-0.080618,-0.710506
1640841531431559936,-1.941982,0.762126,1.338944,0.698153,-0.037322,-0.080765,-0.710399
1640841531435940096,-1.938494,0.760436,1.333691,0.698695,-0.037161,-0.081593,-0.709780
1640841531438560000,-1.936413,0.759440,1.330547,0.699017,-0.037071,-0.082070,-0.709412
1640841531440729856,-1.934692,0.758623,1.327942,0.699279,-0.036992,-0.082455,-0.709113
1640841531441939712,-1.933735,0.758172,1.326489,0.699424,-0.036945,-0.082665,-0.708949
1640841531445679872,-1.930780,0.756791,1.321996,0.699864,-0.036781,-0.083302,-0.708448
1640841531446689792,-1.929983,0.756422,1.320782,0.699982,-0.036731,-0.083472,-0.708314
1640841531451000064,-1.926593,0.754868,1.315600,0.700490,-0.036483,-0.084197,-0.707738
1640841531452729856,-1.925235,0.754252,1.313519,0.700696,-0.036370,-0.084488,-0.707506
1640841531455729920,-1.922887,0.753197,1.309909,0.701053,-0.036159,-0.084993,-0.707103
1640841531456499712,-1.922285,0.752929,1.308982,0.701144,-0.036103,-0.085122,-0.706999
1640841531460739840,-1.918978,0.751469,1.303876,0.701644,-0.035789,-0.085833,-0.706433
1640841531461509888,-1.918379,0.751208,1.302949,0.701735,-0.035731,-0.085961,-0.706330
1640841531466409984,-1.914576,0.749565,1.297044,0.702309,-0.035356,-0.086766,-0.705680
1640841531467680000,-1.913594,0.749146,1.295513,0.702459,-0.035256,-0.086970,-0.705511
1640841531470909952,-1.911100,0.748092,1.291618,0.702843,-0.034992,-0.087477,-0.705078
1640841531471500032,-1.910645,0.747901,1.290907,0.702914,-0.034943,-0.087567,-0.704998
1640841531475729920,-1.907393,0.746552,1.285803,0.703427,-0.034582,-0.088198,-0.704425
1640841531476569856,-1.906748,0.746288,1.284790,0.703529,-0.034510,-0.088321,-0.704312
1640841531480779776,-1.903528,0.744981,1.279708,0.704039,-0.034167,-0.088922,-0.703744
1640841531481519872,-1.902963,0.744754,1.278815,0.704127,-0.034109,-0.089026,-0.703645
1640841531485760000,-1.899736,0.743473,1.273694,0.704636,-0.033773,-0.089617,-0.703077
1640841531486879744,-1.898886,0.743140,1.272342,0.704770,-0.033680,-0.089771,-0.702926
1640841531491659776,-1.895269,0.741741,1.266567,0.705354,-0.033237,-0.090431,-0.702277
1640841531492249856,-1.894823,0.741571,1.265854,0.705427,-0.033176,-0.090511,-0.702196
1640841531496160000,-1.891880,0.740459,1.261128,0.705915,-0.032763,-0.091028,-0.701659
1640841531497759744,-1.890680,0.740012,1.259195,0.706115,-0.032593,-0.091225,-0.701439
1640841531500960000,-1.888284,0.739129,1.255326,0.706516,-0.032263,-0.091585,-0.701004
1640841531502699776,-1.886986,0.738657,1.253223,0.706734,-0.032090,-0.091763,-0.700768
1640841531505729792,-1.884730,0.737846,1.249559,0.707117,-0.031791,-0.092049,-0.700358
1640841531506559744,-1.884114,0.737626,1.248555,0.707223,-0.031709,-0.092124,-0.700246
1640841531510789888,-1.880981,0.736526,1.243440,0.707769,-0.031285,-0.092482,-0.699665
1640841531514119936,-1.878525,0.735680,1.239413,0.708207,-0.030932,-0.092751,-0.699202
1640841531515689728,-1.877371,0.735288,1.237514,0.708414,-0.030757,-0.092875,-0.698983
1640841531516519936,-1.876761,0.735082,1.236510,0.708524,-0.030662,-0.092940,-0.698868
1640841531520709888,-1.873694,0.734061,1.231442,0.709072,-0.030144,-0.093269,-0.698290
1640841531522809856,-1.872162,0.733560,1.228903,0.709344,-0.029862,-0.093434,-0.698004
1640841531525719808,-1.870046,0.732877,1.225383,0.709717,-0.029450,-0.093659,-0.697612
1640841531528120064,-1.868307,0.732325,1.222481,0.710025,-0.029096,-0.093837,-0.697289
1640841531530759936,-1.866399,0.731728,1.219288,0.710364,-0.028697,-0.094023,-0.696935
1640841531532470016,-1.865167,0.731347,1.217220,0.710585,-0.028434,-0.094138,-0.696706
1640841531535719936,-1.862833,0.730637,1.213291,0.711005,-0.027924,-0.094341,-0.696270
1640841531536559872,-1.862231,0.730456,1.212275,0.711114,-0.027790,-0.094391,-0.696157
1640841531540740096,-1.859246,0.729573,1.207222,0.711657,-0.027108,-0.094623,-0.695597
1640841531541469696,-1.858726,0.729422,1.206340,0.711752,-0.026987,-0.094661,-0.695500
1640841531546129920,-1.855420,0.728476,1.200707,0.712355,-0.026205,-0.094878,-0.694883
1640841531547399936,-1.854522,0.728225,1.199173,0.712518,-0.025992,-0.094928,-0.694716
1640841531550720000,-1.852183,0.727578,1.195161,0.712942,-0.025440,-0.095041,-0.694286
1640841531551460096,-1.851663,0.727437,1.194267,0.713036,-0.025317,-0.095062,-0.694191
1640841531555749888,-1.848658,0.726632,1.189086,0.713581,-0.024608,-0.095166,-0.693642
1640841531556509952,-1.848128,0.726493,1.188168,0.713678,-0.024482,-0.095182,-0.693545
1640841531560859904,-1.845102,0.725712,1.182916,0.714238,-0.023743,-0.095261,-0.692983
1640841531561879808,-1.844395,0.725533,1.181685,0.714371,-0.023566,-0.095276,-0.692850
1640841531566880000,-1.840943,0.724679,1.175652,0.715023,-0.022677,-0.095320,-0.692201
1640841531567510016,-1.840510,0.724574,1.174892,0.715105,-0.022563,-0.095320,-0.692120
1640841531570710016,-1.838315,0.724051,1.171033,0.715518,-0.021976,-0.095298,-0.691714
1640841531571509760,-1.837768,0.723922,1.170068,0.715621,-0.021827,-0.095286,-0.691615
1640841531575699968,-1.834913,0.723265,1.165017,0.716153,-0.021046,-0.095181,-0.691102
1640841531576549888,-1.834335,0.723135,1.163993,0.716260,-0.020888,-0.095152,-0.691001
1640841531580859904,-1.831419,0.722492,1.158801,0.716794,-0.020088,-0.094958,-0.690497
1640841531583909888,-1.829366,0.722053,1.155129,0.717166,-0.019519,-0.094788,-0.690150
1640841531585669888,-1.828185,0.721807,1.153010,0.717380,-0.019183,-0.094685,-0.689952
1640841531586520064,-1.827616,0.721689,1.151987,0.717483,-0.019018,-0.094634,-0.689856
1640841531590679808,-1.824841,0.721129,1.146983,0.717989,-0.018175,-0.094395,-0.689385
1640841531591529728,-1.824276,0.721017,1.145961,0.718092,-0.017995,-0.094348,-0.689288
1640841531596179968,-1.821197,0.720426,1.140372,0.718657,-0.016987,-0.094093,-0.688760
1640841531597580032,-1.820274,0.720254,1.138690,0.718825,-0.016683,-0.094012,-0.688603
1640841531601129984,-1.817942,0.719830,1.134427,0.719244,-0.015929,-0.093786,-0.688214
1640841531601649920,-1.817602,0.719769,1.133803,0.719304,-0.015821,-0.093749,-0.688158
1640841531605809920,-1.814887,0.719298,1.128811,0.719788,-0.014976,-0.093412,-0.687718
1640841531606530048,-1.814419,0.719219,1.127948,0.719872,-0.014831,-0.093344,-0.687642
1640841531610810112,-1.811647,0.718762,1.122817,0.720380,-0.013978,-0.092865,-0.687193
1640841531611500032,-1.811201,0.718691,1.121990,0.720463,-0.013841,-0.092775,-0.687120
1640841531616209920,-1.808174,0.718222,1.116349,0.721042,-0.012901,-0.092094,-0.686623
1640841531617260032,-1.807502,0.718122,1.115093,0.721172,-0.012692,-0.091932,-0.686512
1640841531620809984,-1.805238,0.717793,1.110846,0.721606,-0.011990,-0.091379,-0.686142
1640841531621520128,-1.804787,0.717729,1.109997,0.721692,-0.011850,-0.091268,-0.686069
1640841531625789952,-1.802084,0.717359,1.104894,0.722203,-0.011002,-0.090602,-0.685633
1640841531626599936,-1.801573,0.717291,1.103927,0.722299,-0.010838,-0.090473,-0.685551
1640841531630739968,-1.798972,0.716959,1.098985,0.722790,-0.009980,-0.089798,-0.685136
1640841531631599872,-1.798433,0.716893,1.097959,0.722891,-0.009796,-0.089653,-0.685051
1640841531635809792,-1.795809,0.716581,1.092940,0.723387,-0.008857,-0.088921,-0.684636
1640841531636600064,-1.795318,0.716525,1.091999,0.723479,-0.008674,-0.088780,-0.684559
1640841531640780032,-1.792733,0.716242,1.087022,0.723965,-0.007659,-0.088014,-0.684157
1640841531642069760,-1.791939,0.716159,1.085487,0.724113,-0.007330,-0.087772,-0.684034
1640841531645779968,-1.789663,0.715930,1.081075,0.724537,-0.006358,-0.087057,-0.683686
1640841531646589952,-1.789168,0.715883,1.080113,0.724630,-0.006145,-0.086897,-0.683610
1640841531651180032,-1.786375,0.715627,1.074662,0.725161,-0.004970,-0.085956,-0.683175
1640841531652039936,-1.785854,0.715582,1.073642,0.725262,-0.004758,-0.085773,-0.683093
1640841531655709952,-1.783638,0.715398,1.069290,0.725695,-0.003876,-0.084971,-0.682738
1640841531656590080,-1.783109,0.715357,1.068247,0.725800,-0.003670,-0.084773,-0.682652
1640841531660739840,-1.780623,0.715172,1.063334,0.726295,-0.002719,-0.083814,-0.682248
1640841531661479936,-1.780182,0.715141,1.062458,0.726384,-0.002553,-0.083638,-0.682176
1640841531665769728,-1.777634,0.714973,1.057387,0.726900,-0.001593,-0.082594,-0.681756
1640841531666649856,-1.777113,0.714941,1.056347,0.727007,-0.001395,-0.082375,-0.681670
1640841531670699776,-1.774728,0.714804,1.051567,0.727502,-0.000463,-0.081350,-0.681265
1640841531671510016,-1.774252,0.714779,1.050612,0.727603,-0.000270,-0.081142,-0.681183
1640841531675940096,-1.771665,0.714652,1.045392,0.728159,0.000832,-0.079987,-0.680724
1640841531676559872,-1.771304,0.714636,1.044662,0.728238,0.000991,-0.079823,-0.680659
1640841531680780032,-1.768860,0.714537,1.039698,0.728769,0.002030,-0.078671,-0.680222
1640841531682019840,-1.768146,0.714511,1.038241,0.728924,0.002319,-0.078322,-0.680096
1640841531685730048,-1.766016,0.714443,1.033886,0.729384,0.003167,-0.077254,-0.679721
1640841531686669824,-1.765479,0.714428,1.032783,0.729501,0.003382,-0.076980,-0.679626
1640841531691099904,-1.762959,0.714367,1.027592,0.730057,0.004435,-0.075679,-0.679168
1640841531693080064,-1.761838,0.714346,1.025275,0.730311,0.004933,-0.075093,-0.678957
1640841531695680000,-1.760374,0.714324,1.022235,0.730645,0.005604,-0.074314,-0.678678
1640841531696549888,-1.759885,0.714318,1.021218,0.730757,0.005831,-0.074050,-0.678584
1640841531700859904,-1.757475,0.714297,1.016187,0.731310,0.006950,-0.072699,-0.678124
1640841531701579776,-1.757075,0.714295,1.015348,0.731402,0.007135,-0.072466,-0.678048
1640841531705949952,-1.754654,0.714293,1.010258,0.731954,0.008244,-0.071033,-0.677591
1640841531707269888,-1.753927,0.714295,1.008723,0.732120,0.008578,-0.070604,-0.677452
1640841531710909952,-1.751930,0.714309,1.004494,0.732577,0.009509,-0.069450,-0.677065
1640841531711539968,-1.751586,0.714313,1.003762,0.732657,0.009671,-0.069255,-0.676997
1640841531715780096,-1.749280,0.714344,0.998845,0.733189,0.010774,-0.067955,-0.676536
1640841531716569856,-1.748852,0.714352,0.997931,0.733288,0.010982,-0.067713,-0.676449
1640841531720800000,-1.746573,0.714400,0.993037,0.733817,0.012098,-0.066395,-0.675987
1640841531721740032,-1.746069,0.714412,0.991951,0.733934,0.012346,-0.066096,-0.675884
1640841531725769984,-1.743919,0.714472,0.987301,0.734438,0.013405,-0.064792,-0.675442
1640841531726739968,-1.743404,0.714488,0.986183,0.734560,0.013656,-0.064474,-0.675335
1640841531730949888,-1.741180,0.714566,0.981337,0.735094,0.014719,-0.063084,-0.674863
1640841531732029952,-1.740612,0.714587,0.980096,0.735232,0.014985,-0.062726,-0.674740
1640841531735770112,-1.738655,0.714668,0.975803,0.735712,0.015909,-0.061491,-0.674309
1640841531736589824,-1.738228,0.714687,0.974863,0.735818,0.016114,-0.061223,-0.674214
1640841531740710144,-1.736093,0.714788,0.970145,0.736345,0.017185,-0.059889,-0.673731
1640841531741580032,-1.735645,0.714811,0.969150,0.736456,0.017422,-0.059612,-0.673629
1640841531745769984,-1.733495,0.714926,0.964366,0.736990,0.018594,-0.058277,-0.673130
1640841531746609920,-1.733067,0.714950,0.963409,0.737097,0.018831,-0.058005,-0.673029
1640841531750700032,-1.730990,0.715073,0.958752,0.737632,0.019963,-0.056634,-0.672528
1640841531752399872,-1.730132,0.715127,0.956820,0.737857,0.020423,-0.056045,-0.672316
1640841531755800064,-1.728424,0.715239,0.952961,0.738309,0.021340,-0.054857,-0.671890
1640841531756569856,-1.728039,0.715265,0.952089,0.738410,0.021549,-0.054590,-0.671793
1640841531760759808,-1.725955,0.715411,0.947347,0.738953,0.022712,-0.053175,-0.671271
1640841531761499904,-1.725589,0.715438,0.946511,0.739048,0.022921,-0.052933,-0.671179
1640841531766089984,-1.723331,0.715608,0.941333,0.739622,0.024232,-0.051458,-0.670614
1640841531766819840,-1.722974,0.715636,0.940511,0.739713,0.024441,-0.051227,-0.670525
1640841531770799872,-1.721036,0.715792,0.936036,0.740203,0.025561,-0.049968,-0.670037
1640841531771549952,-1.720673,0.715822,0.935194,0.740295,0.025768,-0.049730,-0.669945
1640841531775790080,-1.718630,0.715994,0.930442,0.740816,0.026923,-0.048374,-0.669423
1640841531776529920,-1.718276,0.716025,0.929614,0.740907,0.027125,-0.048136,-0.669331
1640841531780699904,-1.716289,0.716201,0.924957,0.741419,0.028288,-0.046795,-0.668811
1640841531781699840,-1.715815,0.716244,0.923842,0.741541,0.028573,-0.046473,-0.668686
1640841531786059776,-1.713761,0.716435,0.918990,0.742074,0.029829,-0.045064,-0.668136
1640841531786979840,-1.713330,0.716475,0.917968,0.742186,0.030094,-0.044765,-0.668020
1640841531791539968,-1.711208,0.716680,0.912914,0.742740,0.031391,-0.043273,-0.667443
1640841531792229888,-1.710888,0.716711,0.912151,0.742823,0.031585,-0.043047,-0.667355
1640841531797580032,-1.708430,0.716956,0.906246,0.743466,0.033082,-0.041304,-0.666676
1640841531799729920,-1.707450,0.717056,0.903880,0.743723,0.033686,-0.040617,-0.666402
1640841531801549824,-1.706625,0.717141,0.901880,0.743939,0.034201,-0.040044,-0.666169
1640841531803160064,-1.705897,0.717216,0.900113,0.744130,0.034658,-0.039540,-0.665963
1640841531805739776,-1.704737,0.717338,0.897287,0.744435,0.035398,-0.038730,-0.665630
1640841531806510080,-1.704392,0.717374,0.896445,0.744526,0.035620,-0.038486,-0.665530
1640841531810899968,-1.702438,0.717581,0.891652,0.745049,0.036903,-0.037053,-0.664957
1640841531811529984,-1.702159,0.717611,0.890966,0.745125,0.037089,-0.036839,-0.664873
1640841531816349952,-1.700040,0.717840,0.885727,0.745710,0.038534,-0.035100,-0.664229
1640841531817260032,-1.699642,0.717883,0.884740,0.745822,0.038811,-0.034748,-0.664105
1640841531820699904,-1.698148,0.718045,0.881017,0.746240,0.039872,-0.033462,-0.663639
1640841531821509888,-1.697797,0.718084,0.880142,0.746336,0.040125,-0.033183,-0.663529
1640841531825700096,-1.695997,0.718281,0.875625,0.746821,0.041451,-0.031840,-0.662968
1640841531826629888,-1.695600,0.718324,0.874625,0.746926,0.041749,-0.031555,-0.662844
1640841531830799872,-1.693830,0.718518,0.870151,0.747398,0.043101,-0.030270,-0.662286
1640841531832890112,-1.692949,0.718615,0.867915,0.747634,0.043787,-0.029605,-0.662004
1640841531835859968,-1.691706,0.718751,0.864745,0.747968,0.044767,-0.028648,-0.661604
1640841531836619776,-1.691389,0.718785,0.863935,0.748053,0.045019,-0.028402,-0.661501
1640841531840679936,-1.689708,0.718968,0.859619,0.748505,0.046364,-0.027096,-0.660951
1640841531841519872,-1.689362,0.719006,0.858729,0.748598,0.046641,-0.026828,-0.660837
1640841531845769984,-1.687623,0.719193,0.854232,0.749067,0.048034,-0.025489,-0.660259
1640841531846579968,-1.687294,0.719228,0.853378,0.749156,0.048296,-0.025235,-0.660148
1640841531851189760,-1.685433,0.719424,0.848526,0.749666,0.049756,-0.023805,-0.659513
1640841531852300032,-1.684988,0.719471,0.847362,0.749790,0.050100,-0.023462,-0.659359
1640841531856359936,-1.683371,0.719638,0.843113,0.750244,0.051343,-0.022206,-0.658790
1640841531856959744,-1.683134,0.719662,0.842487,0.750311,0.051526,-0.022019,-0.658706
1640841531860689920,-1.681666,0.719810,0.838602,0.750732,0.052661,-0.020847,-0.658174
1640841531861519872,-1.681341,0.719842,0.837739,0.750827,0.052914,-0.020584,-0.658055
1640841531866329856,-1.679473,0.720024,0.832757,0.751373,0.054373,-0.019062,-0.657357
1640841531868120064,-1.678784,0.720089,0.830909,0.751576,0.054912,-0.018502,-0.657096
1640841531870949888,-1.677701,0.720189,0.827996,0.751896,0.055754,-0.017632,-0.656683
1640841531871699712,-1.677415,0.720215,0.827226,0.751981,0.055976,-0.017405,-0.656573
1640841531875709952,-1.675898,0.720350,0.823117,0.752431,0.057156,-0.016196,-0.655986
1640841531876529920,-1.675589,0.720376,0.822279,0.752523,0.057397,-0.015949,-0.655866
1640841531880679936,-1.674039,0.720506,0.818052,0.752985,0.058629,-0.014675,-0.655256
1640841531882339840,-1.673424,0.720556,0.816366,0.753169,0.059128,-0.014158,-0.655012
1640841531886329856,-1.671957,0.720669,0.812329,0.753606,0.060342,-0.012919,-0.654423
1640841531888470016,-1.671177,0.720725,0.810172,0.753838,0.061002,-0.012269,-0.654108
1640841531890899968,-1.670296,0.720787,0.807730,0.754097,0.061759,-0.011554,-0.653750
1640841531891609856,-1.670040,0.720804,0.807017,0.754173,0.061982,-0.011352,-0.653646
1640841531895699968,-1.668575,0.720898,0.802926,0.754599,0.063277,-0.010254,-0.653048
1640841531896569856,-1.668265,0.720917,0.802059,0.754688,0.063556,-0.010038,-0.652921
1640841531902899968,-1.666036,0.721038,0.795777,0.755339,0.065559,-0.008568,-0.651991
1640841531904399872,-1.665513,0.721062,0.794296,0.755498,0.066015,-0.008215,-0.651765
1640841531905750016,-1.665045,0.721083,0.792966,0.755642,0.066419,-0.007893,-0.651561
1640841531906619904,-1.664744,0.721096,0.792110,0.755735,0.066678,-0.007685,-0.651429
1640841531910779904,-1.663316,0.721150,0.788031,0.756176,0.067897,-0.006684,-0.650802
1640841531911500032,-1.663071,0.721158,0.787327,0.756251,0.068106,-0.006511,-0.650694
1640841531915979776,-1.661556,0.721200,0.782965,0.756718,0.069391,-0.005442,-0.650026
1640841531916760064,-1.661294,0.721205,0.782208,0.756799,0.069612,-0.005258,-0.649909
1640841531920839936,-1.659935,0.721227,0.778263,0.757223,0.070754,-0.004309,-0.649299
1640841531921509888,-1.659713,0.721229,0.777618,0.757293,0.070939,-0.004156,-0.649198
1640841531925730048,-1.658328,0.721235,0.773566,0.757734,0.072095,-0.003208,-0.648561
1640841531926579968,-1.658051,0.721235,0.772753,0.757823,0.072325,-0.003020,-0.648432
1640841531930949888,-1.656639,0.721222,0.768589,0.758280,0.073502,-0.002066,-0.647769
1640841531931599872,-1.656430,0.721219,0.767972,0.758348,0.073676,-0.001925,-0.647671
1640841531936610048,-1.654838,0.721180,0.763237,0.758875,0.075002,-0.000838,-0.646902
1640841531937209856,-1.654649,0.721174,0.762672,0.758939,0.075159,-0.000707,-0.646809
1640841531941449984,-1.653323,0.721122,0.758698,0.759399,0.076260,0.000228,-0.646141
1640841531941989888,-1.653156,0.721114,0.758193,0.759458,0.076400,0.000347,-0.646055
1640841531945949952,-1.651936,0.721047,0.754508,0.759889,0.077416,0.001210,-0.645425
1640841531946899968,-1.651645,0.721029,0.753628,0.759992,0.077659,0.001412,-0.645275
1640841531950769920,-1.650472,0.720945,0.750055,0.760398,0.078651,0.002199,-0.644674
1640841531951639808,-1.650210,0.720924,0.749255,0.760486,0.078875,0.002368,-0.644541
1640841531955689984,-1.649002,0.720817,0.745546,0.760891,0.079912,0.003118,-0.643932
1640841531956569856,-1.648742,0.720791,0.744744,0.760979,0.080135,0.003276,-0.643800
1640841531960689920,-1.647533,0.720660,0.741002,0.761394,0.081166,0.004007,-0.643176
1640841531961649920,-1.647254,0.720627,0.740135,0.761493,0.081402,0.004177,-0.643028
1640841531965720064,-1.646080,0.720476,0.736471,0.761916,0.082379,0.004897,-0.642397
1640841531966579968,-1.645834,0.720441,0.735701,0.762006,0.082581,0.005049,-0.642263
1640841531971809792,-1.644355,0.720214,0.731039,0.762550,0.083776,0.005973,-0.641454
1640841531972529920,-1.644153,0.720181,0.730401,0.762625,0.083935,0.006099,-0.641343
1640841531977669888,-1.642730,0.719923,0.725870,0.763154,0.085041,0.006981,-0.640559
1640841531979169792,-1.642319,0.719842,0.724555,0.763307,0.085352,0.007228,-0.640332
1640841531980710144,-1.641900,0.719756,0.723210,0.763465,0.085666,0.007476,-0.640099
1640841531982089984,-1.641527,0.719676,0.722008,0.763606,0.085945,0.007692,-0.639891
1640841531985669888,-1.640567,0.719459,0.718904,0.763973,0.086660,0.008236,-0.639349
1640841531986589952,-1.640322,0.719400,0.718109,0.764067,0.086845,0.008372,-0.639210
1640841531990819840,-1.639208,0.719118,0.714476,0.764505,0.087712,0.008990,-0.638559
1640841531991539968,-1.639021,0.719068,0.713861,0.764580,0.087862,0.009093,-0.638448
1640841531995780096,-1.637925,0.718759,0.710255,0.765019,0.088757,0.009695,-0.637789
1640841531996729856,-1.637682,0.718686,0.709452,0.765116,0.088958,0.009828,-0.637642
1640841532001449728,-1.636489,0.718309,0.705482,0.765593,0.089938,0.010468,-0.636921
1640841532001989888,-1.636354,0.718264,0.705030,0.765647,0.090048,0.010539,-0.636840
1640841532005729792,-1.635426,0.717941,0.701916,0.766018,0.090801,0.011009,-0.636279
1640841532006599936,-1.635212,0.717863,0.701195,0.766104,0.090975,0.011113,-0.636148
1640841532010880000,-1.634171,0.717465,0.697668,0.766535,0.091825,0.011577,-0.635499
1640841532012659968,-1.633744,0.717292,0.696211,0.766716,0.092175,0.011750,-0.635226
1640841532015820032,-1.632993,0.716975,0.693639,0.767038,0.092788,0.012036,-0.634742
1640841532016569856,-1.632816,0.716897,0.693031,0.767115,0.092932,0.012101,-0.634628
1640841532020669952,-1.631860,0.716460,0.689725,0.767529,0.093697,0.012446,-0.634008
1640841532021539840,-1.631660,0.716364,0.689028,0.767615,0.093854,0.012518,-0.633878
1640841532025959936,-1.630652,0.715860,0.685506,0.768053,0.094635,0.012879,-0.633224
1640841532027399936,-1.630328,0.715690,0.684367,0.768195,0.094883,0.012994,-0.633012
1640841532031489792,-1.629419,0.715190,0.681151,0.768601,0.095576,0.013315,-0.632409
1640841532032120064,-1.629281,0.715110,0.680658,0.768664,0.095681,0.013363,-0.632315
1640841532035759872,-1.628488,0.714641,0.677827,0.769030,0.096276,0.013643,-0.631773
1640841532037099776,-1.628200,0.714463,0.676791,0.769166,0.096488,0.013747,-0.631573
1640841532040740096,-1.627426,0.713967,0.673994,0.769538,0.097043,0.014032,-0.631028
1640841532041629952,-1.627239,0.713842,0.673314,0.769630,0.097173,0.014103,-0.630895
1640841532045850112,-1.626363,0.713235,0.670110,0.770071,0.097766,0.014438,-0.630258
1640841532047669760,-1.625990,0.712965,0.668739,0.770264,0.098009,0.014581,-0.629980
1640841532051049984,-1.625308,0.712450,0.666210,0.770629,0.098445,0.014840,-0.629459
1640841532051820032,-1.625154,0.712330,0.665637,0.770714,0.098541,0.014898,-0.629339
1640841532055680000,-1.624392,0.711715,0.662781,0.771143,0.099007,0.015185,-0.628733
1640841532056679936,-1.624197,0.711552,0.662046,0.771256,0.099123,0.015259,-0.628574
1640841532060719872,-1.623420,0.710876,0.659096,0.771719,0.099574,0.015558,-0.627928
1640841532061839872,-1.623208,0.710684,0.658285,0.771848,0.099695,0.015640,-0.627747
1640841532070190080,-1.621664,0.709190,0.652309,0.772815,0.100591,0.016140,-0.626401
1640841532070659840,-1.621580,0.709103,0.651977,0.772868,0.100643,0.016160,-0.626326
1640841532071209984,-1.621481,0.709000,0.651589,0.772931,0.100704,0.016181,-0.626239
1640841532071589888,-1.621413,0.708929,0.651321,0.772974,0.100746,0.016195,-0.626178
1640841532075680000,-1.620689,0.708146,0.648457,0.773437,0.101208,0.016320,-0.625528
1640841532077519872,-1.620369,0.707785,0.647180,0.773645,0.101418,0.016365,-0.625236
1640841532080639744,-1.619835,0.707160,0.645030,0.773997,0.101778,0.016437,-0.624740
1640841532081499904,-1.619690,0.706985,0.644440,0.774094,0.101877,0.016456,-0.624603
1640841532085690112,-1.618992,0.706113,0.641591,0.774569,0.102352,0.016535,-0.623933
1640841532087659776,-1.618670,0.705694,0.640264,0.774794,0.102569,0.016560,-0.623618
1640841532090700032,-1.618181,0.705033,0.638233,0.775142,0.102889,0.016576,-0.623133
1640841532091549952,-1.618046,0.704846,0.637668,0.775240,0.102975,0.016575,-0.622997
1640841532095739904,-1.617392,0.703904,0.634906,0.775726,0.103374,0.016563,-0.622325
1640841532096549888,-1.617268,0.703718,0.634377,0.775822,0.103446,0.016561,-0.622194
1640841532101299968,-1.616553,0.702607,0.631299,0.776391,0.103839,0.016584,-0.621417
1640841532102929920,-1.616313,0.702217,0.630253,0.776591,0.103960,0.016605,-0.621146
1640841532106230016,-1.615836,0.701413,0.628154,0.777002,0.104188,0.016657,-0.620593
1640841532109279744,-1.615405,0.700653,0.626235,0.777386,0.104377,0.016695,-0.620079
1640841532110669824,-1.615212,0.700302,0.625367,0.777562,0.104456,0.016706,-0.619844
1640841532111519744,-1.615095,0.700085,0.624838,0.777670,0.104503,0.016710,-0.619701
1640841532115980032,-1.614493,0.698928,0.622089,0.778239,0.104733,0.016705,-0.618948
1640841532116699904,-1.614397,0.698738,0.621649,0.778331,0.104769,0.016700,-0.618826
1640841532120869888,-1.613857,0.697619,0.619125,0.778860,0.104971,0.016661,-0.618127
1640841532122200064,-1.613688,0.697255,0.618327,0.779027,0.105037,0.016642,-0.617905
1640841532125720064,-1.613251,0.696279,0.616236,0.779469,0.105217,0.016569,-0.617319
1640841532126569984,-1.613148,0.696040,0.615735,0.779575,0.105264,0.016545,-0.617177
1640841532130699776,-1.612655,0.694860,0.613323,0.780091,0.105511,0.016378,-0.616487
1640841532131559936,-1.612555,0.694611,0.612826,0.780199,0.105567,0.016334,-0.616343
1640841532135929856,-1.612058,0.693323,0.610323,0.780743,0.105852,0.016076,-0.615611
1640841532139190016,-1.611700,0.692340,0.608484,0.781148,0.106044,0.015880,-0.615069
1640841532141219840,-1.611484,0.691719,0.607351,0.781400,0.106143,0.015769,-0.614735
1640841532142249728,-1.611375,0.691400,0.606780,0.781528,0.106186,0.015717,-0.614567
1640841532145700096,-1.611021,0.690321,0.604883,0.781960,0.106300,0.015560,-0.614001
1640841532146589952,-1.610931,0.690039,0.604398,0.782073,0.106322,0.015523,-0.613854
1640841532150779904,-1.610522,0.688693,0.602139,0.782620,0.106396,0.015355,-0.613147
1640841532151559936,-1.610448,0.688439,0.601723,0.782726,0.106405,0.015324,-0.613012
1640841532156250112,-1.610016,0.686888,0.599250,0.783380,0.106428,0.015143,-0.612176
1640841532156839936,-1.609963,0.686691,0.598943,0.783464,0.106427,0.015122,-0.612069
1640841532160770048,-1.609622,0.685357,0.596914,0.784027,0.106404,0.014998,-0.611355
1640841532161579776,-1.609554,0.685079,0.596501,0.784143,0.106396,0.014976,-0.611208
1640841532165979904,-1.609196,0.683547,0.594281,0.784776,0.106337,0.014860,-0.610408
1640841532167449856,-1.609081,0.683027,0.593549,0.784989,0.106315,0.014818,-0.610140
1640841532171739904,-1.608760,0.681489,0.591442,0.785612,0.106256,0.014662,-0.609351
1640841532172499968,-1.608705,0.681213,0.591073,0.785723,0.106246,0.014628,-0.609210
1640841532175949824,-1.608464,0.679947,0.589416,0.786229,0.106207,0.014452,-0.608569
1640841532176709888,-1.608412,0.679665,0.589055,0.786340,0.106198,0.014409,-0.608427
1640841532180719872,-1.608152,0.678162,0.587171,0.786928,0.106150,0.014159,-0.607681
1640841532181579776,-1.608099,0.677836,0.586772,0.787054,0.106138,0.014101,-0.607521
1640841532186039808,-1.607835,0.676124,0.584731,0.787706,0.106073,0.013780,-0.606694
1640841532187129856,-1.607774,0.675701,0.584239,0.787866,0.106057,0.013697,-0.606491
1640841532190699776,-1.607583,0.674298,0.582648,0.788392,0.106010,0.013414,-0.605821
1640841532191589888,-1.607537,0.673945,0.582256,0.788525,0.106000,0.013341,-0.605653
1640841532195729920,-1.607338,0.672284,0.580458,0.789144,0.105940,0.012997,-0.604863
1640841532196559872,-1.607300,0.671947,0.580103,0.789269,0.105924,0.012928,-0.604704
1640841532201149952,-1.607106,0.670063,0.578166,0.789963,0.105787,0.012557,-0.603830
1640841532201679872,-1.607085,0.669843,0.577946,0.790043,0.105765,0.012515,-0.603729
1640841532205859840,-1.606932,0.668092,0.576232,0.790678,0.105567,0.012191,-0.602939
1640841532206650112,-1.606905,0.667758,0.575913,0.790798,0.105525,0.012130,-0.602790
1640841532210899712,-1.606774,0.665941,0.574222,0.791447,0.105289,0.011799,-0.601986
1640841532211649792,-1.606753,0.665617,0.573928,0.791562,0.105246,0.011740,-0.601844
1640841532215759872,-1.606649,0.663824,0.572343,0.792194,0.104992,0.011420,-0.601062
1640841532216569856,-1.606631,0.663468,0.572035,0.792319,0.104938,0.011358,-0.600908
1640841532220769792,-1.606549,0.661600,0.570465,0.792974,0.104626,0.011049,-0.600103
1640841532221580032,-1.606536,0.661237,0.570168,0.793102,0.104559,0.010992,-0.599947
1640841532225719808,-1.606480,0.659361,0.568671,0.793750,0.104200,0.010699,-0.599156
1640841532226709760,-1.606469,0.658908,0.568320,0.793903,0.104113,0.010626,-0.598970
1640841532230680064,-1.606439,0.657076,0.566934,0.794498,0.103778,0.010304,-0.598245
1640841532231539968,-1.606435,0.656675,0.566639,0.794623,0.103709,0.010228,-0.598092
1640841532235790080,-1.606428,0.654679,0.565209,0.795226,0.103387,0.009822,-0.597353
1640841532236689920,-1.606429,0.654252,0.564911,0.795352,0.103321,0.009730,-0.597198
1640841532240739840,-1.606446,0.652315,0.563599,0.795916,0.103035,0.009305,-0.596502
1640841532242589952,-1.606461,0.651422,0.563013,0.796175,0.102906,0.009104,-0.596182
1640841532245779968,-1.606496,0.649868,0.562023,0.796620,0.102684,0.008747,-0.595631
1640841532247360000,-1.606518,0.649092,0.561542,0.796839,0.102573,0.008564,-0.595359
1640841532250939904,-1.606579,0.647320,0.560475,0.797330,0.102313,0.008133,-0.594753
1640841532251529984,-1.606590,0.647025,0.560302,0.797409,0.102268,0.008060,-0.594655
1640841532255650048,-1.606683,0.644956,0.559121,0.797959,0.101951,0.007524,-0.593979
1640841532256559872,-1.606706,0.644496,0.558866,0.798078,0.101878,0.007400,-0.593832
1640841532260949760,-1.606833,0.642255,0.557665,0.798644,0.101518,0.006771,-0.593141
1640841532261580032,-1.606853,0.641931,0.557496,0.798724,0.101464,0.006676,-0.593044
1640841532266330112,-1.607021,0.639469,0.556259,0.799320,0.101042,0.005960,-0.592320
1640841532267379968,-1.607062,0.638920,0.555993,0.799451,0.100944,0.005805,-0.592162
1640841532270739968,-1.607202,0.637152,0.555161,0.799870,0.100612,0.005328,-0.591656
1640841532272699904,-1.607290,0.636113,0.554690,0.800115,0.100407,0.005065,-0.591362
1640841532275689728,-1.607434,0.634516,0.553989,0.800490,0.100079,0.004675,-0.590914
1640841532276609792,-1.607481,0.634022,0.553778,0.800605,0.099975,0.004557,-0.590776
1640841532280679936,-1.607700,0.631822,0.552870,0.801112,0.099501,0.004032,-0.590172
1640841532282089984,-1.607781,0.631054,0.552566,0.801287,0.099332,0.003846,-0.589964
1640841532285869824,-1.608011,0.628982,0.551774,0.801743,0.098874,0.003333,-0.589425
1640841532287469824,-1.608114,0.628098,0.551451,0.801927,0.098681,0.003108,-0.589207
1640841532290639872,-1.608328,0.626337,0.550828,0.802271,0.098307,0.002646,-0.588804
1640841532291509760,-1.608389,0.625851,0.550662,0.802361,0.098206,0.002514,-0.588698
1640841532295849984,-1.608707,0.623411,0.549862,0.802798,0.097699,0.001829,-0.588190
1640841532296640000,-1.608768,0.622964,0.549722,0.802876,0.097605,0.001698,-0.588099
1640841532300709888,-1.609094,0.620648,0.549024,0.803285,0.097111,0.000992,-0.587623
1640841532302199808,-1.609218,0.619795,0.548779,0.803438,0.096923,0.000721,-0.587446
1640841532305879808,-1.609539,0.617675,0.548199,0.803812,0.096445,0.000027,-0.587013
1640841532306690048,-1.609612,0.617205,0.548076,0.803893,0.096337,-0.000130,-0.586921
1640841532310749952,-1.609992,0.614841,0.547486,0.804273,0.095781,-0.000924,-0.586490
1640841532311539968,-1.610068,0.614378,0.547376,0.804342,0.095671,-0.001080,-0.586412
1640841532316199936,-1.610536,0.611633,0.546760,0.804733,0.095011,-0.002016,-0.585981
1640841532316890112,-1.610608,0.611224,0.546674,0.804789,0.094913,-0.002157,-0.585920
1640841532321129984,-1.611064,0.608699,0.546170,0.805127,0.094311,-0.003035,-0.585548
1640841532321799936,-1.611138,0.608298,0.546095,0.805181,0.094216,-0.003176,-0.585489
1640841532325690112,-1.611582,0.605959,0.545680,0.805489,0.093661,-0.004001,-0.585148
1640841532326609920,-1.611690,0.605403,0.545588,0.805561,0.093528,-0.004196,-0.585069
1640841532330999808,-1.612221,0.602736,0.545178,0.805899,0.092865,-0.005130,-0.584702
1640841532331759872,-1.612316,0.602272,0.545113,0.805956,0.092746,-0.005291,-0.584641
1640841532337159936,-1.613013,0.598957,0.544688,0.806336,0.091885,-0.006437,-0.584241
1640841532338670080,-1.613215,0.598024,0.544583,0.806433,0.091642,-0.006758,-0.584142
1640841532340739840,-1.613498,0.596741,0.544448,0.806557,0.091311,-0.007199,-0.584018
1640841532341569792,-1.613613,0.596225,0.544397,0.806604,0.091179,-0.007377,-0.583971
1640841532345809920,-1.614216,0.593578,0.544166,0.806827,0.090510,-0.008289,-0.583754
1640841532347049984,-1.614398,0.592801,0.544107,0.806889,0.090315,-0.008557,-0.583695
1640841532351019776,-1.614993,0.590300,0.543945,0.807085,0.089694,-0.009425,-0.583507
1640841532351840000,-1.615119,0.589782,0.543917,0.807125,0.089566,-0.009607,-0.583468
1640841532356150016,-1.615797,0.587046,0.543797,0.807325,0.088902,-0.010593,-0.583275
1640841532357159936,-1.615960,0.586402,0.543776,0.807369,0.088748,-0.010834,-0.583233
1640841532360709888,-1.616545,0.584131,0.543722,0.807510,0.088217,-0.011719,-0.583102
1640841532362439936,-1.616837,0.583020,0.543708,0.807572,0.087960,-0.012171,-0.583046
1640841532365789952,-1.617414,0.580861,0.543703,0.807678,0.087459,-0.013071,-0.582955
1640841532366720000,-1.617577,0.580259,0.543706,0.807704,0.087318,-0.013325,-0.582934
1640841532371059968,-1.618357,0.577444,0.543753,0.807815,0.086633,-0.014521,-0.582854
1640841532372129792,-1.618554,0.576747,0.543772,0.807839,0.086457,-0.014817,-0.582840
1640841532375739904,-1.619230,0.574389,0.543858,0.807911,0.085856,-0.015826,-0.582802
1640841532377819904,-1.619629,0.573025,0.543923,0.807946,0.085510,-0.016419,-0.582788
1640841532380640000,-1.620180,0.571171,0.544029,0.807988,0.085050,-0.017240,-0.582773
1640841532381529856,-1.620357,0.570585,0.544066,0.808000,0.084908,-0.017504,-0.582770
1640841532386249984,-1.621314,0.567465,0.544300,0.808049,0.084158,-0.018937,-0.582765
1640841532386790144,-1.621425,0.567107,0.544331,0.808053,0.084070,-0.019103,-0.582767
1640841532390720000,-1.622252,0.564495,0.544575,0.808076,0.083391,-0.020316,-0.582792
1640841532391650048,-1.622452,0.563875,0.544638,0.808079,0.083221,-0.020604,-0.582803
1640841532396580096,-1.623531,0.560581,0.545012,0.808072,0.082293,-0.022128,-0.582887
1640841532397270016,-1.623685,0.560118,0.545070,0.808068,0.082163,-0.022341,-0.582903
1640841532400739840,-1.624472,0.557789,0.545377,0.808034,0.081522,-0.023415,-0.582998
1640841532401600000,-1.624670,0.557210,0.545457,0.808022,0.081369,-0.023681,-0.583026
1640841532405759744,-1.625646,0.554405,0.545875,0.807942,0.080666,-0.024979,-0.583180
1640841532406899968,-1.625918,0.553635,0.545997,0.807916,0.080479,-0.025342,-0.583226
1640841532410830080,-1.626872,0.550974,0.546444,0.807816,0.079828,-0.026639,-0.583396
1640841532411579904,-1.627058,0.550466,0.546534,0.807796,0.079701,-0.026894,-0.583429
1640841532415699968,-1.628091,0.547666,0.547052,0.807678,0.078977,-0.028337,-0.583622
1640841532416620032,-1.628326,0.547040,0.547174,0.807650,0.078809,-0.028666,-0.583668
1640841532420989952,-1.629459,0.544060,0.547781,0.807503,0.077975,-0.030236,-0.583905
1640841532421700096,-1.629647,0.543575,0.547884,0.807477,0.077834,-0.030491,-0.583946
1640841532425740032,-1.630729,0.540812,0.548496,0.807315,0.077007,-0.031947,-0.584202
1640841532428000000,-1.631346,0.539263,0.548856,0.807214,0.076537,-0.032770,-0.584358
1640841532430689792,-1.632092,0.537418,0.549301,0.807081,0.075979,-0.033764,-0.584557
1640841532431549952,-1.632333,0.536828,0.549448,0.807036,0.075802,-0.034086,-0.584624
1640841532435789824,-1.633541,0.533913,0.550196,0.806798,0.074925,-0.035701,-0.584969
1640841532436649984,-1.633790,0.533321,0.550354,0.806746,0.074745,-0.036034,-0.585043
1640841532440790016,-1.635005,0.530470,0.551137,0.806490,0.073856,-0.037662,-0.585407
1640841532441550080,-1.635232,0.529946,0.551285,0.806441,0.073689,-0.037965,-0.585476
1640841532445679872,-1.636480,0.527097,0.552117,0.806163,0.072766,-0.039625,-0.585864
1640841532446619904,-1.636768,0.526448,0.552313,0.806096,0.072555,-0.040006,-0.585956
1640841532450670080,-1.638029,0.523650,0.553179,0.805793,0.071654,-0.041648,-0.586369
1640841532451599872,-1.638322,0.523007,0.553384,0.805720,0.071450,-0.042025,-0.586468
1640841532455790080,-1.639664,0.520109,0.554333,0.805371,0.070539,-0.043728,-0.586933
1640841532456729856,-1.639969,0.519459,0.554552,0.805289,0.070336,-0.044112,-0.587041
1640841532460839936,-1.641323,0.516615,0.555535,0.804915,0.069442,-0.045804,-0.587530
1640841532461589760,-1.641574,0.516096,0.555719,0.804844,0.069278,-0.046115,-0.587622
1640841532465869824,-1.643023,0.513133,0.556795,0.804428,0.068342,-0.047909,-0.588157
1640841532467219712,-1.643487,0.512199,0.557143,0.804293,0.068048,-0.048480,-0.588330
1640841532471149824,-1.644857,0.509478,0.558184,0.803888,0.067202,-0.050159,-0.588839
1640841532471879936,-1.645115,0.508973,0.558381,0.803812,0.067046,-0.050473,-0.588935
1640841532475800064,-1.646515,0.506260,0.559463,0.803390,0.066206,-0.052165,-0.589458
1640841532476620032,-1.646812,0.505693,0.559695,0.803300,0.066028,-0.052519,-0.589569
1640841532480669952,-1.648296,0.502893,0.560860,0.802843,0.065129,-0.054261,-0.590132
1640841532481590016,-1.648637,0.502257,0.561130,0.802737,0.064919,-0.054654,-0.590264
1640841532485689856,-1.650178,0.499425,0.562360,0.802253,0.063958,-0.056400,-0.590863
1640841532486879744,-1.650631,0.498603,0.562724,0.802108,0.063674,-0.056906,-0.591041
1640841532490739712,-1.652121,0.495941,0.563930,0.801630,0.062748,-0.058554,-0.591628
1640841532491609856,-1.652460,0.495341,0.564206,0.801520,0.062539,-0.058927,-0.591762
1640841532495739904,-1.654093,0.492497,0.565544,0.800990,0.061547,-0.060705,-0.592404
1640841532496699904,-1.654477,0.491837,0.565861,0.800865,0.061317,-0.061120,-0.592554
1640841532502739968,-1.656935,0.487688,0.567905,0.800072,0.059871,-0.063741,-0.593495
1640841532503859968,-1.657399,0.486920,0.568294,0.799922,0.059605,-0.064230,-0.593672
1640841532505879808,-1.658242,0.485536,0.569002,0.799648,0.059127,-0.065113,-0.593993
1640841532507069952,-1.658742,0.484721,0.569424,0.799483,0.058847,-0.065634,-0.594186
1640841532510749696,-1.660307,0.482205,0.570749,0.798955,0.057991,-0.067254,-0.594798
1640841532511579904,-1.660664,0.481639,0.571052,0.798832,0.057800,-0.067621,-0.594940
1640841532515769856,-1.662486,0.478783,0.572608,0.798196,0.056846,-0.069484,-0.595671
1640841532516939776,-1.663001,0.477987,0.573050,0.798014,0.056582,-0.070007,-0.595878
1640841532521039872,-1.664828,0.475202,0.574623,0.797372,0.055659,-0.071853,-0.596604
1640841532522259968,-1.665378,0.474375,0.575099,0.797179,0.055385,-0.072406,-0.596821
1640841532525669888,-1.666932,0.472068,0.576447,0.796634,0.054621,-0.073962,-0.597428
1640841532526589952,-1.667356,0.471447,0.576815,0.796485,0.054415,-0.074385,-0.597593
1640841532530880000,-1.669353,0.468555,0.578558,0.795777,0.053460,-0.076372,-0.598371
1640841532531879936,-1.669824,0.467883,0.578971,0.795609,0.053238,-0.076839,-0.598555
1640841532536079872,-1.671825,0.465065,0.580728,0.794887,0.052320,-0.078822,-0.599336
1640841532537629952,-1.672572,0.464028,0.581386,0.794615,0.051989,-0.079563,-0.599628
1640841532541129728,-1.674279,0.461693,0.582894,0.793987,0.051263,-0.081255,-0.600295
1640841532542279936,-1.674845,0.460927,0.583395,0.793777,0.051033,-0.081817,-0.600516
1640841532545679872,-1.676536,0.458669,0.584895,0.793146,0.050369,-0.083491,-0.601175
1640841532546670080,-1.677032,0.458013,0.585336,0.792961,0.050176,-0.083978,-0.601368
1640841532550789888,-1.679122,0.455290,0.587198,0.792184,0.049343,-0.085986,-0.602177
1640841532551620096,-1.679547,0.454743,0.587578,0.792027,0.049167,-0.086384,-0.602341
1640841532556150016,-1.681894,0.451768,0.589677,0.791168,0.048155,-0.088508,-0.603241
1640841532560070144,-1.683961,0.449207,0.591530,0.790426,0.047208,-0.090263,-0.604029
1640841532560709888,-1.684301,0.448790,0.591836,0.790305,0.047047,-0.090541,-0.604158
1640841532561559808,-1.684754,0.448237,0.592244,0.790144,0.046831,-0.090906,-0.604330
1640841532565779968,-1.687029,0.445499,0.594291,0.789349,0.045711,-0.092649,-0.605190
1640841532573710080,-1.691406,0.440399,0.598244,0.787824,0.043721,-0.095937,-0.606809
1640841532574309888,-1.691742,0.440015,0.598548,0.787706,0.043585,-0.096196,-0.606932
1640841532575039744,-1.692153,0.439549,0.598920,0.787561,0.043422,-0.096514,-0.607081
1640841532576859904,-1.693182,0.438389,0.599852,0.787197,0.043026,-0.097312,-0.607454
1640841532577240064,-1.693398,0.438147,0.600048,0.787120,0.042945,-0.097480,-0.607532
1640841532580729856,-1.695394,0.435933,0.601857,0.786405,0.042227,-0.099042,-0.608255
1640841532587049984,-1.699075,0.431954,0.605202,0.785075,0.041012,-0.101902,-0.609583
1640841532589999872,-1.700824,0.430111,0.606792,0.784445,0.040468,-0.103220,-0.610208
1640841532591729920,-1.701858,0.429035,0.607733,0.784076,0.040153,-0.103980,-0.610574
1640841532592369920,-1.702242,0.428637,0.608083,0.783939,0.040037,-0.104258,-0.610710
1640841532593039872,-1.702645,0.428222,0.608450,0.783796,0.039915,-0.104546,-0.610852
1640841532595779840,-1.704304,0.426528,0.609962,0.783212,0.039416,-0.105711,-0.611433
1640841532596659968,-1.704840,0.425985,0.610451,0.783023,0.039254,-0.106081,-0.611621
1640841532601059840,-1.707547,0.423287,0.612919,0.782069,0.038418,-0.107928,-0.612571
1640841532601840128,-1.708031,0.422810,0.613361,0.781898,0.038265,-0.108256,-0.612742
1640841532605749760,-1.710478,0.420434,0.615595,0.781034,0.037480,-0.109884,-0.613601
1640841532607169792,-1.711375,0.419576,0.616414,0.780720,0.037189,-0.110468,-0.613914
1640841532611259904,-1.713984,0.417117,0.618797,0.779820,0.036339,-0.112114,-0.614809
1640841532611670016,-1.714248,0.416871,0.619038,0.779730,0.036254,-0.112275,-0.614899
1640841532615759872,-1.716897,0.414434,0.621459,0.778840,0.035396,-0.113854,-0.615786
1640841532616629760,-1.717465,0.413919,0.621978,0.778652,0.035213,-0.114182,-0.615974
1640841532620699904,-1.720145,0.411519,0.624429,0.777775,0.034365,-0.115677,-0.616850
1640841532621600000,-1.720742,0.410991,0.624975,0.777582,0.034178,-0.116000,-0.617043
1640841532625839872,-1.723582,0.408518,0.627572,0.776673,0.033305,-0.117482,-0.617955
1640841532627470080,-1.724684,0.407574,0.628580,0.776323,0.032970,-0.118038,-0.618306
1640841532630959872,-1.727062,0.405564,0.630756,0.775573,0.032256,-0.119202,-0.619062
1640841532631599872,-1.727502,0.405197,0.631157,0.775435,0.032125,-0.119412,-0.619201
1640841532636669952,-1.731012,0.402309,0.634368,0.774340,0.031108,-0.121028,-0.620308
1640841532637670144,-1.731711,0.401744,0.635008,0.774123,0.030913,-0.121336,-0.620528
1640841532640780032,-1.733899,0.399995,0.637009,0.773451,0.030325,-0.122269,-0.621212
1640841532641729792,-1.734572,0.399463,0.637624,0.773246,0.030151,-0.122546,-0.621421
1640841532645870080,-1.737526,0.397160,0.640325,0.772351,0.029420,-0.123732,-0.622333
1640841532646669824,-1.738101,0.396718,0.640851,0.772179,0.029284,-0.123959,-0.622509
1640841532650799872,-1.741092,0.394449,0.643585,0.771285,0.028600,-0.125132,-0.623413
1640841532651640064,-1.741705,0.393991,0.644145,0.771103,0.028465,-0.125371,-0.623597
1640841532655920128,-1.744852,0.391671,0.647021,0.770173,0.027785,-0.126577,-0.624532
1640841532656760064,-1.745474,0.391219,0.647589,0.769990,0.027654,-0.126809,-0.624716
1640841532661100032,-1.748713,0.388899,0.650548,0.769044,0.026974,-0.127975,-0.625673
1640841532662230016,-1.749563,0.388299,0.651324,0.768797,0.026797,-0.128267,-0.625924
1640841532666569984,-1.752853,0.386014,0.654328,0.767853,0.026128,-0.129354,-0.626886
1640841532667289856,-1.753403,0.385638,0.654830,0.767698,0.026020,-0.129530,-0.627044
1640841532670739968,-1.756053,0.383845,0.657248,0.766963,0.025523,-0.130369,-0.627790
1640841532671599872,-1.756717,0.383401,0.657854,0.766782,0.025404,-0.130576,-0.627973
1640841532677520128,-1.761335,0.380375,0.662065,0.765546,0.024594,-0.131941,-0.629226
1640841532678169856,-1.761846,0.380046,0.662531,0.765410,0.024502,-0.132081,-0.629366
1640841532680719872,-1.763861,0.378761,0.664368,0.764876,0.024133,-0.132604,-0.629920
1640841532681829888,-1.764743,0.378205,0.665171,0.764642,0.023969,-0.132820,-0.630164
1640841532685880064,-1.767982,0.376192,0.668121,0.763793,0.023377,-0.133542,-0.631063
1640841532686699776,-1.768641,0.375788,0.668722,0.763622,0.023260,-0.133676,-0.631245
1640841532691089920,-1.772198,0.373640,0.671960,0.762718,0.022676,-0.134322,-0.632222
1640841532691869952,-1.772835,0.373262,0.672539,0.762559,0.022580,-0.134427,-0.632395
1640841532695849984,-1.776101,0.371346,0.675511,0.761750,0.022114,-0.134937,-0.633277
1640841532698609920,-1.778385,0.370032,0.677588,0.761187,0.021811,-0.135288,-0.633890
1640841532702439936,-1.781581,0.368228,0.680493,0.760399,0.021405,-0.135789,-0.634742
1640841532703049984,-1.782093,0.367943,0.680958,0.760273,0.021342,-0.135868,-0.634878
1640841532705730048,-1.784350,0.366698,0.683009,0.759720,0.021068,-0.136201,-0.635477
1640841532706919936,-1.785358,0.366148,0.683923,0.759476,0.020948,-0.136339,-0.635743
1640841532710880000,-1.788730,0.364336,0.686985,0.758672,0.020554,-0.136722,-0.636633
1640841532711830016,-1.789544,0.363905,0.687724,0.758482,0.020460,-0.136795,-0.636847
1640841532715829760,-1.792990,0.362106,0.690851,0.757689,0.020064,-0.137039,-0.637750
1640841532716669952,-1.793718,0.361732,0.691511,0.757525,0.019981,-0.137079,-0.637939
1640841532720859904,-1.797370,0.359881,0.694822,0.756711,0.019555,-0.137238,-0.638883
1640841532721609728,-1.798027,0.359552,0.695417,0.756566,0.019478,-0.137261,-0.639052
1640841532725659904,-1.801596,0.357795,0.698651,0.755793,0.019053,-0.137342,-0.639961
1640841532726639872,-1.802465,0.357373,0.699438,0.755608,0.018949,-0.137350,-0.640181
1640841532731000064,-1.806352,0.355517,0.702958,0.754794,0.018488,-0.137327,-0.641159
1640841532731779840,-1.807051,0.355189,0.703591,0.754651,0.018406,-0.137312,-0.641334
1640841532735970048,-1.810828,0.353439,0.707008,0.753883,0.017977,-0.137189,-0.642275
1640841532737159936,-1.811907,0.352947,0.707984,0.753666,0.017861,-0.137142,-0.642542
1640841532740900096,-1.815316,0.351417,0.711067,0.752985,0.017514,-0.136970,-0.643386
1640841532741689856,-1.816039,0.351096,0.711720,0.752842,0.017445,-0.136929,-0.643565
1640841532745869824,-1.819887,0.349417,0.715198,0.752088,0.017098,-0.136664,-0.644511
1640841532747939840,-1.821804,0.348596,0.716930,0.751721,0.016934,-0.136496,-0.644979
1640841532750779904,-1.824448,0.347481,0.719318,0.751227,0.016714,-0.136217,-0.645619
1640841532751579904,-1.825196,0.347169,0.719993,0.751089,0.016652,-0.136128,-0.645799
1640841532755689984,-1.829056,0.345583,0.723477,0.750391,0.016342,-0.135614,-0.646727
1640841532756659968,-1.829971,0.345213,0.724303,0.750227,0.016270,-0.135481,-0.646947
1640841532760749824,-1.833850,0.343667,0.727803,0.749528,0.015970,-0.134888,-0.647887
1640841532761659904,-1.834717,0.343327,0.728585,0.749372,0.015904,-0.134750,-0.648098
1640841532768100096,-1.840898,0.340957,0.734158,0.748265,0.015461,-0.133705,-0.649602
1640841532768739840,-1.841516,0.340725,0.734715,0.748158,0.015419,-0.133593,-0.649750
1640841532770680064,-1.843395,0.340026,0.736408,0.747836,0.015299,-0.133243,-0.650196
1640841532771620096,-1.844308,0.339689,0.737230,0.747682,0.015242,-0.133067,-0.650410
1640841532775790080,-1.848376,0.338212,0.740895,0.747009,0.015005,-0.132242,-0.651356
1640841532776640000,-1.849209,0.337914,0.741645,0.746873,0.014959,-0.132065,-0.651549
1640841532780789760,-1.853293,0.336477,0.745323,0.746201,0.014741,-0.131156,-0.652507
1640841532781639936,-1.854134,0.336186,0.746079,0.746062,0.014697,-0.130961,-0.652706
1640841532785649920,-1.858115,0.334827,0.749663,0.745410,0.014496,-0.130000,-0.653647
1640841532786690048,-1.859152,0.334479,0.750596,0.745243,0.014446,-0.129740,-0.653890
1640841532790829824,-1.863298,0.333109,0.754326,0.744597,0.014252,-0.128661,-0.654843
1640841532792169728,-1.864646,0.332672,0.755539,0.744395,0.014191,-0.128297,-0.655145
1640841532795689728,-1.868202,0.331534,0.758737,0.743876,0.014045,-0.127306,-0.655931
1640841532796619776,-1.869145,0.331237,0.759584,0.743740,0.014009,-0.127037,-0.656137
1640841532800849920,-1.873451,0.329901,0.763456,0.743124,0.013873,-0.125774,-0.657080
1640841532802520064,-1.875159,0.329381,0.764992,0.742882,0.013831,-0.125257,-0.657454
1640841532805739776,-1.878464,0.328390,0.767963,0.742418,0.013764,-0.124227,-0.658174
1640841532806619904,-1.879371,0.328122,0.768778,0.742293,0.013749,-0.123938,-0.658370
1640841532810989824,-1.883889,0.326807,0.772839,0.741688,0.013690,-0.122443,-0.659333
1640841532812389888,-1.885343,0.326392,0.774145,0.741500,0.013677,-0.121945,-0.659636
1640841532815729920,-1.888824,0.325412,0.777273,0.741060,0.013656,-0.120741,-0.660352
1640841532816669952,-1.889807,0.325140,0.778156,0.740937,0.013654,-0.120403,-0.660552
1640841532820669952,-1.894003,0.323993,0.781926,0.740410,0.013662,-0.118992,-0.661398
1640841532821590016,-1.894971,0.323733,0.782796,0.740288,0.013669,-0.118676,-0.661591
1640841532825769984,-1.899387,0.322564,0.786764,0.739729,0.013724,-0.117245,-0.662470
1640841532827009792,-1.900702,0.322223,0.787945,0.739563,0.013748,-0.116812,-0.662731
1640841532830669824,-1.904596,0.321226,0.791443,0.739079,0.013844,-0.115477,-0.663503
1640841532831599872,-1.905588,0.320976,0.792335,0.738957,0.013873,-0.115124,-0.663699
1640841532835820032,-1.910107,0.319856,0.796395,0.738414,0.014018,-0.113469,-0.664585
1640841532836799744,-1.911159,0.319599,0.797341,0.738290,0.014052,-0.113076,-0.664789
1640841532841029888,-1.915718,0.318506,0.801438,0.737767,0.014193,-0.111360,-0.665655
1640841532842099968,-1.916875,0.318233,0.802478,0.737638,0.014225,-0.110922,-0.665871
1640841532845769984,-1.920855,0.317309,0.806055,0.737200,0.014324,-0.109397,-0.666605
1640841532846819840,-1.921997,0.317048,0.807081,0.737076,0.014349,-0.108952,-0.666815
1640841532850669824,-1.926195,0.316103,0.810856,0.736624,0.014428,-0.107277,-0.667584
1640841532851640064,-1.927256,0.315868,0.811810,0.736511,0.014445,-0.106844,-0.667778
1640841532855639808,-1.931643,0.314912,0.815755,0.736054,0.014512,-0.105016,-0.668570
1640841532856959744,-1.933095,0.314601,0.817061,0.735908,0.014535,-0.104399,-0.668826
1640841532860709888,-1.937231,0.313729,0.820782,0.735512,0.014610,-0.102620,-0.669536
1640841532861649920,-1.938270,0.313513,0.821718,0.735416,0.014631,-0.102167,-0.669710
1640841532865669888,-1.942726,0.312602,0.825729,0.735017,0.014729,-0.100210,-0.670441
1640841532866870016,-1.944060,0.312334,0.826930,0.734900,0.014760,-0.099620,-0.670657
1640841532870759936,-1.948395,0.311478,0.830834,0.734517,0.014863,-0.097686,-0.671358
1640841532871820032,-1.949579,0.311247,0.831901,0.734412,0.014892,-0.097156,-0.671549
1640841532876150016,-1.954428,0.310320,0.836271,0.733981,0.015019,-0.094988,-0.672327
1640841532877100032,-1.955494,0.310120,0.837232,0.733887,0.015050,-0.094514,-0.672496
1640841532880960000,-1.959837,0.309316,0.841149,0.733509,0.015188,-0.092601,-0.673171
1640841532881590016,-1.960547,0.309186,0.841789,0.733448,0.015214,-0.092292,-0.673279
1640841532885740032,-1.965236,0.308344,0.846021,0.733053,0.015399,-0.090257,-0.673981
1640841532886749952,-1.966379,0.308142,0.847053,0.732958,0.015450,-0.089761,-0.674149
1640841532891000064,-1.971201,0.307303,0.851409,0.732562,0.015693,-0.087644,-0.674852
1640841532892119808,-1.972475,0.307086,0.852560,0.732459,0.015762,-0.087077,-0.675035
1640841532896029952,-1.976930,0.306336,0.856587,0.732102,0.016003,-0.085077,-0.675672
1640841532897680128,-1.978814,0.306025,0.858292,0.731952,0.016097,-0.084224,-0.675939
1640841532900790016,-1.982371,0.305446,0.861511,0.731671,0.016246,-0.082605,-0.676439
1640841532903630080,-1.985626,0.304925,0.864459,0.731417,0.016351,-0.081116,-0.676891
1640841532905900032,-1.988232,0.304515,0.866821,0.731219,0.016419,-0.079920,-0.677246
1640841532908679936,-1.991430,0.304020,0.869720,0.730984,0.016489,-0.078447,-0.677670
1640841532910789888,-1.993861,0.303649,0.871925,0.730813,0.016537,-0.077324,-0.677983
1640841532911789824,-1.995014,0.303475,0.872972,0.730734,0.016558,-0.076789,-0.678128
1640841532916029952,-1.999911,0.302746,0.877419,0.730411,0.016633,-0.074492,-0.678730
1640841532916659712,-2.000640,0.302640,0.878081,0.730365,0.016642,-0.074145,-0.678817
1640841532920759808,-2.005390,0.301953,0.882399,0.730069,0.016678,-0.071843,-0.679381
1640841532921759744,-2.006549,0.301788,0.883454,0.729999,0.016683,-0.071270,-0.679517
1640841532925819904,-2.011266,0.301127,0.887748,0.729714,0.016695,-0.068932,-0.680064
1640841532926710016,-2.012301,0.300984,0.888691,0.729652,0.016699,-0.068420,-0.680182
1640841532930729984,-2.016983,0.300346,0.892960,0.729370,0.016730,-0.066138,-0.680709
1640841532934959872,-2.021918,0.299689,0.897465,0.729072,0.016786,-0.063777,-0.681252
1640841532935819776,-2.022923,0.299558,0.898383,0.729012,0.016799,-0.063297,-0.681361
1640841532937339904,-2.024700,0.299326,0.900007,0.728905,0.016822,-0.062447,-0.681554
1640841532940939776,-2.028912,0.298785,0.903859,0.728653,0.016872,-0.060408,-0.682006
1640841532941929728,-2.030072,0.298638,0.904920,0.728584,0.016884,-0.059839,-0.682129
1640841532945699840,-2.034491,0.298085,0.908968,0.728326,0.016925,-0.057653,-0.682591
1640841532947579904,-2.036698,0.297813,0.910991,0.728201,0.016943,-0.056557,-0.682816
1640841532950779904,-2.040456,0.297356,0.914440,0.727993,0.016971,-0.054698,-0.683188
1640841532951779840,-2.041632,0.297215,0.915519,0.727930,0.016979,-0.054120,-0.683302
1640841532955819776,-2.046384,0.296650,0.919887,0.727677,0.017003,-0.051793,-0.683751
1640841532956719872,-2.047443,0.296526,0.920862,0.727620,0.017006,-0.051277,-0.683850
1640841532960800000,-2.052250,0.295969,0.925287,0.727361,0.017003,-0.048945,-0.684296
1640841532961669888,-2.053275,0.295852,0.926232,0.727305,0.016998,-0.048449,-0.684391
1640841532965879808,-2.058241,0.295291,0.930813,0.727034,0.016960,-0.046039,-0.684846
1640841532967360000,-2.059987,0.295096,0.932426,0.726941,0.016941,-0.045185,-0.685002
1640841532970860032,-2.064120,0.294640,0.936246,0.726731,0.016884,-0.043139,-0.685359
1640841532972669952,-2.066258,0.294407,0.938225,0.726627,0.016850,-0.042067,-0.685536
1640841532975780096,-2.069934,0.294011,0.941629,0.726454,0.016780,-0.040209,-0.685832
1640841532976659968,-2.070974,0.293900,0.942594,0.726406,0.016758,-0.039681,-0.685914
1640841532980999936,-2.076106,0.293357,0.947357,0.726169,0.016632,-0.037074,-0.686314
1640841532981969920,-2.077253,0.293237,0.948423,0.726115,0.016599,-0.036493,-0.686403
1640841532985889792,-2.081891,0.292757,0.952737,0.725897,0.016454,-0.034149,-0.686758
1640841532987539968,-2.083844,0.292556,0.954555,0.725805,0.016389,-0.033165,-0.686905
1640841532990739712,-2.087631,0.292171,0.958086,0.725629,0.016256,-0.031259,-0.687184
1640841532991579904,-2.088626,0.292071,0.959014,0.725583,0.016220,-0.030759,-0.687255
1640841532996150016,-2.094035,0.291530,0.964067,0.725337,0.016029,-0.028048,-0.687636
1640841532999480064,-2.097977,0.291141,0.967757,0.725148,0.015900,-0.026097,-0.687915
1640841533002230016,-2.101231,0.290823,0.970807,0.724982,0.015805,-0.024509,-0.688150
1640841533004310016,-2.103692,0.290583,0.973117,0.724853,0.015738,-0.023322,-0.688329
1640841533005929984,-2.105609,0.290398,0.974917,0.724752,0.015688,-0.022406,-0.688467
1640841533006660096,-2.106473,0.290315,0.975729,0.724707,0.015666,-0.021996,-0.688528
1640841533010870016,-2.111453,0.289838,0.980415,0.724457,0.015540,-0.019654,-0.688864
1640841533014880000,-2.116193,0.289388,0.984885,0.724238,0.015414,-0.017450,-0.689157
1640841533016049920,-2.117576,0.289257,0.986191,0.724175,0.015374,-0.016808,-0.689240
1640841533017249792,-2.118994,0.289123,0.987530,0.724112,0.015330,-0.016148,-0.689323
1640841533021159936,-2.123611,0.288690,0.991899,0.723901,0.015170,-0.013984,-0.689596
1640841533021719808,-2.124273,0.288629,0.992525,0.723870,0.015144,-0.013672,-0.689635
1640841533025669888,-2.128933,0.288195,0.996945,0.723648,0.014949,-0.011462,-0.689912
1640841533026649856,-2.130089,0.288087,0.998043,0.723592,0.014898,-0.010914,-0.689980
1640841533030680064,-2.134838,0.287648,1.002560,0.723360,0.014677,-0.008670,-0.690260
1640841533031669760,-2.136004,0.287540,1.003670,0.723303,0.014622,-0.008122,-0.690328
1640841533036000000,-2.141100,0.287071,1.008531,0.723054,0.014368,-0.005734,-0.690619
1640841533037689856,-2.143087,0.286888,1.010429,0.722957,0.014265,-0.004803,-0.690729
1640841533040689920,-2.146611,0.286564,1.013802,0.722789,0.014075,-0.003144,-0.690918
1640841533041629952,-2.147715,0.286463,1.014859,0.722737,0.014013,-0.002622,-0.690976
1640841533045939968,-2.152769,0.285998,1.019709,0.722504,0.013716,-0.000212,-0.691231
1640841533047059968,-2.154082,0.285878,1.020971,0.722442,0.013633,0.000418,-0.691297
1640841533050799872,-2.158459,0.285475,1.025184,0.722230,0.013333,0.002532,-0.691520
1640841533051640064,-2.159441,0.285385,1.026131,0.722180,0.013260,0.003009,-0.691571
1640841533055689728,-2.164171,0.284948,1.030698,0.721936,0.012880,0.005320,-0.691819
1640841533056669952,-2.165314,0.284843,1.031804,0.721877,0.012781,0.005884,-0.691878
1640841533060639744,-2.169940,0.284414,1.036285,0.721640,0.012353,0.008189,-0.692110
1640841533061769984,-2.171255,0.284291,1.037561,0.721573,0.012225,0.008850,-0.692173
1640841533065799936,-2.175938,0.283854,1.042113,0.721337,0.011761,0.011212,-0.692394
1640841533067040000,-2.177377,0.283719,1.043514,0.721263,0.011619,0.011938,-0.692461
1640841533070849792,-2.181792,0.283304,1.047821,0.721032,0.011200,0.014148,-0.692667
1640841533071719936,-2.182798,0.283208,1.048804,0.720978,0.011110,0.014647,-0.692714
1640841533075879936,-2.187604,0.282751,1.053509,0.720707,0.010719,0.016992,-0.692949
1640841533077090048,-2.189000,0.282617,1.054878,0.720624,0.010615,0.017663,-0.693020
1640841533080669952,-2.193123,0.282220,1.058928,0.720368,0.010284,0.019640,-0.693238
1640841533081760000,-2.194376,0.282099,1.060161,0.720287,0.010173,0.020243,-0.693306
1640841533085749760,-2.198955,0.281652,1.064677,0.719986,0.009749,0.022456,-0.693557
1640841533086710016,-2.200055,0.281544,1.065763,0.719913,0.009647,0.022990,-0.693616
1640841533090679808,-2.204595,0.281094,1.070257,0.719618,0.009248,0.025203,-0.693851
1640841533091679744,-2.205736,0.280980,1.071389,0.719545,0.009153,0.025761,-0.693908
1640841533095660032,-2.210271,0.280523,1.075894,0.719255,0.008779,0.027975,-0.694127
1640841533098860032,-2.213906,0.280152,1.079516,0.719019,0.008466,0.029741,-0.694302
1640841533100659968,-2.215946,0.279941,1.081554,0.718884,0.008277,0.030726,-0.694401
1640841533101699840,-2.217123,0.279819,1.082731,0.718805,0.008164,0.031292,-0.694459
1640841533105690112,-2.221631,0.279347,1.087247,0.718501,0.007712,0.033441,-0.694679
1640841533106979840,-2.223084,0.279193,1.088706,0.718402,0.007561,0.034128,-0.694749
1640841533110819840,-2.227402,0.278731,1.093051,0.718113,0.007111,0.036151,-0.694950
1640841533112269824,-2.229028,0.278555,1.094691,0.718005,0.006942,0.036907,-0.695024
1640841533115969792,-2.233168,0.278101,1.098875,0.717727,0.006517,0.038823,-0.695211
1640841533116659968,-2.233938,0.278016,1.099656,0.717674,0.006439,0.039179,-0.695247
1640841533120640000,-2.238371,0.277519,1.104155,0.717355,0.005997,0.041233,-0.695461
1640841533121680128,-2.239526,0.277388,1.105330,0.717268,0.005883,0.041771,-0.695519
1640841533125710080,-2.243991,0.276875,1.109883,0.716927,0.005436,0.043860,-0.695746
1640841533126669824,-2.245052,0.276752,1.110967,0.716847,0.005325,0.044359,-0.695798
1640841533131289856,-2.250141,0.276151,1.116182,0.716472,0.004761,0.046769,-0.696030
1640841533132699904,-2.251689,0.275965,1.117772,0.716361,0.004581,0.047506,-0.696096
1640841533136349952,-2.255684,0.275478,1.121889,0.716068,0.004116,0.049410,-0.696268
1640841533136839936,-2.256218,0.275413,1.122441,0.716027,0.004055,0.049665,-0.696292
1640841533140679936,-2.260400,0.274891,1.126768,0.715690,0.003600,0.051650,-0.696496
1640841533141700096,-2.261508,0.274751,1.127917,0.715595,0.003486,0.052174,-0.696555
1640841533145710080,-2.265848,0.274194,1.132430,0.715207,0.003048,0.054238,-0.696799
1640841533146700032,-2.266916,0.274055,1.133544,0.715108,0.002940,0.054749,-0.696860
1640841533151089920,-2.271636,0.273431,1.138479,0.714665,0.002443,0.057041,-0.697132
1640841533152049920,-2.272665,0.273293,1.139557,0.714568,0.002331,0.057545,-0.697191
1640841533155680000,-2.276541,0.272764,1.143633,0.714199,0.001911,0.059435,-0.697412
1640841533156649728,-2.277574,0.272621,1.144721,0.714101,0.001803,0.059931,-0.697470
1640841533160989952,-2.282178,0.271973,1.149587,0.713660,0.001355,0.062081,-0.697735
1640841533167519744,-2.289049,0.270973,1.156896,0.712990,0.000707,0.065225,-0.698134
1640841533168269824,-2.289834,0.270855,1.157734,0.712911,0.000625,0.065594,-0.698179
1640841533168939776,-2.290535,0.270751,1.158483,0.712841,0.000550,0.065927,-0.698220
1640841533170689792,-2.292361,0.270475,1.160438,0.712655,0.000339,0.066813,-0.698325
1640841533171709952,-2.293423,0.270313,1.161577,0.712546,0.000207,0.067344,-0.698386
1640841533175739904,-2.297604,0.269665,1.166074,0.712104,-0.000371,0.069519,-0.698624
1640841533176709888,-2.298606,0.269508,1.167155,0.711996,-0.000514,0.070051,-0.698681
1640841533180899840,-2.302917,0.268817,1.171821,0.711527,-0.001085,0.072313,-0.698927
1640841533181870080,-2.303911,0.268655,1.172901,0.711417,-0.001205,0.072824,-0.698985
1640841533185859840,-2.307982,0.267980,1.177336,0.710962,-0.001681,0.074905,-0.699228
1640841533186749952,-2.308886,0.267827,1.178324,0.710859,-0.001791,0.075369,-0.699283
1640841533190629888,-2.312812,0.267154,1.182629,0.710395,-0.002311,0.077416,-0.699528
1640841533191639808,-2.313830,0.266977,1.183748,0.710272,-0.002457,0.077954,-0.699594
1640841533195760128,-2.317962,0.266244,1.188309,0.709753,-0.003068,0.080155,-0.699869
1640841533196739840,-2.318940,0.266067,1.189393,0.709626,-0.003212,0.080677,-0.699937
1640841533200729856,-2.322906,0.265339,1.193801,0.709101,-0.003774,0.082778,-0.700221
1640841533201689856,-2.323856,0.265161,1.194860,0.708972,-0.003902,0.083278,-0.700292
1640841533206019840,-2.328118,0.264350,1.199632,0.708379,-0.004458,0.085519,-0.700618
1640841533206679808,-2.328764,0.264224,1.200359,0.708288,-0.004541,0.085861,-0.700668
1640841533210739968,-2.332724,0.263444,1.204824,0.707716,-0.005056,0.087974,-0.700980
1640841533211680000,-2.333636,0.263261,1.205856,0.707582,-0.005177,0.088466,-0.701052
1640841533215819776,-2.337632,0.262445,1.210398,0.706988,-0.005720,0.090639,-0.701370
1640841533216770048,-2.338545,0.262255,1.211438,0.706850,-0.005847,0.091137,-0.701443
1640841533220829952,-2.342424,0.261434,1.215881,0.706261,-0.006398,0.093254,-0.701753
1640841533222339840,-2.343858,0.261124,1.217531,0.706042,-0.006606,0.094035,-0.701868
1640841533225699840,-2.347034,0.260426,1.221198,0.705550,-0.007077,0.095764,-0.702124
1640841533226660096,-2.347937,0.260224,1.222245,0.705409,-0.007213,0.096257,-0.702197
1640841533230739712,-2.351753,0.259357,1.226686,0.704799,-0.007799,0.098359,-0.702512
1640841533231689984,-2.352637,0.259152,1.227719,0.704654,-0.007936,0.098851,-0.702586
1640841533236780032,-2.357339,0.258039,1.233244,0.703861,-0.008682,0.101520,-0.702992
1640841533237550080,-2.358046,0.257868,1.234078,0.703738,-0.008797,0.101929,-0.703055
1640841533242640128,-2.362685,0.256721,1.239585,0.702920,-0.009560,0.104651,-0.703463
1640841533243689984,-2.363635,0.256481,1.240719,0.702751,-0.009719,0.105213,-0.703546
1640841533245689856,-2.365438,0.256020,1.242877,0.702425,-0.010022,0.106278,-0.703707
1640841533246649856,-2.366301,0.255798,1.243912,0.702267,-0.010167,0.106786,-0.703786
1640841533250789888,-2.369996,0.254825,1.248369,0.701572,-0.010784,0.108932,-0.704141
1640841533251829760,-2.370919,0.254577,1.249486,0.701393,-0.010937,0.109460,-0.704234
1640841533257959936,-2.376307,0.253092,1.256061,0.700315,-0.011828,0.112561,-0.704805
1640841533259460096,-2.377612,0.252722,1.257667,0.700045,-0.012046,0.113332,-0.704946
1640841533260649984,-2.378644,0.252426,1.258939,0.699829,-0.012219,0.113950,-0.705057
1640841533261639936,-2.379501,0.252179,1.259997,0.699649,-0.012363,0.114466,-0.705150
1640841533265740032,-2.383023,0.251143,1.264370,0.698897,-0.012959,0.116591,-0.705536
1640841533266700032,-2.383842,0.250897,1.265393,0.698721,-0.013098,0.117079,-0.705628
1640841533270819840,-2.387333,0.249830,1.269774,0.697962,-0.013688,0.119081,-0.706032
1640841533271639808,-2.388023,0.249615,1.270645,0.697812,-0.013805,0.119459,-0.706115
1640841533278179840,-2.393470,0.247871,1.277572,0.696598,-0.014735,0.122394,-0.706791
1640841533278659840,-2.393865,0.247741,1.278079,0.696507,-0.014805,0.122614,-0.706841
1640841533280640000,-2.395492,0.247201,1.280170,0.696129,-0.015095,0.123538,-0.707046
1640841533281629952,-2.396302,0.246929,1.281214,0.695939,-0.015242,0.124009,-0.707149
1640841533285819904,-2.399704,0.245765,1.285627,0.695124,-0.015859,0.126044,-0.707577
1640841533286720000,-2.400429,0.245512,1.286573,0.694948,-0.015989,0.126486,-0.707668
1640841533290899968,-2.403770,0.244323,1.290959,0.694133,-0.016578,0.128536,-0.708084
1640841533292460032,-2.405007,0.243873,1.292593,0.693831,-0.016795,0.129299,-0.708236
1640841533295749888,-2.407594,0.242915,1.296033,0.693194,-0.017264,0.130907,-0.708553
1640841533296669952,-2.408313,0.242644,1.296994,0.693016,-0.017401,0.131357,-0.708640
1640841533301120000,-2.411760,0.241319,1.301632,0.692157,-0.018123,0.133541,-0.709054
1640841533302080000,-2.412497,0.241030,1.302630,0.691971,-0.018293,0.134014,-0.709141
1640841533307119872,-2.416329,0.239490,1.307862,0.690994,-0.019204,0.136467,-0.709602
1640841533308110080,-2.417074,0.239184,1.308887,0.690801,-0.019378,0.136938,-0.709694
1640841533310749952,-2.419049,0.238360,1.311618,0.690284,-0.019812,0.138170,-0.709947
1640841533311669760,-2.419733,0.238070,1.312569,0.690102,-0.019955,0.138591,-0.710037
1640841533315699712,-2.422704,0.236789,1.316724,0.689301,-0.020535,0.140397,-0.710444
1640841533316689920,-2.423428,0.236471,1.317744,0.689102,-0.020669,0.140833,-0.710547
1640841533320719872,-2.426347,0.235161,1.321884,0.688284,-0.021196,0.142590,-0.710974
1640841533321679872,-2.427036,0.234846,1.322869,0.688088,-0.021319,0.143004,-0.711077
1640841533326030080,-2.430129,0.233401,1.327321,0.687198,-0.021867,0.144844,-0.711548
1640841533326690048,-2.430594,0.233180,1.327996,0.687064,-0.021950,0.145117,-0.711620
1640841533330779904,-2.433450,0.231792,1.332167,0.686242,-0.022472,0.146764,-0.712058
1640841533331679744,-2.434073,0.231484,1.333082,0.686064,-0.022588,0.147116,-0.712154
1640841533335699968,-2.436828,0.230092,1.337167,0.685268,-0.023112,0.148655,-0.712583
1640841533336719872,-2.437520,0.229735,1.338201,0.685066,-0.023246,0.149039,-0.712693
1640841533340750080,-2.440228,0.228310,1.342280,0.684256,-0.023771,0.150543,-0.713137
1640841533342659840,-2.441496,0.227626,1.344208,0.683868,-0.024018,0.151249,-0.713353
1640841533345690112,-2.443488,0.226530,1.347262,0.683251,-0.024403,0.152353,-0.713696
1640841533348019712,-2.445003,0.225678,1.349605,0.682780,-0.024691,0.153184,-0.713958
1640841533350989824,-2.446913,0.224581,1.352586,0.682191,-0.025047,0.154216,-0.714287
1640841533351869696,-2.447475,0.224253,1.353467,0.682019,-0.025150,0.154515,-0.714383
1640841533355670016,-2.449875,0.222824,1.357268,0.681286,-0.025588,0.155784,-0.714791
1640841533358340096,-2.451538,0.221807,1.359932,0.680773,-0.025895,0.156661,-0.715077
1640841533360639744,-2.452955,0.220922,1.362222,0.680330,-0.026163,0.157413,-0.715324
1640841533361719808,-2.453616,0.220504,1.363296,0.680121,-0.026290,0.157765,-0.715440
1640841533365759744,-2.456059,0.218924,1.367304,0.679334,-0.026758,0.159069,-0.715882
1640841533366710016,-2.456627,0.218549,1.368245,0.679147,-0.026865,0.159373,-0.715987
1640841533370659840,-2.458962,0.216973,1.372148,0.678367,-0.027290,0.160615,-0.716433
1640841533371889920,-2.459680,0.216478,1.373361,0.678123,-0.027414,0.160995,-0.716574
1640841533375719936,-2.461891,0.214920,1.377130,0.677362,-0.027783,0.162150,-0.717019
1640841533376719872,-2.462461,0.214509,1.378112,0.677164,-0.027877,0.162444,-0.717136
1640841533381529856,-2.465166,0.212513,1.382824,0.676221,-0.028329,0.163810,-0.717697
1640841533382159872,-2.465516,0.212248,1.383440,0.676098,-0.028388,0.163983,-0.717771
1640841533385799936,-2.467515,0.210709,1.386992,0.675394,-0.028726,0.164962,-0.718196
1640841533387040000,-2.468187,0.210180,1.388199,0.675155,-0.028838,0.165290,-0.718341
1640841533390650112,-2.470121,0.208626,1.391707,0.674456,-0.029145,0.166230,-0.718768
1640841533391719936,-2.470687,0.208161,1.392745,0.674248,-0.029231,0.166505,-0.718896
1640841533395689984,-2.472760,0.206421,1.396587,0.673480,-0.029534,0.167501,-0.719372
1640841533396649728,-2.473254,0.205996,1.397513,0.673296,-0.029604,0.167735,-0.719487
1640841533402309888,-2.476118,0.203463,1.402963,0.672229,-0.030006,0.169036,-0.720163
1640841533404679936,-2.477291,0.202386,1.405237,0.671790,-0.030164,0.169542,-0.720447
1640841533405740032,-2.477810,0.201902,1.406253,0.671595,-0.030231,0.169761,-0.720574
1640841533406669824,-2.478264,0.201475,1.407143,0.671424,-0.030288,0.169950,-0.720687
1640841533410670080,-2.480185,0.199625,1.410964,0.670686,-0.030501,0.170734,-0.721180
1640841533412070144,-2.480847,0.198971,1.412298,0.670426,-0.030564,0.170999,-0.721356
1640841533415660032,-2.482519,0.197279,1.415711,0.669763,-0.030704,0.171659,-0.721809
1640841533416839936,-2.483061,0.196719,1.416831,0.669547,-0.030747,0.171873,-0.721956
1640841533421209856,-2.485034,0.194623,1.420967,0.668765,-0.030906,0.172658,-0.722487
1640841533422679808,-2.485685,0.193911,1.422355,0.668506,-0.030959,0.172920,-0.722662
1640841533425649920,-2.486983,0.192461,1.425153,0.667980,-0.031061,0.173442,-0.723018
1640841533426669824,-2.487423,0.191960,1.426112,0.667798,-0.031094,0.173619,-0.723143
1640841533430680064,-2.489125,0.189972,1.429875,0.667060,-0.031203,0.174297,-0.723656
1640841533431680000,-2.489542,0.189472,1.430811,0.666871,-0.031225,0.174460,-0.723790
1640841533435840000,-2.491248,0.187375,1.434696,0.666081,-0.031284,0.175093,-0.724362
1640841533437209856,-2.491799,0.186679,1.435972,0.665824,-0.031293,0.175281,-0.724552
1640841533440699904,-2.493179,0.184889,1.439217,0.665190,-0.031288,0.175698,-0.725034
1640841533441649920,-2.493549,0.184398,1.440098,0.665022,-0.031282,0.175798,-0.725164
1640841533445649920,-2.495078,0.182316,1.443800,0.664329,-0.031247,0.176176,-0.725708
1640841533446660096,-2.495457,0.181786,1.444733,0.664156,-0.031239,0.176263,-0.725846
1640841533451529984,-2.497244,0.179207,1.449218,0.663328,-0.031225,0.176663,-0.726506
1640841533452519936,-2.497599,0.178677,1.450127,0.663159,-0.031229,0.176743,-0.726641
1640841533455799808,-2.498756,0.176912,1.453134,0.662598,-0.031248,0.177000,-0.727089
1640841533456719872,-2.499076,0.176414,1.453976,0.662441,-0.031252,0.177067,-0.727216
1640841533460659968,-2.500416,0.174263,1.457572,0.661773,-0.031235,0.177318,-0.727763
1640841533461649920,-2.500746,0.173719,1.458474,0.661606,-0.031222,0.177371,-0.727902
1640841533465920000,-2.502137,0.171352,1.462353,0.660896,-0.031140,0.177562,-0.728504
1640841533467219712,-2.502551,0.170626,1.463531,0.660683,-0.031110,0.177611,-0.728687
1640841533471750144,-2.503955,0.168071,1.467625,0.659949,-0.031010,0.177758,-0.729320
1640841533472169984,-2.504082,0.167833,1.468003,0.659882,-0.031002,0.177770,-0.729378
1640841533475689984,-2.505129,0.165822,1.471171,0.659326,-0.030943,0.177867,-0.729860
1640841533476689920,-2.505421,0.165247,1.472069,0.659169,-0.030924,0.177888,-0.729997
1640841533480649984,-2.506547,0.162953,1.475617,0.658550,-0.030811,0.177926,-0.730551
1640841533481809920,-2.506868,0.162276,1.476654,0.658369,-0.030764,0.177922,-0.730718
1640841533485709824,-2.507922,0.159984,1.480132,0.657758,-0.030577,0.177868,-0.731288
1640841533487069952,-2.508280,0.159179,1.481341,0.657544,-0.030507,0.177840,-0.731490
1640841533491879936,-2.509503,0.156306,1.485607,0.656786,-0.030264,0.177719,-0.732211
1640841533492440064,-2.509642,0.155969,1.486103,0.656698,-0.030236,0.177702,-0.732295
1640841533495649792,-2.510418,0.154027,1.488938,0.656199,-0.030072,0.177584,-0.732777
1640841533496719872,-2.510670,0.153376,1.489881,0.656036,-0.030013,0.177535,-0.732938
1640841533500779776,-2.511599,0.150889,1.493450,0.655435,-0.029766,0.177292,-0.733544
1640841533501659904,-2.511794,0.150346,1.494222,0.655308,-0.029707,0.177228,-0.733675
1640841533505750016,-2.512675,0.147806,1.497802,0.654726,-0.029418,0.176879,-0.734291
1640841533507449856,-2.513027,0.146743,1.499285,0.654483,-0.029292,0.176713,-0.734552
1640841533510749696,-2.513688,0.144665,1.502159,0.654002,-0.029047,0.176366,-0.735073
1640841533512419840,-2.514012,0.143606,1.503610,0.653754,-0.028923,0.176179,-0.735344
1640841533515679744,-2.514621,0.141526,1.506435,0.653265,-0.028678,0.175789,-0.735880
1640841533516729856,-2.514811,0.140853,1.507344,0.653109,-0.028597,0.175656,-0.736054
1640841533520759808,-2.515513,0.138251,1.510822,0.652527,-0.028274,0.175109,-0.736713
1640841533521659904,-2.515664,0.137666,1.511597,0.652402,-0.028198,0.174978,-0.736857
1640841533525740032,-2.516320,0.134999,1.515101,0.651851,-0.027851,0.174361,-0.737504
1640841533526719744,-2.516471,0.134354,1.515941,0.651721,-0.027767,0.174208,-0.737658
1640841533530839808,-2.517077,0.131626,1.519464,0.651180,-0.027428,0.173550,-0.738304
1640841533531649792,-2.517191,0.131087,1.520155,0.651074,-0.027364,0.173419,-0.738430
1640841533535779840,-2.517743,0.128320,1.523670,0.650531,-0.027047,0.172745,-0.739078
1640841533536729856,-2.517864,0.127680,1.524477,0.650406,-0.026976,0.172588,-0.739228
1640841533540689920,-2.518341,0.124994,1.527832,0.649883,-0.026683,0.171924,-0.739853
1640841533541949952,-2.518484,0.124135,1.528897,0.649716,-0.026589,0.171708,-0.740053
1640841533545909760,-2.518907,0.121417,1.532237,0.649202,-0.026287,0.170997,-0.740679
1640841533548280064,-2.519140,0.119778,1.534230,0.648905,-0.026096,0.170541,-0.741052
1640841533550639872,-2.519357,0.118137,1.536210,0.648619,-0.025895,0.170057,-0.741420
1640841533551620096,-2.519443,0.117453,1.537031,0.648504,-0.025809,0.169847,-0.741572
1640841533555689728,-2.519773,0.114596,1.540433,0.648036,-0.025428,0.168925,-0.742204
1640841533556699904,-2.519848,0.113883,1.541276,0.647922,-0.025328,0.168686,-0.742361
1640841533560930048,-2.520134,0.110880,1.544796,0.647443,-0.024891,0.167641,-0.743031
1640841533561740032,-2.520184,0.110301,1.545469,0.647351,-0.024803,0.167433,-0.743160
1640841533565680128,-2.520400,0.107474,1.548733,0.646909,-0.024358,0.166381,-0.743796
1640841533566759936,-2.520452,0.106694,1.549626,0.646790,-0.024231,0.166080,-0.743971
1640841533570780160,-2.520621,0.103777,1.552943,0.646361,-0.023737,0.164899,-0.744622
1640841533571660032,-2.520652,0.103135,1.553667,0.646270,-0.023626,0.164629,-0.744764
1640841533576769792,-2.520796,0.099385,1.557863,0.645763,-0.022988,0.163028,-0.745576
1640841533578389760,-2.520827,0.098187,1.559190,0.645607,-0.022797,0.162519,-0.745828
1640841533580689920,-2.520861,0.096480,1.561070,0.645391,-0.022542,0.161805,-0.746178
1640841533581660160,-2.520871,0.095758,1.561862,0.645301,-0.022440,0.161507,-0.746324
1640841533585779968,-2.520887,0.092674,1.565218,0.644928,-0.022031,0.160266,-0.746925
1640841533586679808,-2.520885,0.091996,1.565950,0.644850,-0.021945,0.160000,-0.747053
1640841533590700032,-2.520852,0.088957,1.569212,0.644510,-0.021559,0.158822,-0.747608
1640841533591939840,-2.520833,0.088014,1.570216,0.644409,-0.021439,0.158462,-0.747775
1640841533595919872,-2.520748,0.084974,1.573431,0.644089,-0.021049,0.157300,-0.748306
1640841533597029888,-2.520718,0.084122,1.574327,0.644001,-0.020939,0.156972,-0.748454
1640841533600750080,-2.520594,0.081252,1.577321,0.643705,-0.020566,0.155854,-0.748953
1640841533601799936,-2.520552,0.080438,1.578164,0.643621,-0.020460,0.155532,-0.749095
1640841533605659904,-2.520378,0.077433,1.581259,0.643321,-0.020067,0.154311,-0.749616
1640841533606690048,-2.520325,0.076628,1.582084,0.643244,-0.019963,0.153975,-0.749754
1640841533610849792,-2.520087,0.073358,1.585407,0.642955,-0.019540,0.152568,-0.750300
1640841533611680000,-2.520035,0.072703,1.586068,0.642901,-0.019456,0.152278,-0.750407
1640841533616109824,-2.519727,0.069189,1.589594,0.642632,-0.018999,0.150701,-0.750967
1640841533617280000,-2.519638,0.068256,1.590523,0.642565,-0.018875,0.150280,-0.751113
1640841533620790016,-2.519352,0.065445,1.593306,0.642365,-0.018490,0.149016,-0.751544
1640841533621799936,-2.519265,0.064633,1.594106,0.642309,-0.018376,0.148652,-0.751667
1640841533625789952,-2.518896,0.061411,1.597259,0.642091,-0.017919,0.147200,-0.752151
1640841533626819840,-2.518794,0.060576,1.598072,0.642036,-0.017800,0.146819,-0.752275
1640841533631069952,-2.518351,0.057113,1.601419,0.641815,-0.017311,0.145208,-0.752787
1640841533632740096,-2.518166,0.055746,1.602732,0.641731,-0.017121,0.144558,-0.752988
1640841533635719936,-2.517819,0.053296,1.605071,0.641591,-0.016786,0.143385,-0.753339
1640841533637299968,-2.517627,0.051992,1.606310,0.641522,-0.016609,0.142762,-0.753520
1640841533640659712,-2.517201,0.049208,1.608939,0.641392,-0.016238,0.141445,-0.753888
1640841533641939968,-2.517032,0.048143,1.609939,0.641347,-0.016098,0.140948,-0.754021
1640841533646679808,-2.516375,0.044181,1.613637,0.641207,-0.015585,0.139122,-0.754490
1640841533647680000,-2.516230,0.043341,1.614416,0.641181,-0.015478,0.138738,-0.754585
1640841533650679808,-2.515782,0.040814,1.616750,0.641110,-0.015158,0.137585,-0.754863
1640841533651680000,-2.515629,0.039969,1.617527,0.641087,-0.015052,0.137200,-0.754955
1640841533655709952,-2.514989,0.036549,1.620655,0.641004,-0.014629,0.135643,-0.755315
1640841533657019904,-2.514773,0.035434,1.621670,0.640979,-0.014493,0.135136,-0.755430
1640841533660679936,-2.514152,0.032304,1.624503,0.640910,-0.014114,0.133711,-0.755749
1640841533661860096,-2.513945,0.031291,1.625415,0.640889,-0.013992,0.133250,-0.755850
1640841533665829888,-2.513230,0.027870,1.628480,0.640826,-0.013577,0.131683,-0.756186
1640841533667970048,-2.512831,0.026018,1.630130,0.640800,-0.013348,0.130825,-0.756361
1640841533670650112,-2.512318,0.023690,1.632194,0.640779,-0.013051,0.129733,-0.756572
1640841533671799808,-2.512094,0.022688,1.633079,0.640774,-0.012921,0.129258,-0.756660
1640841533675719936,-2.511308,0.019261,1.636092,0.640771,-0.012468,0.127614,-0.756949
1640841533676800000,-2.511087,0.018314,1.636922,0.640773,-0.012342,0.127154,-0.757026
1640841533680790016,-2.510248,0.014801,1.639983,0.640789,-0.011883,0.125439,-0.757306
1640841533681659904,-2.510060,0.014033,1.640649,0.640794,-0.011785,0.125061,-0.757367
1640841533685669888,-2.509179,0.010478,1.643720,0.640820,-0.011336,0.123298,-0.757641
1640841533686759936,-2.508934,0.009509,1.644554,0.640828,-0.011215,0.122813,-0.757714
1640841533690699776,-2.508030,0.005993,1.647565,0.640863,-0.010776,0.121031,-0.757977
1640841533691689984,-2.507798,0.005106,1.648322,0.640874,-0.010665,0.120578,-0.758042
1640841533695849984,-2.506804,0.001369,1.651497,0.640930,-0.010199,0.118666,-0.758303
1640841533696719872,-2.506592,0.000585,1.652160,0.640945,-0.010101,0.118267,-0.758354
1640841533702759936,-2.505082,-0.004883,1.656762,0.641090,-0.009436,0.115545,-0.758659
1640841533703359744,-2.504928,-0.005428,1.657219,0.641109,-0.009371,0.115278,-0.758685
1640841533706039808,-2.504234,-0.007869,1.659259,0.641195,-0.009079,0.114086,-0.758795
1640841533709489920,-2.503322,-0.011023,1.661882,0.641316,-0.008701,0.112535,-0.758929
1640841533710599936,-2.503024,-0.012041,1.662726,0.641356,-0.008579,0.112028,-0.758972
1640841533711670016,-2.502735,-0.013023,1.663539,0.641395,-0.008460,0.111536,-0.759013
1640841533715709952,-2.501625,-0.016743,1.666608,0.641545,-0.008008,0.109652,-0.759166
1640841533716719872,-2.501343,-0.017676,1.667375,0.641584,-0.007895,0.109178,-0.759203
1640841533720699904,-2.500216,-0.021362,1.670396,0.641742,-0.007446,0.107310,-0.759339
1640841533721789952,-2.499902,-0.022374,1.671223,0.641788,-0.007322,0.106800,-0.759374
1640841533726719744,-2.498460,-0.026969,1.674963,0.642010,-0.006755,0.104484,-0.759514
1640841533727200000,-2.498318,-0.027418,1.675327,0.642033,-0.006699,0.104257,-0.759526
1640841533730649856,-2.497282,-0.030650,1.677942,0.642211,-0.006284,0.102611,-0.759602
1640841533731869952,-2.496911,-0.031795,1.678867,0.642279,-0.006134,0.102023,-0.759626
1640841533735829760,-2.495692,-0.035524,1.681868,0.642509,-0.005640,0.100099,-0.759691
1640841533736780032,-2.495395,-0.036421,1.682588,0.642565,-0.005522,0.099636,-0.759705
1640841533741220096,-2.493992,-0.040625,1.685953,0.642823,-0.004987,0.097488,-0.759770
1640841533741720064,-2.493832,-0.041100,1.686332,0.642851,-0.004929,0.097249,-0.759777
1640841533745779968,-2.492520,-0.044962,1.689409,0.643078,-0.004473,0.095308,-0.759833
1640841533746699776,-2.492219,-0.045839,1.690106,0.643131,-0.004372,0.094868,-0.759844
1640841533750639872,-2.490916,-0.049605,1.693092,0.643371,-0.003942,0.092965,-0.759879
1640841533751719936,-2.490555,-0.050640,1.693910,0.643441,-0.003824,0.092439,-0.759884
1640841533756079872,-2.489081,-0.054828,1.697216,0.643741,-0.003358,0.090317,-0.759888
1640841533756780032,-2.488841,-0.055502,1.697746,0.643791,-0.003284,0.089979,-0.759886
1640841533760669952,-2.487499,-0.059256,1.700697,0.644077,-0.002888,0.088127,-0.759862
1640841533762009856,-2.487032,-0.060552,1.701713,0.644179,-0.002756,0.087500,-0.759849
1640841533765659904,-2.485747,-0.064089,1.704483,0.644464,-0.002406,0.085810,-0.759801
1640841533766729728,-2.485367,-0.065129,1.705295,0.644550,-0.002305,0.085315,-0.759783
1640841533770749696,-2.483925,-0.069041,1.708348,0.644887,-0.001932,0.083445,-0.759706
1640841533771770112,-2.483556,-0.070036,1.709123,0.644976,-0.001837,0.082967,-0.759684
1640841533775729920,-2.482110,-0.073907,1.712132,0.645328,-0.001472,0.081100,-0.759587
1640841533776699904,-2.481753,-0.074857,1.712870,0.645415,-0.001383,0.080641,-0.759562
1640841533782609920,-2.479551,-0.080660,1.717367,0.645958,-0.000830,0.077836,-0.759394
1640841533783039744,-2.479389,-0.081083,1.717694,0.645998,-0.000789,0.077631,-0.759381
1640841533785719808,-2.478375,-0.083725,1.719736,0.646251,-0.000529,0.076355,-0.759295
1640841533786700032,-2.478002,-0.084692,1.720483,0.646345,-0.000431,0.075887,-0.759262
1640841533790819840,-2.476422,-0.088765,1.723625,0.646753,-0.000005,0.073911,-0.759109
1640841533791689984,-2.476086,-0.089627,1.724288,0.646842,0.000088,0.073491,-0.759074
1640841533796140032,-2.474353,-0.094043,1.727687,0.647308,0.000569,0.071322,-0.758884
1640841533797230080,-2.473925,-0.095126,1.728520,0.647423,0.000686,0.070783,-0.758836
1640841533800809984,-2.472510,-0.098691,1.731259,0.647805,0.001058,0.068992,-0.758675
1640841533802259968,-2.471933,-0.100137,1.732369,0.647961,0.001202,0.068260,-0.758608
1640841533805729792,-2.470543,-0.103604,1.735027,0.648337,0.001525,0.066512,-0.758441
1640841533806789888,-2.470116,-0.104664,1.735840,0.648454,0.001617,0.065983,-0.758387
1640841533810860032,-2.468465,-0.108742,1.738964,0.648915,0.001937,0.064006,-0.758161
1640841533811689728,-2.468127,-0.109575,1.739602,0.649012,0.001995,0.063616,-0.758111
1640841533815759872,-2.466456,-0.113665,1.742732,0.649502,0.002246,0.061768,-0.757843
1640841533817430016,-2.465765,-0.115346,1.744017,0.649711,0.002337,0.061031,-0.757723
1640841533820619776,-2.464440,-0.118561,1.746476,0.650125,0.002503,0.059637,-0.757479
1640841533821649920,-2.464009,-0.119601,1.747270,0.650262,0.002554,0.059187,-0.757397
1640841533825789952,-2.462271,-0.123784,1.750468,0.650822,0.002761,0.057369,-0.757055
1640841533826749952,-2.461865,-0.124756,1.751210,0.650952,0.002810,0.056943,-0.756975
1640841533831209984,-2.459971,-0.129274,1.754663,0.651550,0.003042,0.054926,-0.756609
1640841533831769856,-2.459732,-0.129842,1.755097,0.651624,0.003073,0.054668,-0.756563
1640841533835980032,-2.457926,-0.134118,1.758364,0.652179,0.003319,0.052714,-0.756222
1640841533837179904,-2.457409,-0.135338,1.759296,0.652339,0.003396,0.052156,-0.756123
1640841533840620032,-2.455919,-0.138840,1.761973,0.652806,0.003637,0.050561,-0.755827
1640841533841679872,-2.455458,-0.139920,1.762798,0.652952,0.003716,0.050074,-0.755733
1640841533845719808,-2.453693,-0.144041,1.765949,0.653525,0.004027,0.048230,-0.755356
1640841533847909888,-2.452731,-0.146277,1.767660,0.653843,0.004195,0.047243,-0.755142
1640841533851019776,-2.451359,-0.149457,1.770094,0.654304,0.004423,0.045856,-0.754827
1640841533851879936,-2.450978,-0.150337,1.770768,0.654433,0.004483,0.045474,-0.754738
1640841533855689984,-2.449285,-0.154239,1.773757,0.655007,0.004735,0.043783,-0.754338
1640841533856699904,-2.448835,-0.155274,1.774550,0.655159,0.004798,0.043333,-0.754232
1640841533860750080,-2.447021,-0.159428,1.777736,0.655761,0.005032,0.041504,-0.753810
1640841533861769984,-2.446563,-0.160475,1.778540,0.655911,0.005087,0.041037,-0.753705
1640841533865989888,-2.444659,-0.164811,1.781871,0.656533,0.005302,0.039103,-0.753265
1640841533868409856,-2.443563,-0.167300,1.783785,0.656900,0.005419,0.038013,-0.752999
1640841533870779904,-2.442485,-0.169740,1.785663,0.657274,0.005532,0.036972,-0.752724
1640841533871949824,-2.441952,-0.170944,1.786591,0.657463,0.005586,0.036468,-0.752583
1640841533875660032,-2.440256,-0.174767,1.789538,0.658075,0.005749,0.034898,-0.752121
1640841533876729856,-2.439766,-0.175870,1.790390,0.658255,0.005792,0.034450,-0.751984
1640841533881120000,-2.437746,-0.180399,1.793889,0.658991,0.005941,0.032618,-0.751420
1640841533883089920,-2.436837,-0.182433,1.795463,0.659320,0.005995,0.031795,-0.751166
1640841533885720064,-2.435620,-0.185150,1.797568,0.659760,0.006059,0.030703,-0.750824
1640841533886769920,-2.435133,-0.186235,1.798409,0.659936,0.006083,0.030270,-0.750687
1640841533890650112,-2.433329,-0.190246,1.801524,0.660591,0.006174,0.028691,-0.750172
1640841533891680000,-2.432849,-0.191311,1.802352,0.660766,0.006199,0.028279,-0.750033
1640841533896090112,-2.430788,-0.195875,1.805906,0.661523,0.006317,0.026539,-0.749428
1640841533897209856,-2.430263,-0.197034,1.806810,0.661717,0.006350,0.026103,-0.749272
1640841533900649984,-2.428648,-0.200596,1.809592,0.662315,0.006458,0.024772,-0.748788
1640841533902419968,-2.427815,-0.202430,1.811027,0.662624,0.006517,0.024089,-0.748537
1640841533905659904,-2.426287,-0.205787,1.813658,0.663190,0.006628,0.022841,-0.748073
1640841533906739968,-2.425777,-0.206906,1.814536,0.663379,0.006665,0.022423,-0.747918
1640841533910840064,-2.423836,-0.211157,1.817878,0.664093,0.006796,0.020827,-0.747329
1640841533911699968,-2.423428,-0.212048,1.818580,0.664242,0.006821,0.020490,-0.747205
1640841533916090112,-2.421342,-0.216601,1.822172,0.665004,0.006944,0.018767,-0.746572
1640841533916790016,-2.421009,-0.217327,1.822746,0.665126,0.006964,0.018494,-0.746470
1640841533920749824,-2.419121,-0.221435,1.825999,0.665818,0.007082,0.016972,-0.745888
1640841533921779968,-2.418630,-0.222503,1.826847,0.665999,0.007113,0.016581,-0.745734
1640841533925689856,-2.416760,-0.226560,1.830072,0.666691,0.007225,0.015108,-0.745146
1640841533926739968,-2.416257,-0.227650,1.830940,0.666879,0.007252,0.014714,-0.744986
1640841533930939904,-2.414243,-0.232008,1.834419,0.667633,0.007336,0.013130,-0.744339
1640841533931979776,-2.413744,-0.233087,1.835283,0.667821,0.007351,0.012737,-0.744177
1640841533936749824,-2.411450,-0.238035,1.839252,0.668688,0.007393,0.010957,-0.743426
1640841533937569792,-2.411055,-0.238886,1.839936,0.668837,0.007397,0.010656,-0.743296
1640841533940649984,-2.409571,-0.242081,1.842510,0.669401,0.007406,0.009550,-0.742803
1640841533942529792,-2.408664,-0.244031,1.844084,0.669745,0.007408,0.008897,-0.742501
1640841533945829888,-2.407071,-0.247453,1.846853,0.670351,0.007407,0.007801,-0.741966
1640841533947000064,-2.406505,-0.248666,1.847837,0.670566,0.007407,0.007430,-0.741775
1640841533951259904,-2.404445,-0.253082,1.851427,0.671349,0.007410,0.006178,-0.741079
1640841533952280064,-2.403951,-0.254140,1.852289,0.671536,0.007412,0.005903,-0.740912
1640841533955719936,-2.402285,-0.257704,1.855200,0.672164,0.007442,0.004953,-0.740348
1640841533956819968,-2.401752,-0.258843,1.856133,0.672364,0.007467,0.004579,-0.740169
1640841533960889856,-2.399778,-0.263057,1.859592,0.673106,0.007541,0.003121,-0.739501
1640841533962449920,-2.399021,-0.264672,1.860922,0.673397,0.007529,0.002666,-0.739238
1640841533967249920,-2.396691,-0.269638,1.865023,0.674306,0.007431,0.001442,-0.738413
1640841533967639808,-2.396502,-0.270042,1.865357,0.674380,0.007424,0.001341,-0.738346
1640841533971109888,-2.394816,-0.273629,1.868334,0.675035,0.007395,0.000371,-0.737748
1640841533972440064,-2.394170,-0.275003,1.869477,0.675284,0.007398,-0.000030,-0.737520
1640841533975669760,-2.392600,-0.278340,1.872260,0.675883,0.007428,-0.001029,-0.736971
1640841533977269760,-2.391822,-0.279992,1.873641,0.676176,0.007450,-0.001523,-0.736701
1640841533980800000,-2.390105,-0.283634,1.876696,0.676812,0.007502,-0.002561,-0.736114
1640841533981809920,-2.389614,-0.284676,1.877571,0.676991,0.007516,-0.002843,-0.735947
1640841533985669888,-2.387737,-0.288655,1.880925,0.677678,0.007555,-0.003878,-0.735310
1640841533987030016,-2.387075,-0.290056,1.882110,0.677921,0.007561,-0.004236,-0.735084
1640841533990670080,-2.385305,-0.293804,1.885287,0.678585,0.007554,-0.005200,-0.734465
1640841533991819776,-2.384746,-0.294987,1.886293,0.678797,0.007545,-0.005506,-0.734266
1640841533995810048,-2.382806,-0.299090,1.889791,0.679539,0.007501,-0.006560,-0.733571
1640841533997089792,-2.382183,-0.300405,1.890916,0.679777,0.007486,-0.006893,-0.733348
1640841534001070080,-2.380249,-0.304491,1.894422,0.680511,0.007442,-0.007893,-0.732657
1640841534001769984,-2.379909,-0.305209,1.895040,0.680639,0.007436,-0.008064,-0.732537
1640841534005779968,-2.377960,-0.309321,1.898587,0.681368,0.007396,-0.009006,-0.731848
1640841534007079936,-2.377329,-0.310652,1.899739,0.681603,0.007380,-0.009299,-0.731625
1640841534010860032,-2.375494,-0.314522,1.903098,0.682290,0.007321,-0.010121,-0.730975
1640841534011869952,-2.375004,-0.315555,1.903998,0.682474,0.007302,-0.010333,-0.730800
1640841534015659776,-2.373165,-0.319428,1.907379,0.683167,0.007224,-0.011108,-0.730142
1640841534017029888,-2.372500,-0.320828,1.908605,0.683419,0.007195,-0.011381,-0.729902
1640841534020609792,-2.370765,-0.324480,1.911813,0.684078,0.007125,-0.012083,-0.729274
1640841534021730048,-2.370223,-0.325622,1.912819,0.684284,0.007104,-0.012300,-0.729077
1640841534025760000,-2.368271,-0.329726,1.916447,0.685028,0.007033,-0.013068,-0.728366
1640841534027330048,-2.367512,-0.331323,1.917863,0.685317,0.007003,-0.013362,-0.728089
1640841534030659840,-2.365901,-0.334708,1.920874,0.685927,0.006933,-0.013976,-0.727503
1640841534031719936,-2.365389,-0.335784,1.921834,0.686121,0.006908,-0.014169,-0.727317
1640841534035729920,-2.363452,-0.339852,1.925475,0.686847,0.006811,-0.014883,-0.726618
1640841534036779776,-2.362945,-0.340916,1.926430,0.687036,0.006787,-0.015066,-0.726436
1640841534040689920,-2.361060,-0.344875,1.929995,0.687736,0.006717,-0.015726,-0.725760
1640841534041949952,-2.360452,-0.346149,1.931146,0.687960,0.006698,-0.015931,-0.725542
1640841534045670144,-2.358661,-0.349908,1.934552,0.688623,0.006642,-0.016509,-0.724901
1640841534046749952,-2.358141,-0.350997,1.935542,0.688816,0.006622,-0.016668,-0.724714
1640841534050940160,-2.356127,-0.355221,1.939395,0.689569,0.006514,-0.017242,-0.723985
1640841534051689984,-2.355766,-0.355976,1.940086,0.689705,0.006488,-0.017338,-0.723854
1640841534055680000,-2.353851,-0.359989,1.943769,0.690428,0.006337,-0.017824,-0.723154
1640841534057299968,-2.353074,-0.361617,1.945268,0.690721,0.006273,-0.018016,-0.722870
1640841534060679936,-2.351455,-0.365008,1.948401,0.691330,0.006149,-0.018418,-0.722279
1640841534062579968,-2.350545,-0.366912,1.950166,0.691670,0.006085,-0.018641,-0.721948
1640841534065729792,-2.349039,-0.370064,1.953098,0.692230,0.005983,-0.018995,-0.721402
1640841534066860032,-2.348499,-0.371194,1.954152,0.692431,0.005947,-0.019114,-0.721207
1640841534070749952,-2.346642,-0.375079,1.957787,0.693117,0.005817,-0.019476,-0.720538
1640841534071759872,-2.346160,-0.376086,1.958732,0.693295,0.005781,-0.019556,-0.720365
1640841534075650048,-2.344306,-0.379960,1.962380,0.693983,0.005634,-0.019830,-0.719696
1640841534076779776,-2.343768,-0.381084,1.963442,0.694185,0.005589,-0.019901,-0.719499
1640841534080699904,-2.341904,-0.384979,1.967133,0.694896,0.005418,-0.020134,-0.718807
1640841534081709824,-2.341424,-0.385981,1.968085,0.695081,0.005372,-0.020191,-0.718627
1640841534085789952,-2.339488,-0.390023,1.971941,0.695823,0.005194,-0.020422,-0.717904
1640841534086799872,-2.339009,-0.391023,1.972898,0.696004,0.005154,-0.020480,-0.717728
1640841534090739968,-2.337143,-0.394916,1.976635,0.696686,0.005023,-0.020709,-0.717060
1640841534091689728,-2.336694,-0.395853,1.977538,0.696845,0.004998,-0.020765,-0.716904
1640841534095749888,-2.334775,-0.399854,1.981403,0.697515,0.004901,-0.020982,-0.716246
1640841534096769792,-2.334293,-0.400858,1.982376,0.697683,0.004877,-0.021026,-0.716081
1640841534103219968,-2.331253,-0.407191,1.988545,0.698783,0.004679,-0.021161,-0.715005
1640841534104829952,-2.330495,-0.408769,1.990089,0.699064,0.004619,-0.021167,-0.714731
1640841534106439936,-2.329738,-0.410344,1.991635,0.699343,0.004556,-0.021169,-0.714458
1640841534107229952,-2.329367,-0.411117,1.992394,0.699480,0.004524,-0.021170,-0.714324
1640841534110609920,-2.327780,-0.414419,1.995647,0.700055,0.004387,-0.021186,-0.713762
1640841534111789824,-2.327226,-0.415570,1.996785,0.700252,0.004337,-0.021194,-0.713568
1640841534115779840,-2.325356,-0.419456,2.000637,0.700914,0.004162,-0.021220,-0.712918
1640841534116789760,-2.324884,-0.420438,2.001614,0.701081,0.004115,-0.021223,-0.712753
1640841534120719872,-2.323046,-0.424254,2.005422,0.701740,0.003915,-0.021204,-0.712107
1640841534121909760,-2.322490,-0.425408,2.006576,0.701942,0.003850,-0.021188,-0.711909
1640841534125689856,-2.320726,-0.429067,2.010251,0.702589,0.003625,-0.021104,-0.711273
1640841534126749952,-2.320232,-0.430092,2.011283,0.702772,0.003558,-0.021073,-0.711094
1640841534130699776,-2.318393,-0.433904,2.015135,0.703455,0.003291,-0.020925,-0.710424
1640841534131769856,-2.317895,-0.434934,2.016180,0.703640,0.003216,-0.020877,-0.710243
1640841534138350080,-2.314839,-0.441259,2.022622,0.704769,0.002742,-0.020546,-0.709134
1640841534139979776,-2.314084,-0.442822,2.024222,0.705045,0.002626,-0.020459,-0.708863
1640841534140849920,-2.313681,-0.443655,2.025077,0.705191,0.002566,-0.020412,-0.708719
1640841534143079936,-2.312648,-0.445789,2.027269,0.705563,0.002414,-0.020291,-0.708352
1640841534145619968,-2.311473,-0.448216,2.029770,0.705983,0.002249,-0.020151,-0.707938
1640841534146710016,-2.310969,-0.449256,2.030845,0.706162,0.002181,-0.020091,-0.707761
1640841534150789888,-2.309085,-0.453143,2.034873,0.706827,0.001941,-0.019856,-0.707105
1640841534151749888,-2.308643,-0.454056,2.035822,0.706983,0.001888,-0.019800,-0.706951
1640841534155849984,-2.306754,-0.457949,2.039881,0.707643,0.001666,-0.019554,-0.706298
1640841534157199872,-2.306132,-0.459228,2.041220,0.707859,0.001592,-0.019474,-0.706083
1640841534160659968,-2.304541,-0.462502,2.044656,0.708412,0.001397,-0.019268,-0.705535
1640841534161819904,-2.304009,-0.463598,2.045809,0.708596,0.001329,-0.019200,-0.705352
1640841534165699840,-2.302228,-0.467258,2.049672,0.709214,0.001091,-0.018964,-0.704737
1640841534166759936,-2.301742,-0.468256,2.050729,0.709383,0.001023,-0.018895,-0.704569
1640841534173339904,-2.298730,-0.474435,2.057303,0.710437,0.000584,-0.018408,-0.703519
1640841534174010112,-2.298424,-0.475063,2.057974,0.710545,0.000537,-0.018352,-0.703412
1640841534175770112,-2.297620,-0.476710,2.059736,0.710826,0.000414,-0.018202,-0.703132
1640841534177270016,-2.296935,-0.478113,2.061240,0.711065,0.000307,-0.018071,-0.702894
1640841534180679936,-2.295379,-0.481296,2.064662,0.711600,0.000058,-0.017770,-0.702360
1640841534181799936,-2.294869,-0.482339,2.065787,0.711774,-0.000026,-0.017671,-0.702186
1640841534186179840,-2.292875,-0.486413,2.070194,0.712452,-0.000369,-0.017276,-0.701508
1640841534187009792,-2.292497,-0.487184,2.071030,0.712581,-0.000436,-0.017200,-0.701379
1640841534190729984,-2.290806,-0.490632,2.074781,0.713163,-0.000755,-0.016848,-0.700795
1640841534191740160,-2.290348,-0.491567,2.075801,0.713323,-0.000845,-0.016750,-0.700635
1640841534195899904,-2.288460,-0.495409,2.080006,0.713981,-0.001215,-0.016336,-0.699973
1640841534196770048,-2.288066,-0.496212,2.080886,0.714118,-0.001290,-0.016249,-0.699836
1640841534200839936,-2.286223,-0.499958,2.085009,0.714746,-0.001620,-0.015836,-0.699203
1640841534201750016,-2.285811,-0.500794,2.085932,0.714883,-0.001688,-0.015744,-0.699065
1640841534205769984,-2.283993,-0.504481,2.090012,0.715482,-0.001973,-0.015332,-0.698460
1640841534207579904,-2.283176,-0.506138,2.091852,0.715749,-0.002094,-0.015145,-0.698191
1640841534210649856,-2.281790,-0.508943,2.094975,0.716197,-0.002294,-0.014826,-0.697737
1640841534211729920,-2.281303,-0.509928,2.096074,0.716354,-0.002364,-0.014714,-0.697578
1640841534215629824,-2.279545,-0.513480,2.100049,0.716918,-0.002606,-0.014319,-0.697006
1640841534217149952,-2.278861,-0.514861,2.101600,0.717136,-0.002696,-0.014172,-0.696783
1640841534220689920,-2.277268,-0.518073,2.105214,0.717642,-0.002894,-0.013859,-0.696268
1640841534221819904,-2.276760,-0.519096,2.106369,0.717802,-0.002954,-0.013769,-0.696105
1640841534225730048,-2.275002,-0.522631,2.110368,0.718353,-0.003153,-0.013481,-0.695541
1640841534226779904,-2.274531,-0.523579,2.111443,0.718501,-0.003208,-0.013405,-0.695390
1640841534230670080,-2.272785,-0.527083,2.115428,0.719046,-0.003434,-0.013101,-0.694831
1640841534231709952,-2.272318,-0.528018,2.116495,0.719191,-0.003504,-0.013009,-0.694681
1640841534235960064,-2.270413,-0.531832,2.120856,0.719787,-0.003844,-0.012553,-0.694071
1640841534236899840,-2.269992,-0.532674,2.121821,0.719919,-0.003929,-0.012439,-0.693935
1640841534240809984,-2.268241,-0.536169,2.125839,0.720467,-0.004270,-0.011999,-0.693372
1640841534241740032,-2.267825,-0.537000,2.126795,0.720597,-0.004338,-0.011916,-0.693238
1640841534245789952,-2.266013,-0.540607,2.130963,0.721162,-0.004603,-0.011617,-0.692653
1640841534246749952,-2.265584,-0.541461,2.131951,0.721297,-0.004664,-0.011549,-0.692514
1640841534251069952,-2.263654,-0.545294,2.136402,0.721903,-0.004976,-0.011179,-0.691886
1640841534252480000,-2.263024,-0.546543,2.137856,0.722101,-0.005091,-0.011035,-0.691681
1640841534255689984,-2.261591,-0.549380,2.141167,0.722552,-0.005371,-0.010683,-0.691213
1640841534256880128,-2.261060,-0.550430,2.142395,0.722718,-0.005478,-0.010549,-0.691040
1640841534260679936,-2.259364,-0.553778,2.146319,0.723245,-0.005820,-0.010129,-0.690493
1640841534261730048,-2.258896,-0.554701,2.147403,0.723388,-0.005913,-0.010018,-0.690343
1640841534265939968,-2.257018,-0.558395,2.151754,0.723958,-0.006274,-0.009588,-0.689749
1640841534267160064,-2.256475,-0.559463,2.153016,0.724121,-0.006373,-0.009467,-0.689578
1640841534270739968,-2.254879,-0.562592,2.156719,0.724595,-0.006651,-0.009112,-0.689083
1640841534271780096,-2.254416,-0.563500,2.157795,0.724731,-0.006727,-0.009009,-0.688940
1640841534275729920,-2.252656,-0.566939,2.161883,0.725244,-0.006999,-0.008614,-0.688403
1640841534277469952,-2.251881,-0.568451,2.163684,0.725468,-0.007118,-0.008445,-0.688167
1640841534280829952,-2.250384,-0.571365,2.167164,0.725901,-0.007362,-0.008136,-0.687712
1640841534282639872,-2.249578,-0.572932,2.169039,0.726134,-0.007508,-0.007982,-0.687466
1640841534286159872,-2.248011,-0.575972,2.172686,0.726586,-0.007808,-0.007698,-0.686988
1640841534287439872,-2.247441,-0.577075,2.174012,0.726748,-0.007920,-0.007595,-0.686816
1640841534290659840,-2.246007,-0.579847,2.177350,0.727150,-0.008195,-0.007322,-0.686391
1640841534291729920,-2.245530,-0.580766,2.178459,0.727281,-0.008284,-0.007226,-0.686252
1640841534295719936,-2.243753,-0.584187,2.182595,0.727761,-0.008605,-0.006853,-0.685743
1640841534296960000,-2.243201,-0.585248,2.183880,0.727909,-0.008705,-0.006738,-0.685586
1640841534301139712,-2.241338,-0.588818,2.188213,0.728411,-0.009054,-0.006372,-0.685051
1640841534301719808,-2.241080,-0.589312,2.188815,0.728482,-0.009104,-0.006325,-0.684976
1640841534305680128,-2.239315,-0.592681,2.192920,0.728964,-0.009452,-0.006022,-0.684460
1640841534306809856,-2.238811,-0.593641,2.194091,0.729102,-0.009552,-0.005941,-0.684313
1640841534310629888,-2.237108,-0.596878,2.198050,0.729567,-0.009886,-0.005676,-0.683815
1640841534311780096,-2.236594,-0.597850,2.199241,0.729706,-0.009986,-0.005598,-0.683665
1640841534315789824,-2.234805,-0.601235,2.203396,0.730190,-0.010332,-0.005321,-0.683145
1640841534320979712,-2.232487,-0.605599,2.208770,0.730812,-0.010795,-0.004928,-0.682475
1640841534321879808,-2.232085,-0.606354,2.209702,0.730920,-0.010877,-0.004854,-0.682360
1640841534322360064,-2.231870,-0.606757,2.210199,0.730977,-0.010922,-0.004814,-0.682298
1640841534325629952,-2.230408,-0.609494,2.213583,0.731365,-0.011231,-0.004541,-0.681879
1640841534326779904,-2.229894,-0.610455,2.214773,0.731501,-0.011342,-0.004445,-0.681731
1640841534330809856,-2.228090,-0.613815,2.218940,0.731977,-0.011741,-0.004122,-0.681215
1640841534331939840,-2.227583,-0.614755,2.220109,0.732111,-0.011855,-0.004036,-0.681071
1640841534336509952,-2.225535,-0.618549,2.224830,0.732647,-0.012310,-0.003707,-0.680488
1640841534337189888,-2.225230,-0.619113,2.225532,0.732726,-0.012377,-0.003661,-0.680401
1640841534341209856,-2.223425,-0.622436,2.229681,0.733193,-0.012755,-0.003405,-0.679892
1640841534342379776,-2.222899,-0.623402,2.230888,0.733328,-0.012861,-0.003335,-0.679745
1640841534345690112,-2.221411,-0.626128,2.234301,0.733707,-0.013159,-0.003143,-0.679331
1640841534346839808,-2.220893,-0.627073,2.235485,0.733837,-0.013262,-0.003077,-0.679189
1640841534350699776,-2.219155,-0.630239,2.239460,0.734269,-0.013620,-0.002857,-0.678716
1640841534351759872,-2.218677,-0.631107,2.240550,0.734386,-0.013722,-0.002795,-0.678588
1640841534355699968,-2.216898,-0.634325,2.244601,0.734818,-0.014116,-0.002561,-0.678112
1640841534358680064,-2.215551,-0.636752,2.247662,0.735145,-0.014434,-0.002375,-0.677752
1640841534360610048,-2.214678,-0.638321,2.249642,0.735359,-0.014649,-0.002250,-0.677516
1640841534362119936,-2.213995,-0.639547,2.251191,0.735527,-0.014822,-0.002151,-0.677330
1640841534365759744,-2.212344,-0.642494,2.254921,0.735932,-0.015257,-0.001916,-0.676881
1640841534368939776,-2.210900,-0.645062,2.258175,0.736286,-0.015655,-0.001727,-0.676488
1640841534370630144,-2.210132,-0.646424,2.259903,0.736472,-0.015872,-0.001635,-0.676279
1640841534371820032,-2.209590,-0.647382,2.261119,0.736604,-0.016027,-0.001573,-0.676133
1640841534376139776,-2.207622,-0.650850,2.265527,0.737077,-0.016600,-0.001342,-0.675604
1640841534376799744,-2.207321,-0.651379,2.266200,0.737149,-0.016689,-0.001303,-0.675523
1640841534380709888,-2.205534,-0.654505,2.270182,0.737572,-0.017217,-0.001034,-0.675048
1640841534381779968,-2.205045,-0.655359,2.271271,0.737688,-0.017361,-0.000945,-0.674918
1640841534385730048,-2.203235,-0.658504,2.275284,0.738112,-0.017899,-0.000580,-0.674441
1640841534386790144,-2.202748,-0.659346,2.276360,0.738225,-0.018045,-0.000479,-0.674313
1640841534391099904,-2.200767,-0.662761,2.280728,0.738688,-0.018650,-0.000093,-0.673790
1640841534392310016,-2.200210,-0.663718,2.281952,0.738817,-0.018823,0.000002,-0.673643
1640841534395649792,-2.198670,-0.666352,2.285328,0.739173,-0.019302,0.000240,-0.673238
1640841534396800000,-2.198139,-0.667258,2.286489,0.739294,-0.019466,0.000316,-0.673101
1640841534400669696,-2.196349,-0.670298,2.290390,0.739692,-0.020000,0.000562,-0.672648
1640841534401779968,-2.195834,-0.671168,2.291507,0.739804,-0.020148,0.000632,-0.672521
1640841534405679872,-2.194024,-0.674218,2.295427,0.740189,-0.020658,0.000890,-0.672080
1640841534406839808,-2.193485,-0.675122,2.296591,0.740303,-0.020809,0.000972,-0.671950
1640841534411660032,-2.191238,-0.678873,2.301418,0.740778,-0.021442,0.001357,-0.671406
1640841534413309696,-2.190467,-0.680152,2.303067,0.740942,-0.021662,0.001502,-0.671218
1640841534415670016,-2.189363,-0.681980,2.305423,0.741178,-0.021980,0.001714,-0.670947
1640841534416739840,-2.188862,-0.682807,2.306489,0.741285,-0.022125,0.001810,-0.670823
1640841534420749824,-2.186979,-0.685899,2.310480,0.741690,-0.022669,0.002148,-0.670356
1640841534421849856,-2.186462,-0.686745,2.311573,0.741801,-0.022819,0.002232,-0.670228
1640841534425710080,-2.184643,-0.689707,2.315400,0.742191,-0.023359,0.002513,-0.669777
1640841534426820096,-2.184119,-0.690557,2.316499,0.742302,-0.023522,0.002594,-0.669647
1640841534430689792,-2.182287,-0.693513,2.320322,0.742684,-0.024140,0.002903,-0.669201
1640841534431729920,-2.181794,-0.694306,2.321348,0.742784,-0.024320,0.002996,-0.669082
1640841534435859968,-2.179832,-0.697444,2.325411,0.743183,-0.025063,0.003392,-0.668610
1640841534436839936,-2.179365,-0.698187,2.326374,0.743278,-0.025240,0.003490,-0.668497
1640841534440739840,-2.177504,-0.701137,2.330196,0.743665,-0.025926,0.003881,-0.668038
1640841534441880064,-2.176958,-0.701997,2.331311,0.743780,-0.026121,0.003996,-0.667902
1640841534445750016,-2.175103,-0.704909,2.335088,0.744174,-0.026786,0.004384,-0.667434
1640841534446869760,-2.174565,-0.705749,2.336178,0.744288,-0.026983,0.004497,-0.667298
1640841534450649856,-2.172745,-0.708579,2.339851,0.744668,-0.027680,0.004880,-0.666843
1640841534451750144,-2.172214,-0.709401,2.340918,0.744777,-0.027892,0.004991,-0.666712
1640841534455729920,-2.170289,-0.712365,2.344767,0.745166,-0.028672,0.005391,-0.666240
1640841534457939968,-2.169217,-0.714006,2.346899,0.745381,-0.029099,0.005608,-0.665980
1640841534460609792,-2.167919,-0.715983,2.349468,0.745638,-0.029594,0.005862,-0.665668
1640841534461949952,-2.167266,-0.716974,2.350755,0.745767,-0.029832,0.005986,-0.665511
1640841534466009856,-2.165284,-0.719965,2.354644,0.746156,-0.030524,0.006347,-0.665041
1640841534467180032,-2.164711,-0.720825,2.355762,0.746267,-0.030718,0.006447,-0.664906
1640841534470639872,-2.163013,-0.723361,2.359060,0.746593,-0.031287,0.006736,-0.664510
1640841534471799808,-2.162443,-0.724209,2.360163,0.746702,-0.031478,0.006830,-0.664379
1640841534475859968,-2.160441,-0.727169,2.364013,0.747079,-0.032151,0.007141,-0.663918
1640841534477200128,-2.159779,-0.728143,2.365280,0.747204,-0.032374,0.007237,-0.663766
1640841534480969984,-2.157911,-0.730875,2.368834,0.747555,-0.033010,0.007479,-0.663337
1640841534482199808,-2.157300,-0.731764,2.369991,0.747671,-0.033220,0.007550,-0.663195
1640841534485689856,-2.155562,-0.734279,2.373264,0.747998,-0.033820,0.007737,-0.662793
1640841534486779904,-2.155017,-0.735063,2.374284,0.748100,-0.034009,0.007795,-0.662668
1640841534490739712,-2.153036,-0.737902,2.377977,0.748467,-0.034696,0.008012,-0.662216
1640841534491849984,-2.152479,-0.738695,2.379010,0.748568,-0.034891,0.008077,-0.662090
1640841534495780096,-2.150502,-0.741496,2.382654,0.748928,-0.035594,0.008321,-0.661643
1640841534497289984,-2.149740,-0.742568,2.384049,0.749066,-0.035873,0.008421,-0.661469
1640841534500800000,-2.147965,-0.745054,2.387283,0.749392,-0.036549,0.008662,-0.661061
1640841534501789696,-2.147463,-0.745753,2.388193,0.749484,-0.036748,0.008733,-0.660944
1640841534505959936,-2.145343,-0.748690,2.392012,0.749876,-0.037611,0.009041,-0.660446
1640841534507000064,-2.144813,-0.749420,2.392961,0.749974,-0.037831,0.009120,-0.660322
1640841534510809856,-2.142866,-0.752086,2.396428,0.750326,-0.038646,0.009416,-0.659870
1640841534512009984,-2.142251,-0.752923,2.397516,0.750436,-0.038903,0.009512,-0.659729
1640841534515780096,-2.140314,-0.755545,2.400924,0.750778,-0.039714,0.009823,-0.659287
1640841534516919808,-2.139727,-0.756336,2.401951,0.750881,-0.039958,0.009921,-0.659153
1640841534520619776,-2.137816,-0.758893,2.405273,0.751216,-0.040748,0.010252,-0.658718
1640841534521910016,-2.137148,-0.759782,2.406428,0.751334,-0.041021,0.010372,-0.658565
1640841534525639936,-2.135211,-0.762344,2.409754,0.751673,-0.041804,0.010725,-0.658123
1640841534526870016,-2.134570,-0.763186,2.410847,0.751784,-0.042061,0.010841,-0.657977
1640841534530720000,-2.132560,-0.765813,2.414255,0.752129,-0.042855,0.011191,-0.657526
1640841534531869952,-2.131958,-0.766595,2.415269,0.752230,-0.043091,0.011289,-0.657393
1640841534535759872,-2.129916,-0.769232,2.418688,0.752573,-0.043880,0.011600,-0.656943
1640841534536819968,-2.129358,-0.769949,2.419616,0.752666,-0.044094,0.011677,-0.656820
1640841534540889856,-2.127209,-0.772689,2.423165,0.753030,-0.044908,0.011942,-0.656344
1640841534541750016,-2.126754,-0.773266,2.423912,0.753107,-0.045079,0.011991,-0.656242
1640841534545709824,-2.124652,-0.775914,2.427339,0.753467,-0.045856,0.012190,-0.655771
1640841534546819840,-2.124061,-0.776654,2.428295,0.753567,-0.046070,0.012238,-0.655640
1640841534550669824,-2.122006,-0.779211,2.431600,0.753909,-0.046791,0.012382,-0.655193
1640841534551769856,-2.121417,-0.779939,2.432541,0.754005,-0.046991,0.012418,-0.655068
1640841534555779840,-2.119265,-0.782583,2.435955,0.754350,-0.047713,0.012535,-0.654616
1640841534556829952,-2.118700,-0.783273,2.436845,0.754441,-0.047903,0.012563,-0.654497
1640841534560580096,-2.116675,-0.785729,2.440011,0.754772,-0.048599,0.012661,-0.654061
1640841534562289920,-2.115750,-0.786844,2.441448,0.754928,-0.048926,0.012706,-0.653857
1640841534565920000,-2.113778,-0.789202,2.444484,0.755262,-0.049637,0.012800,-0.653415
1640841534569550080,-2.111799,-0.791547,2.447500,0.755601,-0.050363,0.012893,-0.652966
1640841534571990016,-2.110464,-0.793117,2.449516,0.755828,-0.050854,0.012953,-0.652663
1640841534572509952,-2.110179,-0.793450,2.449945,0.755877,-0.050959,0.012966,-0.652599
1640841534575909888,-2.108311,-0.795625,2.452737,0.756193,-0.051648,0.013052,-0.652176
1640841534576789760,-2.107827,-0.796187,2.453456,0.756275,-0.051828,0.013075,-0.652066
1640841534580760064,-2.105634,-0.798709,2.456688,0.756649,-0.052644,0.013186,-0.651565
1640841534581769984,-2.105075,-0.799348,2.457506,0.756745,-0.052853,0.013215,-0.651437
1640841534586400000,-2.102503,-0.802265,2.461237,0.757185,-0.053821,0.013337,-0.650843
1640841534587209984,-2.102051,-0.802773,2.461886,0.757262,-0.053991,0.013354,-0.650739
1640841534590639872,-2.100135,-0.804917,2.464622,0.757586,-0.054713,0.013401,-0.650300
1640841534591859712,-2.099452,-0.805677,2.465591,0.757701,-0.054969,0.013409,-0.650144
1640841534595640064,-2.097328,-0.808021,2.468578,0.758058,-0.055762,0.013412,-0.649660
1640841534597090048,-2.096511,-0.808917,2.469717,0.758196,-0.056065,0.013409,-0.649473
1640841534600839936,-2.094392,-0.811222,2.472647,0.758559,-0.056839,0.013403,-0.648983
1640841534601850112,-2.093819,-0.811841,2.473433,0.758658,-0.057045,0.013403,-0.648849
1640841534606060032,-2.091426,-0.814408,2.476687,0.759074,-0.057886,0.013396,-0.648288
1640841534606759936,-2.091027,-0.814833,2.477225,0.759143,-0.058023,0.013391,-0.648195
1640841534610810112,-2.088711,-0.817282,2.480323,0.759537,-0.058790,0.013331,-0.647665
1640841534611779840,-2.088155,-0.817866,2.481060,0.759630,-0.058969,0.013307,-0.647540
1640841534615650048,-2.085930,-0.820185,2.483987,0.759999,-0.059680,0.013190,-0.647044
1640841534616879872,-2.085221,-0.820919,2.484911,0.760116,-0.059909,0.013148,-0.646887
1640841534620829696,-2.082936,-0.823265,2.487862,0.760494,-0.060670,0.013009,-0.646374
1640841534621779968,-2.082385,-0.823827,2.488568,0.760586,-0.060860,0.012976,-0.646248
1640841534625739776,-2.080081,-0.826158,2.491492,0.760973,-0.061658,0.012830,-0.645720
1640841534627499776,-2.079053,-0.827189,2.492783,0.761147,-0.062007,0.012756,-0.645483
1640841534630650112,-2.077209,-0.829025,2.495078,0.761461,-0.062602,0.012601,-0.645058
1640841534631779840,-2.076546,-0.829681,2.495897,0.761574,-0.062806,0.012538,-0.644905
1640841534637120000,-2.073400,-0.832762,2.499736,0.762108,-0.063767,0.012223,-0.644186
1640841534637879808,-2.072950,-0.833197,2.500278,0.762183,-0.063909,0.012179,-0.644084
1640841534640669696,-2.071297,-0.834792,2.502258,0.762455,-0.064453,0.012028,-0.643711
1640841534641789952,-2.070632,-0.835430,2.503049,0.762563,-0.064680,0.011970,-0.643561
1640841534645659904,-2.068327,-0.837622,2.505764,0.762936,-0.065487,0.011773,-0.643040
1640841534646979840,-2.067538,-0.838366,2.506683,0.763064,-0.065767,0.011704,-0.642862
1640841534650640128,-2.065345,-0.840419,2.509215,0.763423,-0.066534,0.011496,-0.642360
1640841534651759872,-2.064672,-0.841044,2.509985,0.763534,-0.066765,0.011428,-0.642205
1640841534655879936,-2.062188,-0.843330,2.512795,0.763950,-0.067596,0.011164,-0.641628
1640841534656839936,-2.061608,-0.843860,2.513445,0.764048,-0.067785,0.011102,-0.641493
1640841534660809984,-2.059200,-0.846041,2.516114,0.764456,-0.068553,0.010856,-0.640928
1640841534661919744,-2.058525,-0.846647,2.516854,0.764571,-0.068763,0.010789,-0.640770
1640841534665689856,-2.056225,-0.848695,2.519351,0.764957,-0.069473,0.010566,-0.640236
1640841534667389952,-2.055185,-0.849614,2.520468,0.765129,-0.069792,0.010464,-0.639998
1640841534670629888,-2.053196,-0.851354,2.522581,0.765448,-0.070404,0.010257,-0.639552
1640841534671859968,-2.052439,-0.852012,2.523377,0.765567,-0.070637,0.010174,-0.639386
1640841534675719936,-2.050057,-0.854063,2.525857,0.765937,-0.071368,0.009889,-0.638865
1640841534676790016,-2.049395,-0.854629,2.526539,0.766041,-0.071568,0.009802,-0.638720
1640841534681910016,-2.046214,-0.857315,2.529769,0.766548,-0.072499,0.009331,-0.638013
1640841534683389952,-2.045291,-0.858086,2.530693,0.766699,-0.072762,0.009181,-0.637804
1640841534685629952,-2.043890,-0.859247,2.532083,0.766928,-0.073159,0.008947,-0.637486
1640841534686759936,-2.043183,-0.859830,2.532780,0.767044,-0.073360,0.008828,-0.637326
1640841534690860032,-2.040607,-0.861934,2.535287,0.767457,-0.074108,0.008406,-0.636747
1640841534692119808,-2.039813,-0.862576,2.536050,0.767582,-0.074345,0.008281,-0.636571
1640841534695780096,-2.037500,-0.864430,2.538249,0.767939,-0.075057,0.007917,-0.636061
1640841534698639872,-2.035685,-0.865867,2.539947,0.768215,-0.075637,0.007621,-0.635663
1640841534701210112,-2.034049,-0.867150,2.541458,0.768463,-0.076176,0.007337,-0.635302
1640841534702199808,-2.033418,-0.867641,2.542037,0.768559,-0.076386,0.007223,-0.635162
1640841534705679872,-2.031193,-0.869360,2.544053,0.768896,-0.077124,0.006806,-0.634668
1640841534706849792,-2.030443,-0.869934,2.544725,0.769011,-0.077368,0.006662,-0.634502
1640841534710700032,-2.027967,-0.871811,2.546917,0.769389,-0.078145,0.006178,-0.633952
1640841534711769856,-2.027277,-0.872330,2.547520,0.769495,-0.078353,0.006042,-0.633799
1640841534716630016,-2.024132,-0.874665,2.550230,0.769981,-0.079283,0.005430,-0.633099
1640841534718319872,-2.023035,-0.875469,2.551160,0.770152,-0.079612,0.005223,-0.632851
1640841534720599808,-2.021550,-0.876549,2.552405,0.770383,-0.080067,0.004949,-0.632515
1640841534721789952,-2.020774,-0.877110,2.553051,0.770504,-0.080310,0.004808,-0.632338
1640841534727059968,-2.017324,-0.879570,2.555872,0.771036,-0.081413,0.004179,-0.631552
1640841534727979776,-2.016719,-0.879996,2.556358,0.771127,-0.081608,0.004066,-0.631416
1640841534731200000,-2.014599,-0.881476,2.558045,0.771444,-0.082294,0.003654,-0.630943
1640841534732159744,-2.013965,-0.881915,2.558544,0.771537,-0.082498,0.003526,-0.630803
1640841534735709952,-2.011615,-0.883526,2.560370,0.771882,-0.083247,0.003044,-0.630284
1640841534737499904,-2.010427,-0.884332,2.561281,0.772060,-0.083619,0.002797,-0.630019
1640841534740619776,-2.008351,-0.885726,2.562851,0.772378,-0.084254,0.002370,-0.629546
1640841534741779968,-2.007576,-0.886241,2.563429,0.772499,-0.084485,0.002211,-0.629367
1640841534745809920,-2.004880,-0.888015,2.565414,0.772924,-0.085266,0.001641,-0.628741
1640841534748450048,-2.003107,-0.889164,2.566695,0.773200,-0.085759,0.001239,-0.628336
1640841534750989824,-2.001396,-0.890261,2.567913,0.773459,-0.086219,0.000826,-0.627955
1640841534752100096,-2.000647,-0.890737,2.568441,0.773570,-0.086418,0.000638,-0.627790
1640841534755620096,-1.998265,-0.892236,2.570096,0.773918,-0.087050,0.000029,-0.627274
1640841534756809984,-1.997458,-0.892739,2.570650,0.774034,-0.087267,-0.000179,-0.627101
1640841534760869888,-1.994696,-0.894439,2.572514,0.774426,-0.088035,-0.000872,-0.626509
1640841534762379776,-1.993666,-0.895065,2.573198,0.774572,-0.088333,-0.001122,-0.626287
1640841534765719808,-1.991381,-0.896437,2.574692,0.774896,-0.089008,-0.001673,-0.625789
1640841534770799872,-1.987890,-0.898494,2.576918,0.775405,-0.090035,-0.002541,-0.625008
1640841534771509760,-1.987400,-0.898778,2.577224,0.775478,-0.090177,-0.002667,-0.624896
1640841534771899904,-1.987131,-0.898934,2.577392,0.775518,-0.090255,-0.002737,-0.624835
1640841534775820032,-1.984421,-0.900488,2.579060,0.775922,-0.091037,-0.003450,-0.624216
1640841534776829952,-1.983721,-0.900885,2.579484,0.776025,-0.091240,-0.003636,-0.624058
1640841534780799744,-1.980963,-0.902429,2.581129,0.776417,-0.092053,-0.004360,-0.623445
1640841534781769984,-1.980287,-0.902803,2.581525,0.776509,-0.092255,-0.004535,-0.623299
1640841534785659904,-1.977569,-0.904287,2.583094,0.776876,-0.093068,-0.005232,-0.622716
1640841534787389952,-1.976358,-0.904939,2.583781,0.777039,-0.093425,-0.005541,-0.622457
1640841534790649856,-1.974068,-0.906156,2.585056,0.777352,-0.094082,-0.006125,-0.621960
1640841534791800064,-1.973259,-0.906581,2.585501,0.777466,-0.094307,-0.006332,-0.621782
1640841534795650048,-1.970542,-0.907990,2.586967,0.777852,-0.095046,-0.007027,-0.621178
1640841534796859904,-1.969686,-0.908428,2.587421,0.777975,-0.095277,-0.007245,-0.620987
1640841534802990080,-1.965333,-0.910612,2.589669,0.778584,-0.096462,-0.008345,-0.620027
1640841534803549952,-1.964934,-0.910809,2.589870,0.778638,-0.096572,-0.008445,-0.619940
1640841534805619968,-1.963457,-0.911531,2.590608,0.778836,-0.096974,-0.008816,-0.619623
1640841534806860032,-1.962571,-0.911960,2.591045,0.778953,-0.097210,-0.009039,-0.619436
1640841534810849792,-1.959713,-0.913324,2.592428,0.779322,-0.097928,-0.009766,-0.618847
1640841534811859968,-1.958988,-0.913665,2.592773,0.779415,-0.098099,-0.009953,-0.618701
1640841534815899904,-1.956080,-0.915014,2.594128,0.779781,-0.098756,-0.010715,-0.618121
1640841534816859904,-1.955387,-0.915330,2.594445,0.779868,-0.098910,-0.010899,-0.617983
1640841534820740096,-1.952581,-0.916594,2.595703,0.780225,-0.099538,-0.011656,-0.617418
1640841534821859840,-1.951769,-0.916954,2.596060,0.780330,-0.099724,-0.011879,-0.617252
1640841534825749760,-1.948942,-0.918188,2.597279,0.780697,-0.100373,-0.012664,-0.616666
1640841534827770112,-1.947471,-0.918819,2.597898,0.780890,-0.100711,-0.013080,-0.616358
1640841534830639872,-1.945375,-0.919704,2.598762,0.781165,-0.101185,-0.013680,-0.615918
1640841534831949824,-1.944416,-0.920103,2.599151,0.781291,-0.101399,-0.013957,-0.615717
1640841534836219904,-1.941284,-0.921384,2.600390,0.781696,-0.102096,-0.014869,-0.615066
1640841534836819968,-1.940843,-0.921562,2.600561,0.781752,-0.102195,-0.014998,-0.614976
1640841534840819712,-1.937897,-0.922729,2.601680,0.782113,-0.102877,-0.015860,-0.614381
1640841534842149888,-1.936915,-0.923111,2.602045,0.782229,-0.103112,-0.016146,-0.614186
1640841534845659904,-1.934318,-0.924105,2.602987,0.782531,-0.103747,-0.016903,-0.613674
1640841534850639872,-1.930620,-0.925477,2.604278,0.782969,-0.104665,-0.017978,-0.612928
1640841534851779840,-1.929771,-0.925786,2.604566,0.783073,-0.104874,-0.018225,-0.612753
1640841534852219904,-1.929443,-0.925904,2.604676,0.783113,-0.104954,-0.018321,-0.612685
1640841534855689984,-1.926854,-0.926825,2.605531,0.783434,-0.105580,-0.019089,-0.612144
1640841534856940032,-1.925919,-0.927151,2.605833,0.783551,-0.105801,-0.019371,-0.611947
1640841534860859904,-1.922981,-0.928157,2.606757,0.783918,-0.106466,-0.020284,-0.611331
1640841534863200000,-1.921223,-0.928744,2.607292,0.784137,-0.106840,-0.020854,-0.610966
1640841534866679808,-1.918603,-0.929599,2.608066,0.784459,-0.107376,-0.021726,-0.610428
1640841534867089920,-1.918293,-0.929698,2.608156,0.784497,-0.107439,-0.021829,-0.610365
1640841534870689792,-1.915574,-0.930556,2.608926,0.784825,-0.107997,-0.022731,-0.609811
1640841534874039808,-1.913036,-0.931333,2.609617,0.785128,-0.108534,-0.023554,-0.609295
1640841534875579904,-1.911867,-0.931684,2.609927,0.785267,-0.108780,-0.023932,-0.609057
1640841534876829952,-1.910918,-0.931965,2.610175,0.785380,-0.108978,-0.024240,-0.608863
1640841534880679936,-1.907987,-0.932813,2.610917,0.785733,-0.109559,-0.025209,-0.608264
1640841534883009792,-1.906209,-0.933312,2.611350,0.785952,-0.109879,-0.025817,-0.607898
1640841534885619968,-1.904213,-0.933859,2.611822,0.786203,-0.110197,-0.026529,-0.607485
1640841534886839808,-1.903279,-0.934111,2.612038,0.786322,-0.110333,-0.026871,-0.607291
1640841534890799872,-1.900242,-0.934908,2.612716,0.786698,-0.110791,-0.027985,-0.606670
1640841534892269824,-1.899112,-0.935196,2.612959,0.786830,-0.110981,-0.028391,-0.606444
1640841534895799808,-1.896394,-0.935871,2.613525,0.787140,-0.111468,-0.029355,-0.605907
1640841534896849920,-1.895584,-0.936067,2.613688,0.787232,-0.111615,-0.029640,-0.605747
1640841534900630016,-1.892664,-0.936755,2.614257,0.787569,-0.112134,-0.030671,-0.605162
1640841534901909760,-1.891673,-0.936982,2.614443,0.787685,-0.112305,-0.031021,-0.604960
1640841534906720000,-1.887943,-0.937806,2.615110,0.788134,-0.112940,-0.032337,-0.604188
1640841534907320064,-1.887477,-0.937905,2.615190,0.788191,-0.113019,-0.032501,-0.604091
1640841534910699776,-1.884847,-0.938453,2.615626,0.788512,-0.113476,-0.033417,-0.603535
1640841534911859968,-1.883943,-0.938636,2.615770,0.788623,-0.113637,-0.033729,-0.603343
1640841534916179968,-1.880570,-0.939293,2.616283,0.789033,-0.114265,-0.034874,-0.602622
1640841534917270016,-1.879718,-0.939452,2.616406,0.789135,-0.114425,-0.035163,-0.602442
1640841534920600064,-1.877110,-0.939926,2.616768,0.789434,-0.114891,-0.036061,-0.601909
1640841534921979904,-1.876028,-0.940116,2.616912,0.789552,-0.115070,-0.036442,-0.601696
1640841534925710080,-1.873097,-0.940609,2.617280,0.789864,-0.115520,-0.037495,-0.601136
1640841534926880000,-1.872177,-0.940758,2.617390,0.789962,-0.115653,-0.037831,-0.600961
1640841534930699776,-1.869166,-0.941225,2.617729,0.790290,-0.116068,-0.038938,-0.600378
1640841534932509952,-1.867738,-0.941436,2.617880,0.790452,-0.116257,-0.039467,-0.600094
1640841534935749888,-1.865176,-0.941796,2.618133,0.790747,-0.116586,-0.040418,-0.599578
1640841534936940032,-1.864234,-0.941923,2.618221,0.790856,-0.116704,-0.040768,-0.599387
1640841534940569856,-1.861357,-0.942292,2.618471,0.791188,-0.117057,-0.041838,-0.598806
1640841534941910016,-1.860293,-0.942422,2.618557,0.791309,-0.117185,-0.042234,-0.598593
1640841534945740032,-1.857248,-0.942771,2.618783,0.791652,-0.117544,-0.043368,-0.597988
1640841534946869760,-1.856348,-0.942868,2.618844,0.791753,-0.117648,-0.043704,-0.597810
1640841534950719744,-1.853279,-0.943178,2.619035,0.792093,-0.118000,-0.044856,-0.597203
1640841534951779840,-1.852433,-0.943258,2.619082,0.792187,-0.118097,-0.045175,-0.597036
1640841534955639808,-1.849347,-0.943529,2.619236,0.792525,-0.118446,-0.046336,-0.596429
1640841534956879872,-1.848355,-0.943609,2.619280,0.792632,-0.118559,-0.046707,-0.596235
1640841534960659968,-1.845325,-0.943833,2.619395,0.792956,-0.118906,-0.047824,-0.595646
1640841534961799936,-1.844410,-0.943895,2.619424,0.793053,-0.119012,-0.048156,-0.595469
1640841534965959936,-1.841068,-0.944095,2.619510,0.793409,-0.119393,-0.049352,-0.594821
1640841534971079936,-1.836945,-0.944291,2.619572,0.793868,-0.119832,-0.050807,-0.593997
1640841534972339968,-1.835929,-0.944330,2.619580,0.793986,-0.119932,-0.051163,-0.593789
1640841534972849920,-1.835517,-0.944345,2.619582,0.794034,-0.119971,-0.051308,-0.593704
1640841534975600128,-1.833296,-0.944416,2.619586,0.794292,-0.120172,-0.052087,-0.593251
1640841534976800000,-1.832327,-0.944441,2.619584,0.794403,-0.120254,-0.052427,-0.593055
1640841534980779776,-1.829106,-0.944503,2.619557,0.794757,-0.120500,-0.053555,-0.592430
1640841534981839872,-1.828248,-0.944514,2.619545,0.794848,-0.120560,-0.053855,-0.592268
1640841534985869824,-1.824980,-0.944531,2.619481,0.795187,-0.120775,-0.054983,-0.591665
1640841534987680000,-1.823511,-0.944527,2.619442,0.795339,-0.120870,-0.055481,-0.591396
1640841534990759936,-1.821008,-0.944503,2.619364,0.795599,-0.121033,-0.056308,-0.590934
1640841534992519936,-1.819576,-0.944479,2.619312,0.795751,-0.121130,-0.056767,-0.590665
1640841534995729920,-1.816963,-0.944418,2.619203,0.796036,-0.121310,-0.057590,-0.590165
1640841534996839936,-1.816058,-0.944392,2.619161,0.796136,-0.121369,-0.057875,-0.589990
1640841535004590080,-1.809733,-0.944129,2.618809,0.796841,-0.121676,-0.059975,-0.588763
1640841535005319936,-1.809136,-0.944097,2.618770,0.796907,-0.121695,-0.060183,-0.588649
1640841535005740032,-1.808793,-0.944078,2.618748,0.796945,-0.121705,-0.060303,-0.588583
1640841535006889728,-1.807852,-0.944024,2.618685,0.797049,-0.121731,-0.060634,-0.588403
1640841535010609920,-1.804808,-0.943828,2.618465,0.797377,-0.121798,-0.061717,-0.587832
1640841535011839744,-1.803800,-0.943757,2.618387,0.797483,-0.121817,-0.062076,-0.587646
1640841535015749888,-1.800595,-0.943505,2.618123,0.797816,-0.121866,-0.063209,-0.587063
1640841535016880128,-1.799668,-0.943426,2.618043,0.797913,-0.121879,-0.063531,-0.586894
1640841535021309952,-1.796031,-0.943086,2.617705,0.798306,-0.121932,-0.064752,-0.586215
1640841535022129920,-1.795357,-0.943018,2.617639,0.798381,-0.121942,-0.064971,-0.586086
1640841535025840128,-1.792307,-0.942690,2.617327,0.798724,-0.121994,-0.065949,-0.585498
1640841535026830080,-1.791493,-0.942597,2.617240,0.798816,-0.122009,-0.066210,-0.585340
1640841535030959872,-1.788094,-0.942184,2.616861,0.799188,-0.122078,-0.067313,-0.584692
1640841535031849984,-1.787360,-0.942090,2.616775,0.799266,-0.122094,-0.067555,-0.584554
1640841535035719936,-1.784171,-0.941658,2.616390,0.799597,-0.122167,-0.068603,-0.583964
1640841535038199808,-1.782126,-0.941362,2.616130,0.799806,-0.122214,-0.069255,-0.583590
1640841535040679936,-1.780079,-0.941051,2.615862,0.800017,-0.122258,-0.069879,-0.583218
1640841535041859840,-1.779106,-0.940898,2.615730,0.800117,-0.122277,-0.070163,-0.583042
1640841535045639936,-1.775984,-0.940385,2.615296,0.800442,-0.122329,-0.071039,-0.582479
1640841535047190016,-1.774703,-0.940164,2.615111,0.800575,-0.122344,-0.071390,-0.582249
1640841535050860032,-1.771670,-0.939619,2.614660,0.800891,-0.122364,-0.072226,-0.581708
1640841535051919872,-1.770793,-0.939455,2.614526,0.800982,-0.122366,-0.072470,-0.581552
1640841535055619840,-1.767733,-0.938862,2.614045,0.801301,-0.122363,-0.073329,-0.581006
1640841535056879872,-1.766690,-0.938653,2.613877,0.801410,-0.122359,-0.073624,-0.580819
1640841535060669952,-1.763553,-0.937999,2.613356,0.801740,-0.122347,-0.074517,-0.580252
1640841535061799936,-1.762617,-0.937797,2.613197,0.801839,-0.122342,-0.074785,-0.580082
1640841535065600000,-1.759470,-0.937095,2.612648,0.802171,-0.122319,-0.075684,-0.579509
1640841535066899968,-1.758393,-0.936846,2.612456,0.802285,-0.122306,-0.075990,-0.579315
1640841535070729984,-1.755220,-0.936090,2.611875,0.802614,-0.122248,-0.076885,-0.578753
1640841535071820032,-1.754317,-0.935868,2.611706,0.802707,-0.122225,-0.077136,-0.578596
1640841535077189888,-1.749866,-0.934732,2.610849,0.803161,-0.122093,-0.078355,-0.577829
1640841535077769984,-1.749385,-0.934604,2.610754,0.803210,-0.122077,-0.078484,-0.577747
1640841535080999936,-1.746707,-0.933881,2.610217,0.803487,-0.121992,-0.079194,-0.577282
1640841535082080000,-1.745812,-0.933633,2.610034,0.803581,-0.121964,-0.079428,-0.577125
1640841535085680128,-1.742827,-0.932787,2.609414,0.803895,-0.121872,-0.080201,-0.576600
1640841535088249856,-1.740696,-0.932162,2.608960,0.804120,-0.121807,-0.080748,-0.576224
1640841535090899968,-1.738499,-0.931500,2.608484,0.804350,-0.121738,-0.081313,-0.575837
1640841535091800064,-1.737752,-0.931272,2.608319,0.804428,-0.121714,-0.081505,-0.575707
1640841535095699968,-1.734519,-0.930257,2.607597,0.804761,-0.121605,-0.082328,-0.575147
1640841535097029888,-1.733417,-0.929902,2.607345,0.804873,-0.121564,-0.082604,-0.574959
1640841535100679936,-1.730391,-0.928905,2.606645,0.805176,-0.121445,-0.083338,-0.574454
1640841535101879808,-1.729397,-0.928570,2.606411,0.805274,-0.121402,-0.083572,-0.574292
1640841535105679872,-1.726248,-0.927484,2.605658,0.805584,-0.121261,-0.084290,-0.573782
1640841535106889984,-1.725246,-0.927130,2.605414,0.805683,-0.121215,-0.084512,-0.573620
1640841535110659840,-1.722124,-0.926005,2.604644,0.805997,-0.121073,-0.085194,-0.573108
1640841535111970048,-1.721039,-0.925605,2.604372,0.806108,-0.121024,-0.085428,-0.572928
1640841535116679936,-1.717141,-0.924132,2.603377,0.806509,-0.120822,-0.086267,-0.572279
1640841535117129984,-1.716769,-0.923988,2.603281,0.806547,-0.120800,-0.086348,-0.572217
1640841535120610048,-1.713890,-0.922859,2.602527,0.806840,-0.120599,-0.086981,-0.571752
1640841535121860096,-1.712857,-0.922446,2.602253,0.806943,-0.120515,-0.087211,-0.571589
1640841535125679872,-1.709699,-0.921158,2.601404,0.807255,-0.120228,-0.087917,-0.571100
1640841535126849792,-1.708733,-0.920756,2.601140,0.807350,-0.120133,-0.088132,-0.570953
1640841535131039744,-1.705273,-0.919288,2.600183,0.807689,-0.119782,-0.088888,-0.570429
1640841535133070080,-1.703598,-0.918560,2.599712,0.807855,-0.119609,-0.089245,-0.570175
1640841535136209920,-1.701008,-0.917413,2.598975,0.808116,-0.119333,-0.089790,-0.569777
1640841535136839936,-1.700489,-0.917180,2.598826,0.808169,-0.119277,-0.089900,-0.569696
1640841535140630016,-1.697366,-0.915756,2.597919,0.808500,-0.118923,-0.090563,-0.569195
1640841535141919744,-1.696304,-0.915263,2.597607,0.808616,-0.118797,-0.090792,-0.569020
1640841535145779968,-1.693127,-0.913761,2.596661,0.808966,-0.118410,-0.091475,-0.568493
1640841535147029760,-1.692099,-0.913266,2.596352,0.809079,-0.118282,-0.091695,-0.568324
1640841535150660096,-1.689115,-0.911807,2.595443,0.809397,-0.117907,-0.092324,-0.567847
1640841535151899904,-1.688097,-0.911301,2.595130,0.809504,-0.117778,-0.092534,-0.567688
1640841535155779840,-1.684913,-0.909690,2.594139,0.809836,-0.117369,-0.093174,-0.567193
1640841535156930048,-1.683970,-0.909206,2.593842,0.809936,-0.117246,-0.093357,-0.567046
1640841535160809984,-1.680790,-0.907545,2.592831,0.810286,-0.116826,-0.093953,-0.566534
1640841535162370048,-1.679513,-0.906866,2.592420,0.810433,-0.116654,-0.094184,-0.566322
1640841535166009856,-1.676535,-0.905258,2.591452,0.810779,-0.116246,-0.094715,-0.565822
1640841535166849792,-1.675848,-0.904882,2.591227,0.810858,-0.116150,-0.094838,-0.565706
1640841535170959872,-1.672491,-0.903015,2.590115,0.811239,-0.115673,-0.095459,-0.565153
1640841535171879936,-1.671741,-0.902591,2.589864,0.811322,-0.115564,-0.095603,-0.565033
1640841535175699968,-1.668626,-0.900808,2.588813,0.811657,-0.115095,-0.096207,-0.564545
1640841535177639936,-1.667046,-0.899888,2.588274,0.811826,-0.114841,-0.096508,-0.564301
1640841535180989952,-1.664320,-0.898276,2.587335,0.812124,-0.114372,-0.097002,-0.563883
1640841535181949952,-1.663540,-0.897808,2.587064,0.812211,-0.114229,-0.097137,-0.563764
1640841535186009856,-1.660242,-0.895806,2.585909,0.812587,-0.113584,-0.097695,-0.563255
1640841535186869760,-1.659545,-0.895376,2.585662,0.812668,-0.113439,-0.097815,-0.563148
1640841535190729984,-1.656416,-0.893423,2.584547,0.813030,-0.112759,-0.098388,-0.562661
1640841535191799808,-1.655550,-0.892875,2.584236,0.813131,-0.112563,-0.098561,-0.562525
1640841535195849984,-1.652274,-0.890774,2.583049,0.813509,-0.111812,-0.099221,-0.562012
1640841535197649920,-1.650820,-0.889826,2.582517,0.813676,-0.111486,-0.099493,-0.561786
1640841535200800000,-1.648278,-0.888148,2.581580,0.813969,-0.110949,-0.099896,-0.561396
1640841535204380160,-1.645394,-0.886209,2.580504,0.814303,-0.110377,-0.100252,-0.560961
1640841535205619712,-1.644396,-0.885530,2.580129,0.814419,-0.110184,-0.100359,-0.560811
1640841535206899968,-1.643366,-0.884825,2.579741,0.814540,-0.109984,-0.100464,-0.560656
1640841535211129856,-1.639969,-0.882464,2.578449,0.814942,-0.109312,-0.100800,-0.560142
1640841535211859968,-1.639383,-0.882052,2.578225,0.815013,-0.109193,-0.100858,-0.560053
1640841535215759872,-1.636258,-0.879827,2.577019,0.815390,-0.108554,-0.101161,-0.559573
1640841535216879872,-1.635362,-0.879181,2.576671,0.815498,-0.108371,-0.101244,-0.559435
1640841535221819904,-1.631414,-0.876292,2.575124,0.815980,-0.107596,-0.101572,-0.558823
1640841535222710016,-1.630704,-0.875765,2.574843,0.816066,-0.107462,-0.101624,-0.558713
1640841535227180032,-1.627143,-0.873087,2.573426,0.816501,-0.106779,-0.101861,-0.558165
1640841535228260096,-1.626283,-0.872432,2.573081,0.816606,-0.106607,-0.101915,-0.558034
1640841535230690048,-1.624352,-0.870948,2.572303,0.816842,-0.106203,-0.102037,-0.557744
1640841535232029952,-1.623288,-0.870123,2.571872,0.816972,-0.105968,-0.102103,-0.557587
1640841535235759872,-1.620331,-0.867803,2.570666,0.817333,-0.105277,-0.102286,-0.557155
1640841535236950016,-1.619389,-0.867056,2.570280,0.817448,-0.105046,-0.102343,-0.557018
1640841535240679936,-1.616440,-0.864689,2.569062,0.817812,-0.104288,-0.102516,-0.556595
1640841535242089984,-1.615327,-0.863785,2.568600,0.817950,-0.103992,-0.102579,-0.556436
1640841535245760000,-1.612434,-0.861409,2.567390,0.818310,-0.103212,-0.102732,-0.556023
1640841535247000064,-1.611458,-0.860598,2.566980,0.818432,-0.102948,-0.102779,-0.555884
1640841535250979840,-1.608330,-0.857970,2.565656,0.818822,-0.102120,-0.102915,-0.555437
1640841535251849984,-1.607648,-0.857390,2.565365,0.818907,-0.101942,-0.102942,-0.555339
1640841535255810048,-1.604545,-0.854727,2.564037,0.819294,-0.101144,-0.103048,-0.554895
1640841535256889856,-1.603700,-0.853994,2.563674,0.819399,-0.100927,-0.103073,-0.554774
1640841535260679936,-1.600740,-0.851397,2.562392,0.819768,-0.100161,-0.103151,-0.554354
1640841535262269952,-1.599500,-0.850298,2.561852,0.819923,-0.099839,-0.103177,-0.554179
1640841535265659904,-1.596862,-0.847932,2.560697,0.820253,-0.099167,-0.103200,-0.553806
1640841535266949888,-1.595859,-0.847024,2.560256,0.820378,-0.098920,-0.103194,-0.553665
1640841535270749696,-1.592911,-0.844326,2.558952,0.820751,-0.098239,-0.103114,-0.553249
1640841535272019968,-1.591927,-0.843416,2.558514,0.820877,-0.098026,-0.103066,-0.553109
1640841535277740032,-1.587507,-0.839268,2.556534,0.821451,-0.097067,-0.102793,-0.552476
1640841535278569984,-1.586867,-0.838660,2.556246,0.821536,-0.096917,-0.102755,-0.552384
1640841535280619776,-1.585288,-0.837150,2.555532,0.821747,-0.096525,-0.102671,-0.552154
1640841535281819904,-1.584365,-0.836261,2.555113,0.821871,-0.096285,-0.102625,-0.552019
1640841535286789888,-1.580549,-0.832543,2.553372,0.822391,-0.095244,-0.102439,-0.551459
1640841535287409920,-1.580074,-0.832075,2.553154,0.822456,-0.095112,-0.102413,-0.551390
1640841535290809856,-1.577473,-0.829491,2.551957,0.822811,-0.094404,-0.102250,-0.551013
1640841535291929856,-1.576618,-0.828634,2.551561,0.822927,-0.094177,-0.102186,-0.550890
1640841535295820032,-1.573652,-0.825633,2.550184,0.823329,-0.093393,-0.101941,-0.550469
1640841535296919808,-1.572815,-0.824778,2.549793,0.823443,-0.093164,-0.101871,-0.550350
1640841535300689920,-1.569952,-0.821825,2.548451,0.823838,-0.092314,-0.101658,-0.549941
1640841535306769920,-1.565351,-0.816991,2.546277,0.824492,-0.090709,-0.101417,-0.549272
1640841535308270080,-1.564219,-0.815785,2.545738,0.824655,-0.090294,-0.101358,-0.549106
1640841535308909824,-1.563736,-0.815269,2.545509,0.824725,-0.090118,-0.101332,-0.549035
1640841535310679808,-1.562403,-0.813836,2.544872,0.824918,-0.089635,-0.101249,-0.548839
1640841535311830016,-1.561538,-0.812902,2.544458,0.825044,-0.089329,-0.101186,-0.548712
1640841535315609856,-1.558699,-0.809807,2.543094,0.825455,-0.088394,-0.100906,-0.548295
1640841535316969984,-1.557680,-0.808686,2.542603,0.825603,-0.088096,-0.100771,-0.548147
1640841535321139712,-1.554562,-0.805220,2.541092,0.826053,-0.087253,-0.100278,-0.547693
1640841535322010112,-1.553913,-0.804491,2.540776,0.826148,-0.087059,-0.100184,-0.547597
1640841535325639936,-1.551209,-0.801434,2.539456,0.826553,-0.086153,-0.099844,-0.547192
1640841535326949888,-1.550235,-0.800324,2.538979,0.826701,-0.085811,-0.099726,-0.547044
1640841535330700032,-1.547452,-0.797122,2.537611,0.827129,-0.084882,-0.099331,-0.546614
1640841535331849728,-1.546601,-0.796134,2.537191,0.827261,-0.084616,-0.099191,-0.546480
1640841535337829888,-1.542186,-0.790947,2.535002,0.827951,-0.083305,-0.098383,-0.545782
1640841535338879744,-1.541413,-0.790028,2.534617,0.828072,-0.083077,-0.098235,-0.545660
1640841535340600064,-1.540148,-0.788517,2.533986,0.828270,-0.082699,-0.097995,-0.545460
1640841535341959936,-1.539150,-0.787318,2.533486,0.828426,-0.082393,-0.097810,-0.545302
1640841535345749760,-1.536373,-0.783954,2.532092,0.828860,-0.081506,-0.097308,-0.544867
1640841535346809856,-1.535597,-0.783008,2.531702,0.828980,-0.081252,-0.097166,-0.544746
1640841535350710016,-1.532751,-0.779504,2.530264,0.829425,-0.080317,-0.096617,-0.544306
1640841535352300032,-1.531594,-0.778066,2.529678,0.829606,-0.079939,-0.096375,-0.544128
1640841535355779840,-1.529066,-0.774899,2.528392,0.830005,-0.079111,-0.095808,-0.543741
1640841535356920064,-1.528239,-0.773856,2.527971,0.830137,-0.078837,-0.095613,-0.543614
1640841535360699904,-1.525504,-0.770377,2.526572,0.830578,-0.077913,-0.094938,-0.543192
1640841535361819904,-1.524696,-0.769341,2.526157,0.830710,-0.077633,-0.094732,-0.543066
1640841535365629952,-1.521951,-0.765795,2.524746,0.831161,-0.076670,-0.094021,-0.542635
1640841535367040000,-1.520937,-0.764474,2.524223,0.831328,-0.076313,-0.093758,-0.542475
1640841535372489984,-1.517031,-0.759332,2.522200,0.831967,-0.074956,-0.092772,-0.541854
1640841535373299712,-1.516452,-0.758563,2.521899,0.832061,-0.074759,-0.092629,-0.541761
1640841535375759872,-1.514696,-0.756217,2.520986,0.832347,-0.074165,-0.092188,-0.541478
1640841535377069824,-1.513763,-0.754963,2.520499,0.832501,-0.073851,-0.091946,-0.541327
1640841535380809984,-1.511104,-0.751364,2.519109,0.832946,-0.072959,-0.091200,-0.540888
1640841535381829888,-1.510380,-0.750377,2.518729,0.833070,-0.072716,-0.090983,-0.540767
1640841535385700096,-1.507640,-0.746614,2.517290,0.833545,-0.071793,-0.090125,-0.540302
1640841535387269888,-1.506531,-0.745079,2.516706,0.833739,-0.071418,-0.089769,-0.540111
1640841535390729984,-1.504093,-0.741679,2.515418,0.834169,-0.070591,-0.088989,-0.539685
1640841535392009984,-1.503193,-0.740415,2.514942,0.834328,-0.070284,-0.088704,-0.539527
1640841535395819776,-1.500519,-0.736634,2.513524,0.834799,-0.069370,-0.087864,-0.539053
1640841535396960000,-1.499721,-0.735497,2.513100,0.834939,-0.069097,-0.087613,-0.538912
1640841535400780032,-1.497052,-0.731670,2.511678,0.835406,-0.068179,-0.086767,-0.538442
1640841535402119936,-1.496118,-0.730321,2.511180,0.835569,-0.067856,-0.086465,-0.538278
1640841535406509824,-1.493066,-0.725876,2.509546,0.836105,-0.066793,-0.085448,-0.537741
1640841535407359744,-1.492476,-0.725011,2.509230,0.836210,-0.066586,-0.085244,-0.537636
1640841535410670080,-1.490184,-0.721631,2.507999,0.836622,-0.065771,-0.084426,-0.537225
1640841535411879936,-1.489347,-0.720390,2.507549,0.836774,-0.065471,-0.084118,-0.537073
1640841535415660032,-1.486741,-0.716497,2.506144,0.837251,-0.064526,-0.083134,-0.536597
1640841535417059840,-1.485777,-0.715048,2.505623,0.837428,-0.064174,-0.082765,-0.536419
1640841535423339776,-1.481471,-0.708506,2.503291,0.838219,-0.062583,-0.081110,-0.535625
1640841535423909888,-1.481081,-0.707909,2.503080,0.838290,-0.062437,-0.080961,-0.535553
1640841535425619968,-1.479913,-0.706114,2.502445,0.838503,-0.061998,-0.080516,-0.535338
1640841535426929920,-1.479019,-0.704735,2.501959,0.838665,-0.061659,-0.080178,-0.535173
1640841535435930112,-1.472906,-0.695183,2.498625,0.839768,-0.059265,-0.077881,-0.534053
1640841535436979968,-1.472196,-0.694059,2.498237,0.839896,-0.058990,-0.077602,-0.533922
1640841535439810048,-1.470285,-0.691022,2.497190,0.840243,-0.058272,-0.076814,-0.533568
1640841535440579840,-1.469766,-0.690193,2.496906,0.840338,-0.058084,-0.076588,-0.533472
1640841535441110016,-1.469408,-0.689622,2.496710,0.840404,-0.057957,-0.076430,-0.533405
1640841535441969920,-1.468829,-0.688695,2.496392,0.840511,-0.057755,-0.076167,-0.533296
1640841535445750016,-1.466288,-0.684604,2.494997,0.840985,-0.056918,-0.074937,-0.532813
1640841535447049984,-1.465416,-0.683192,2.494518,0.841148,-0.056639,-0.074498,-0.532646
1640841535450789888,-1.462913,-0.679113,2.493140,0.841619,-0.055819,-0.073232,-0.532164
1640841535452270080,-1.461924,-0.677493,2.492595,0.841804,-0.055480,-0.072739,-0.531974
1640841535455699968,-1.459638,-0.673725,2.491334,0.842231,-0.054671,-0.071616,-0.531536
1640841535456919808,-1.458826,-0.672380,2.490886,0.842381,-0.054376,-0.071223,-0.531380
1640841535460709888,-1.456310,-0.668189,2.489495,0.842844,-0.053450,-0.070020,-0.530900
1640841535461880064,-1.455534,-0.666890,2.489067,0.842985,-0.053162,-0.069653,-0.530752
1640841535465969920,-1.452829,-0.662335,2.487570,0.843478,-0.052149,-0.068362,-0.530238
1640841535469760000,-1.450330,-0.658092,2.486185,0.843934,-0.051210,-0.067119,-0.529762
1640841535470779904,-1.449659,-0.656946,2.485813,0.844058,-0.050958,-0.066772,-0.529633
1640841535474889984,-1.446960,-0.652315,2.484315,0.844557,-0.049941,-0.065329,-0.529114
1640841535477749760,-1.445086,-0.649078,2.483275,0.844903,-0.049232,-0.064305,-0.528753
1640841535478530048,-1.444576,-0.648193,2.482992,0.844997,-0.049038,-0.064025,-0.528655
1640841535480929792,-1.443008,-0.645466,2.482121,0.845285,-0.048439,-0.063173,-0.528352
1640841535482060032,-1.442271,-0.644178,2.481711,0.845420,-0.048155,-0.062776,-0.528209
1640841535485600000,-1.439965,-0.640135,2.480430,0.845838,-0.047267,-0.061542,-0.527766
1640841535488049920,-1.438372,-0.637327,2.479544,0.846123,-0.046658,-0.060690,-0.527461
1640841535490629888,-1.436698,-0.634361,2.478614,0.846421,-0.046028,-0.059783,-0.527143
1640841535492139776,-1.435720,-0.632622,2.478070,0.846594,-0.045665,-0.059246,-0.526957
1640841535495669760,-1.433437,-0.628543,2.476800,0.846999,-0.044829,-0.057968,-0.526520
1640841535496909824,-1.432636,-0.627107,2.476355,0.847143,-0.044538,-0.057510,-0.526363
1640841535501580032,-1.429627,-0.621679,2.474682,0.847697,-0.043448,-0.055744,-0.525752
1640841535502080000,-1.429305,-0.621097,2.474503,0.847757,-0.043333,-0.055551,-0.525685
1640841535506160128,-1.426685,-0.616331,2.473047,0.848247,-0.042401,-0.053966,-0.525135
1640841535507069952,-1.426101,-0.615265,2.472722,0.848355,-0.042198,-0.053611,-0.525013
1640841535510680064,-1.423790,-0.611028,2.471439,0.848772,-0.041414,-0.052207,-0.524543
1640841535513270016,-1.422135,-0.607979,2.470520,0.849061,-0.040871,-0.051203,-0.524216
1640841535515659776,-1.420610,-0.605158,2.469674,0.849324,-0.040377,-0.050272,-0.523919
1640841535516960000,-1.419781,-0.603621,2.469214,0.849467,-0.040110,-0.049761,-0.523757
1640841535520640000,-1.417439,-0.599261,2.467916,0.849874,-0.039345,-0.048294,-0.523292
1640841535522230016,-1.416429,-0.597372,2.467357,0.850052,-0.039010,-0.047648,-0.523086
1640841535525580032,-1.414304,-0.593385,2.466181,0.850431,-0.038294,-0.046272,-0.522647
1640841535526889984,-1.413474,-0.591822,2.465722,0.850579,-0.038011,-0.045730,-0.522474
1640841535530899968,-1.410937,-0.587028,2.464320,0.851032,-0.037132,-0.044066,-0.521942
1640841535532239872,-1.410090,-0.585422,2.463853,0.851183,-0.036834,-0.043510,-0.521764
1640841535535699968,-1.407907,-0.581269,2.462650,0.851567,-0.036055,-0.042075,-0.521309
1640841535536919808,-1.407138,-0.579801,2.462227,0.851701,-0.035776,-0.041570,-0.521150
1640841535541219840,-1.404432,-0.574618,2.460739,0.852163,-0.034777,-0.039796,-0.520600
1640841535541859840,-1.404030,-0.573845,2.460518,0.852231,-0.034626,-0.039533,-0.520519
1640841535546020096,-1.401418,-0.568812,2.459086,0.852667,-0.033636,-0.037831,-0.519996
1640841535546880000,-1.400879,-0.567769,2.458790,0.852757,-0.033430,-0.037481,-0.519887
1640841535550679808,-1.398499,-0.563156,2.457489,0.853159,-0.032522,-0.035943,-0.519395
1640841535551869952,-1.397755,-0.561708,2.457082,0.853286,-0.032239,-0.035463,-0.519237
1640841535555599872,-1.395423,-0.557164,2.455811,0.853685,-0.031351,-0.033964,-0.518735
1640841535557469952,-1.394256,-0.554882,2.455176,0.853884,-0.030906,-0.033214,-0.518482
1640841535560699904,-1.392242,-0.550933,2.454082,0.854226,-0.030137,-0.031916,-0.518045
1640841535562299904,-1.391245,-0.548974,2.453542,0.854394,-0.029756,-0.031271,-0.517830
1640841535565680128,-1.389141,-0.544829,2.452404,0.854745,-0.028955,-0.029906,-0.517376
1640841535566969856,-1.388339,-0.543245,2.451971,0.854879,-0.028652,-0.029384,-0.517202
1640841535570669824,-1.386039,-0.538694,2.450732,0.855265,-0.027794,-0.027887,-0.516692
1640841535572710144,-1.384773,-0.536181,2.450052,0.855481,-0.027332,-0.027059,-0.516404
1640841535575810048,-1.382850,-0.532357,2.449021,0.855809,-0.026644,-0.025788,-0.515961
1640841535576959744,-1.382137,-0.530937,2.448640,0.855931,-0.026394,-0.025310,-0.515795
1640841535580639744,-1.379858,-0.526387,2.447423,0.856319,-0.025611,-0.023744,-0.515266
1640841535582010112,-1.379009,-0.524691,2.446971,0.856461,-0.025324,-0.023149,-0.515069
1640841535585700096,-1.376727,-0.520116,2.445759,0.856842,-0.024553,-0.021536,-0.514544
1640841535586969856,-1.375941,-0.518540,2.445343,0.856971,-0.024284,-0.020984,-0.514365
1640841535590729984,-1.373618,-0.513869,2.444116,0.857348,-0.023461,-0.019377,-0.513837
1640841535591869952,-1.372914,-0.512451,2.443746,0.857461,-0.023206,-0.018899,-0.513678
1640841535595680000,-1.370562,-0.507707,2.442510,0.857836,-0.022353,-0.017308,-0.513146
1640841535596910080,-1.369803,-0.506174,2.442113,0.857956,-0.022083,-0.016793,-0.512974
1640841535600719872,-1.367453,-0.501420,2.440887,0.858328,-0.021284,-0.015171,-0.512435
1640841535601889792,-1.366732,-0.499959,2.440511,0.858443,-0.021056,-0.014661,-0.512268
1640841535606030080,-1.364180,-0.494784,2.439188,0.858848,-0.020283,-0.012835,-0.511668
1640841535607139840,-1.363496,-0.493395,2.438835,0.858956,-0.020074,-0.012351,-0.511507
1640841535610800128,-1.361241,-0.488812,2.437674,0.859310,-0.019350,-0.010807,-0.510975
1640841535611949824,-1.360533,-0.487371,2.437310,0.859420,-0.019111,-0.010336,-0.510808
1640841535615619840,-1.358273,-0.482769,2.436154,0.859770,-0.018332,-0.008861,-0.510275
1640841535616940032,-1.357460,-0.481112,2.435740,0.859896,-0.018051,-0.008335,-0.510082
1640841535620689920,-1.355151,-0.476403,2.434568,0.860252,-0.017266,-0.006830,-0.509531
1640841535622680064,-1.353926,-0.473902,2.433948,0.860440,-0.016861,-0.006024,-0.509237
1640841535625759744,-1.352030,-0.470029,2.432994,0.860729,-0.016246,-0.004776,-0.508782
1640841535627189760,-1.351149,-0.468230,2.432552,0.860862,-0.015965,-0.004199,-0.508571
1640841535630769920,-1.348945,-0.463724,2.431450,0.861190,-0.015267,-0.002773,-0.508046
1640841535631869952,-1.348267,-0.462338,2.431113,0.861290,-0.015054,-0.002340,-0.507886
1640841535635709952,-1.345902,-0.457500,2.429940,0.861637,-0.014314,-0.000832,-0.507322
1640841535637509888,-1.344793,-0.455231,2.429393,0.861802,-0.013971,-0.000117,-0.507052
1640841535641110016,-1.342574,-0.450691,2.428304,0.862141,-0.013291,0.001354,-0.506492
1640841535642769920,-1.341551,-0.448597,2.427804,0.862300,-0.012981,0.002048,-0.506226
1640841535645679872,-1.339756,-0.444925,2.426930,0.862579,-0.012439,0.003274,-0.505759
1640841535646970112,-1.338960,-0.443297,2.426544,0.862701,-0.012199,0.003817,-0.505553
1640841535650599936,-1.336719,-0.438714,2.425463,0.863032,-0.011526,0.005324,-0.504990
1640841535651859968,-1.335941,-0.437123,2.425089,0.863142,-0.011292,0.005837,-0.504800
1640841535655699968,-1.333569,-0.432273,2.423955,0.863473,-0.010571,0.007375,-0.504231
1640841535659099904,-1.331466,-0.427978,2.422957,0.863764,-0.009917,0.008708,-0.503723
1640841535661339904,-1.330080,-0.425148,2.422303,0.863960,-0.009475,0.009576,-0.503380
1640841535661969920,-1.329690,-0.424352,2.422120,0.864016,-0.009350,0.009818,-0.503282
1640841535665629952,-1.327423,-0.419728,2.421058,0.864341,-0.008615,0.011219,-0.502707
1640841535668160000,-1.325854,-0.416532,2.420328,0.864565,-0.008106,0.012183,-0.502308
1640841535670599936,-1.324340,-0.413449,2.419627,0.864779,-0.007619,0.013112,-0.501924
1640841535672240128,-1.323321,-0.411377,2.419157,0.864921,-0.007294,0.013735,-0.501667
1640841535675809792,-1.321103,-0.406868,2.418140,0.865226,-0.006585,0.015086,-0.501111
1640841535677719808,-1.319914,-0.404456,2.417599,0.865388,-0.006202,0.015802,-0.500814
1640841535680610048,-1.318114,-0.400806,2.416784,0.865632,-0.005614,0.016873,-0.500365
1640841535682819840,-1.316737,-0.398016,2.416163,0.865817,-0.005160,0.017684,-0.500021
1640841535685619712,-1.314989,-0.394482,2.415380,0.866053,-0.004591,0.018711,-0.499582
1640841535686880000,-1.314202,-0.392892,2.415030,0.866159,-0.004340,0.019174,-0.499382
1640841535690820096,-1.311738,-0.387921,2.413938,0.866492,-0.003596,0.020645,-0.498751
1640841535691969792,-1.311018,-0.386471,2.413621,0.866590,-0.003393,0.021082,-0.498563
1640841535695689984,-1.308685,-0.381782,2.412600,0.866910,-0.002768,0.022511,-0.497949
1640841535698629888,-1.306839,-0.378077,2.411799,0.867162,-0.002285,0.023638,-0.497459
1640841535700719872,-1.305525,-0.375445,2.411232,0.867342,-0.001935,0.024428,-0.497110
1640841535701949952,-1.304751,-0.373896,2.410900,0.867447,-0.001725,0.024887,-0.496904
1640841535705709824,-1.302380,-0.369165,2.409888,0.867765,-0.001070,0.026265,-0.496278
1640841535707199744,-1.301440,-0.367291,2.409490,0.867890,-0.000806,0.026800,-0.496032
1640841535710700032,-1.299227,-0.362891,2.408558,0.868180,-0.000180,0.028035,-0.495458
1640841535712039936,-1.298378,-0.361207,2.408203,0.868289,0.000061,0.028500,-0.495239
1640841535715790080,-1.296000,-0.356499,2.407215,0.868592,0.000733,0.029788,-0.494631
1640841535723209984,-1.291277,-0.347198,2.405282,0.869187,0.002037,0.032331,-0.493421
1640841535724079872,-1.290721,-0.346108,2.405057,0.869257,0.002186,0.032633,-0.493277
1640841535724509952,-1.290447,-0.345570,2.404946,0.869292,0.002260,0.032782,-0.493206
1640841535725619968,-1.289737,-0.344181,2.404661,0.869381,0.002451,0.033166,-0.493023
1640841535727139840,-1.288765,-0.342279,2.404271,0.869501,0.002715,0.033689,-0.492773
1640841535730680064,-1.286497,-0.337854,2.403367,0.869778,0.003361,0.034882,-0.492197
1640841535732019968,-1.285636,-0.336181,2.403027,0.869881,0.003616,0.035323,-0.491983
1640841535735669760,-1.283289,-0.331626,2.402105,0.870156,0.004327,0.036501,-0.491403
1640841535737219840,-1.282290,-0.329694,2.401716,0.870273,0.004628,0.036996,-0.491157
1640841535740929792,-1.279894,-0.325073,2.400790,0.870552,0.005328,0.038180,-0.490565
1640841535741900032,-1.279266,-0.323866,2.400549,0.870625,0.005505,0.038490,-0.490408
1640841535745719808,-1.276790,-0.319118,2.399606,0.870916,0.006181,0.039708,-0.489786
1640841535746929920,-1.276004,-0.317615,2.399309,0.871009,0.006389,0.040092,-0.489587
1640841535750779904,-1.273497,-0.312840,2.398369,0.871308,0.007037,0.041307,-0.488945
1640841535754789888,-1.270878,-0.307874,2.397399,0.871623,0.007682,0.042565,-0.488265
1640841535756199936,-1.269955,-0.306131,2.397061,0.871734,0.007898,0.043011,-0.488024
1640841535757139968,-1.269338,-0.304969,2.396835,0.871808,0.008039,0.043310,-0.487863
1640841535760630016,-1.267046,-0.300660,2.396004,0.872083,0.008530,0.044437,-0.487261
1640841535761879808,-1.266224,-0.299118,2.395708,0.872182,0.008694,0.044848,-0.487044
1640841535765600000,-1.263770,-0.294537,2.394832,0.872474,0.009161,0.046082,-0.486397
1640841535766929920,-1.262890,-0.292901,2.394520,0.872578,0.009327,0.046523,-0.486165
1640841535771289856,-1.260000,-0.287546,2.393507,0.872920,0.009891,0.047941,-0.485402
1640841535772059904,-1.259488,-0.286602,2.393330,0.872980,0.009995,0.048185,-0.485267
1640841535776059904,-1.256823,-0.281703,2.392412,0.873291,0.010554,0.049426,-0.484571
1640841535776909824,-1.256256,-0.280663,2.392218,0.873356,0.010676,0.049683,-0.484424
1640841535780689920,-1.253726,-0.276046,2.391361,0.873642,0.011226,0.050793,-0.483780
1640841535781839872,-1.252955,-0.274644,2.391102,0.873728,0.011395,0.051120,-0.483588
1640841535786020096,-1.250143,-0.269555,2.390168,0.874032,0.012015,0.052280,-0.482898
1640841535787299840,-1.249280,-0.267999,2.389884,0.874124,0.012207,0.052630,-0.482688
1640841535790619904,-1.247035,-0.263970,2.389151,0.874363,0.012707,0.053537,-0.482143
1640841535791929856,-1.246147,-0.262382,2.388864,0.874457,0.012906,0.053894,-0.481927
1640841535795640064,-1.243626,-0.257894,2.388057,0.874724,0.013467,0.054906,-0.481313
1640841535796909824,-1.242761,-0.256361,2.387782,0.874815,0.013657,0.055251,-0.481102
1640841535800659968,-1.240199,-0.251840,2.386977,0.875086,0.014209,0.056263,-0.480476
1640841535802189824,-1.239151,-0.249999,2.386651,0.875197,0.014428,0.056672,-0.480219
1640841535805779968,-1.236685,-0.245687,2.385892,0.875458,0.014925,0.057621,-0.479614
1640841535806969856,-1.235866,-0.244260,2.385642,0.875545,0.015084,0.057931,-0.479413
1640841535811300096,-1.232874,-0.239080,2.384740,0.875859,0.015666,0.059040,-0.478686
1640841535812039936,-1.232362,-0.238196,2.384587,0.875912,0.015769,0.059226,-0.478563
1640841535815729920,-1.229799,-0.233798,2.383829,0.876171,0.016305,0.060134,-0.477957
1640841535816979968,-1.228929,-0.232311,2.383574,0.876258,0.016489,0.060437,-0.477752
1640841535820899840,-1.226191,-0.227657,2.382781,0.876541,0.017037,0.061381,-0.477093
1640841535821929984,-1.225469,-0.226437,2.382574,0.876618,0.017171,0.061628,-0.476916
1640841535825680128,-1.222836,-0.222003,2.381827,0.876901,0.017637,0.062530,-0.476260
1640841535827759872,-1.221370,-0.219550,2.381416,0.877059,0.017883,0.063033,-0.475893
1640841535830569984,-1.219384,-0.216242,2.380865,0.877271,0.018211,0.063719,-0.475398
1640841535831869952,-1.218463,-0.214715,2.380612,0.877368,0.018363,0.064039,-0.475171
1640841535835739904,-1.215713,-0.210179,2.379865,0.877650,0.018829,0.064991,-0.474502
1640841535838549760,-1.213709,-0.206896,2.379328,0.877851,0.019190,0.065672,-0.474022
1640841535840600064,-1.212242,-0.204505,2.378939,0.877995,0.019471,0.066157,-0.473676
1640841535841979904,-1.211253,-0.202899,2.378679,0.878091,0.019669,0.066478,-0.473444
1640841535845829888,-1.208484,-0.198428,2.377960,0.878357,0.020243,0.067358,-0.472803
1640841535846949888,-1.207676,-0.197131,2.377752,0.878433,0.020416,0.067610,-0.472618
1640841535850839808,-1.204861,-0.192636,2.377037,0.878697,0.021021,0.068477,-0.471975
1640841535852229888,-1.203852,-0.191034,2.376784,0.878791,0.021238,0.068783,-0.471746
1640841535855680000,-1.201340,-0.187067,2.376161,0.879024,0.021775,0.069526,-0.471179
1640841535857169920,-1.200252,-0.185358,2.375894,0.879124,0.022004,0.069836,-0.470935
1640841535861120000,-1.197357,-0.180840,2.375193,0.879390,0.022599,0.070618,-0.470292
1640841535862169856,-1.196585,-0.179642,2.375008,0.879461,0.022755,0.070817,-0.470122
1640841535865639936,-1.194027,-0.175693,2.374403,0.879696,0.023271,0.071467,-0.469558
1640841535866870016,-1.193117,-0.174297,2.374190,0.879780,0.023456,0.071697,-0.469357
1640841535870779904,-1.190216,-0.169871,2.373520,0.880046,0.024062,0.072453,-0.468711
1640841535871889920,-1.189390,-0.168618,2.373331,0.880122,0.024239,0.072674,-0.468525
1640841535875979776,-1.186336,-0.164014,2.372643,0.880404,0.024890,0.073494,-0.467833
1640841535877789952,-1.184979,-0.161983,2.372342,0.880530,0.025171,0.073850,-0.467525
1640841535880749824,-1.182753,-0.158671,2.371853,0.880738,0.025610,0.074411,-0.467021
1640841535882079744,-1.181750,-0.157186,2.371636,0.880832,0.025800,0.074655,-0.466794
1640841535885609984,-1.179080,-0.153257,2.371063,0.881081,0.026287,0.075290,-0.466193
1640841535886919936,-1.178086,-0.151803,2.370853,0.881174,0.026463,0.075525,-0.465970
1640841535890659840,-1.175238,-0.147665,2.370257,0.881435,0.026965,0.076206,-0.465337
1640841535891959808,-1.174245,-0.146230,2.370053,0.881524,0.027140,0.076448,-0.465117
1640841535895670016,-1.171401,-0.142149,2.369474,0.881777,0.027643,0.077148,-0.464493
1640841535896910080,-1.170448,-0.140790,2.369282,0.881861,0.027814,0.077384,-0.464285
1640841535901039872,-1.167260,-0.136276,2.368650,0.882136,0.028393,0.078174,-0.463594
1640841535901850112,-1.166633,-0.135393,2.368528,0.882189,0.028508,0.078329,-0.463459
1640841535905740032,-1.163611,-0.131167,2.367944,0.882445,0.029069,0.079069,-0.462810
1640841535906970112,-1.162653,-0.129835,2.367762,0.882527,0.029246,0.079301,-0.462604
1640841535911139840,-1.159390,-0.125335,2.367150,0.882806,0.029839,0.080075,-0.461900
1640841535912659968,-1.158197,-0.123701,2.366929,0.882909,0.030050,0.080352,-0.461641
1640841535915859968,-1.155676,-0.120271,2.366469,0.883127,0.030486,0.080928,-0.461094
1640841535917479936,-1.154395,-0.118540,2.366239,0.883238,0.030701,0.081217,-0.460817
1640841535920579840,-1.151937,-0.115239,2.365802,0.883448,0.031103,0.081768,-0.460290
1640841535921880064,-1.150903,-0.113859,2.365621,0.883536,0.031267,0.081999,-0.460069
1640841535926039808,-1.147582,-0.109458,2.365048,0.883816,0.031785,0.082740,-0.459362
1640841535927359744,-1.146525,-0.108067,2.364868,0.883905,0.031946,0.082977,-0.459137
1640841535930619904,-1.143904,-0.104642,2.364428,0.884127,0.032344,0.083567,-0.458573
1640841535932119808,-1.142695,-0.103071,2.364228,0.884231,0.032526,0.083841,-0.458311
1640841535935699968,-1.139798,-0.099336,2.363756,0.884480,0.032958,0.084494,-0.457679
1640841535936979968,-1.138759,-0.098005,2.363589,0.884569,0.033111,0.084725,-0.457453
1640841535940579840,-1.135826,-0.094275,2.363125,0.884820,0.033536,0.085363,-0.456817
1640841535942220032,-1.134486,-0.092582,2.362916,0.884934,0.033728,0.085647,-0.456529
1640841535945969920,-1.131409,-0.088727,2.362444,0.885191,0.034175,0.086282,-0.455878
1640841535947019776,-1.130544,-0.087651,2.362313,0.885261,0.034303,0.086457,-0.455698
1640841535950690048,-1.127513,-0.083904,2.361861,0.885501,0.034771,0.087061,-0.455081
1640841535951959808,-1.126461,-0.082613,2.361707,0.885582,0.034940,0.087268,-0.454872
1640841535955600128,-1.123434,-0.078924,2.361269,0.885811,0.035435,0.087862,-0.454273
1640841535956940032,-1.122317,-0.077571,2.361110,0.885896,0.035617,0.088082,-0.454050
1640841535960679936,-1.119186,-0.073810,2.360672,0.886139,0.036113,0.088704,-0.453414
1640841535961979904,-1.118094,-0.072508,2.360521,0.886226,0.036280,0.088922,-0.453188
1640841535965890048,-1.114797,-0.068608,2.360074,0.886490,0.036768,0.089573,-0.452504
1640841535966939904,-1.113909,-0.067564,2.359956,0.886561,0.036895,0.089745,-0.452321
1640841535970779904,-1.110650,-0.063763,2.359528,0.886816,0.037351,0.090356,-0.451661
1640841535971940096,-1.109662,-0.062619,2.359400,0.886892,0.037486,0.090535,-0.451464
1640841535975919872,-1.106262,-0.058711,2.358969,0.887153,0.037936,0.091139,-0.450792
1640841535977489920,-1.104915,-0.057177,2.358801,0.887257,0.038109,0.091378,-0.450524
1640841535980689920,-1.102162,-0.054061,2.358463,0.887476,0.038455,0.091873,-0.449964
1640841535982569984,-1.100538,-0.052238,2.358267,0.887608,0.038653,0.092170,-0.449625
1640841535985639936,-1.097879,-0.049274,2.357952,0.887827,0.038968,0.092662,-0.449064
1640841535986949888,-1.096741,-0.048013,2.357819,0.887921,0.039099,0.092874,-0.448822
1640841535990599936,-1.093559,-0.044516,2.357455,0.888184,0.039452,0.093464,-0.448148
1640841535992049920,-1.092291,-0.043132,2.357312,0.888288,0.039590,0.093698,-0.447881
1640841535995800064,-1.088999,-0.039571,2.356948,0.888556,0.039944,0.094289,-0.447194
1640841535996950016,-1.087987,-0.038483,2.356838,0.888637,0.040055,0.094465,-0.446985
1640841536002400000,-1.083167,-0.033358,2.356326,0.889022,0.040617,0.095242,-0.446004
1640841536003000064,-1.082634,-0.032796,2.356271,0.889064,0.040683,0.095322,-0.445897
1640841536005619968,-1.080303,-0.030352,2.356032,0.889247,0.040978,0.095663,-0.445431
1640841536006979840,-1.079089,-0.029088,2.355910,0.889342,0.041134,0.095838,-0.445189
1640841536010739968,-1.075724,-0.025608,2.355577,0.889604,0.041566,0.096328,-0.444519
1640841536011889920,-1.074691,-0.024549,2.355476,0.889684,0.041695,0.096484,-0.444313
1640841536015679744,-1.071277,-0.021072,2.355151,0.889948,0.042111,0.097021,-0.443629
1640841536016950016,-1.070129,-0.019913,2.355044,0.890036,0.042252,0.097200,-0.443400
1640841536020640000,-1.066783,-0.016558,2.354737,0.890292,0.042683,0.097678,-0.442739
1640841536021969920,-1.065573,-0.015355,2.354629,0.890384,0.042853,0.097824,-0.442505
1640841536025609984,-1.062251,-0.012076,2.354336,0.890637,0.043356,0.098146,-0.441876
1640841536027049984,-1.060932,-0.010785,2.354223,0.890737,0.043561,0.098255,-0.441628
1640841536030659840,-1.057616,-0.007564,2.353943,0.890994,0.044055,0.098527,-0.441001
1640841536031940096,-1.056437,-0.006427,2.353846,0.891086,0.044220,0.098628,-0.440775
1640841536035849728,-1.052823,-0.002972,2.353554,0.891371,0.044698,0.098948,-0.440078
1640841536036919808,-1.051830,-0.002030,2.353476,0.891450,0.044824,0.099037,-0.439886
1640841536040649984,-1.048361,0.001236,2.353207,0.891725,0.045254,0.099343,-0.439216
1640841536042249984,-1.046867,0.002630,2.353094,0.891843,0.045435,0.099471,-0.438927
1640841536045670144,-1.043665,0.005596,2.352858,0.892100,0.045811,0.099733,-0.438307
1640841536046939904,-1.042473,0.006692,2.352772,0.892197,0.045945,0.099826,-0.438074
1640841536050629888,-1.038997,0.009861,2.352527,0.892489,0.046309,0.100080,-0.437382
1640841536052120064,-1.037589,0.011135,2.352430,0.892611,0.046446,0.100176,-0.437097
1640841536055689728,-1.034205,0.014171,2.352203,0.892905,0.046762,0.100395,-0.436412
1640841536057260032,-1.032712,0.015499,2.352105,0.893032,0.046902,0.100488,-0.436115
1640841536060959744,-1.029183,0.018613,2.351880,0.893321,0.047247,0.100709,-0.435435
1640841536062369792,-1.027834,0.019794,2.351796,0.893427,0.047385,0.100792,-0.435183
1640841536065590016,-1.024744,0.022478,2.351609,0.893666,0.047705,0.100977,-0.434614
1640841536067010048,-1.023377,0.023656,2.351528,0.893771,0.047845,0.101055,-0.434364
1640841536070700032,-1.019815,0.026701,2.351323,0.894051,0.048200,0.101237,-0.433705
1640841536072049920,-1.018508,0.027809,2.351249,0.894157,0.048326,0.101296,-0.433460
1640841536075779840,-1.014886,0.030856,2.351052,0.894451,0.048670,0.101432,-0.432783
1640841536076999936,-1.013698,0.031848,2.350989,0.894547,0.048785,0.101467,-0.432563
1640841536080790016,-1.009995,0.034912,2.350799,0.894840,0.049154,0.101541,-0.431897
1640841536081920000,-1.008888,0.035821,2.350744,0.894926,0.049268,0.101553,-0.431703
1640841536085619968,-1.005253,0.038782,2.350568,0.895205,0.049648,0.101565,-0.431078
1640841536086969856,-1.003923,0.039857,2.350506,0.895307,0.049787,0.101561,-0.430851
1640841536090949888,-0.999989,0.043008,2.350327,0.895611,0.050186,0.101524,-0.430179
1640841536092150016,-0.998800,0.043953,2.350275,0.895705,0.050302,0.101508,-0.429976
1640841536096219904,-0.994753,0.047139,2.350104,0.896025,0.050685,0.101443,-0.429278
1640841536097489920,-0.993486,0.048128,2.350052,0.896126,0.050799,0.101421,-0.429058
1640841536100580096,-0.990396,0.050523,2.349930,0.896375,0.051069,0.101370,-0.428518
1640841536101969920,-0.989003,0.051594,2.349876,0.896488,0.051185,0.101347,-0.428274
1640841536105739776,-0.985214,0.054486,2.349737,0.896797,0.051480,0.101275,-0.427607
1640841536107169792,-0.983772,0.055576,2.349686,0.896916,0.051583,0.101240,-0.427353
1640841536110689792,-0.980213,0.058246,2.349565,0.897213,0.051814,0.101129,-0.426728
1640841536112019968,-0.978865,0.059250,2.349520,0.897326,0.051893,0.101077,-0.426493
1640841536115609856,-0.975216,0.061944,2.349406,0.897633,0.052090,0.100919,-0.425859
1640841536116920064,-0.973881,0.062922,2.349366,0.897745,0.052159,0.100859,-0.425629
1640841536120640000,-0.970080,0.065684,2.349257,0.898061,0.052352,0.100692,-0.424978
1640841536122139904,-0.968543,0.066791,2.349214,0.898187,0.052430,0.100628,-0.424717
1640841536125639936,-0.964947,0.069360,2.349121,0.898481,0.052603,0.100477,-0.424109
1640841536127009792,-0.963536,0.070360,2.349086,0.898596,0.052665,0.100416,-0.423872
1640841536131079936,-0.959331,0.073313,2.348987,0.898941,0.052825,0.100219,-0.423167
1640841536131949824,-0.958430,0.073941,2.348967,0.899016,0.052854,0.100173,-0.423016
1640841536135699968,-0.954537,0.076633,2.348886,0.899340,0.052970,0.099946,-0.422366
1640841536137120000,-0.953058,0.077647,2.348857,0.899464,0.053015,0.099846,-0.422120
1640841536140709888,-0.949312,0.080195,2.348787,0.899780,0.053142,0.099552,-0.421499
1640841536142720000,-0.947208,0.081612,2.348752,0.899959,0.053222,0.099362,-0.421152
1640841536145639936,-0.944144,0.083660,2.348703,0.900219,0.053344,0.099061,-0.420651
1640841536147239936,-0.942462,0.084776,2.348678,0.900361,0.053412,0.098885,-0.420379
1640841536150789888,-0.938719,0.087238,2.348627,0.900676,0.053559,0.098477,-0.419781
1640841536152119808,-0.937314,0.088156,2.348610,0.900794,0.053610,0.098320,-0.419559
1640841536155599872,-0.933627,0.090542,2.348568,0.901102,0.053724,0.097906,-0.418979
1640841536156930048,-0.932215,0.091450,2.348554,0.901221,0.053757,0.097749,-0.418757
1640841536160640000,-0.928266,0.093966,2.348518,0.901555,0.053808,0.097321,-0.418128
1640841536161909760,-0.926911,0.094822,2.348508,0.901672,0.053813,0.097177,-0.417911
1640841536165580032,-0.922987,0.097282,2.348481,0.902010,0.053805,0.096750,-0.417279
1640841536166919936,-0.921550,0.098175,2.348473,0.902134,0.053798,0.096586,-0.417049
1640841536171160064,-0.916994,0.100983,2.348453,0.902528,0.053782,0.096014,-0.416331
1640841536172189952,-0.915884,0.101661,2.348449,0.902623,0.053782,0.095861,-0.416160
1640841536175680000,-0.912117,0.103946,2.348441,0.902946,0.053781,0.095328,-0.415583
1640841536177049856,-0.910635,0.104837,2.348439,0.903072,0.053775,0.095121,-0.415357
1640841536180969984,-0.906383,0.107373,2.348439,0.903432,0.053725,0.094575,-0.414705
1640841536182220032,-0.905025,0.108177,2.348440,0.903547,0.053696,0.094417,-0.414495
1640841536185890048,-0.901027,0.110523,2.348448,0.903884,0.053586,0.093957,-0.413877
1640841536187079936,-0.899728,0.111279,2.348452,0.903994,0.053544,0.093801,-0.413677
1640841536190579968,-0.895900,0.113492,2.348468,0.904321,0.053409,0.093293,-0.413096
1640841536191910144,-0.894442,0.114328,2.348475,0.904445,0.053358,0.093080,-0.412878
1640841536195760128,-0.890213,0.116732,2.348501,0.904802,0.053233,0.092408,-0.412262
1640841536196960000,-0.888892,0.117477,2.348510,0.904912,0.053205,0.092184,-0.412074
1640841536203049984,-0.882168,0.121226,2.348567,0.905452,0.053165,0.090972,-0.411163
1640841536205390080,-0.879576,0.122652,2.348594,0.905656,0.053163,0.090483,-0.410820
1640841536206669824,-0.878156,0.123429,2.348609,0.905769,0.053155,0.090213,-0.410632
1640841536208449792,-0.876178,0.124505,2.348632,0.905927,0.053129,0.089836,-0.410369
1640841536210599936,-0.873786,0.125798,2.348661,0.906123,0.053069,0.089381,-0.410045
1640841536211959808,-0.872271,0.126613,2.348681,0.906248,0.053015,0.089093,-0.409837
1640841536215950080,-0.867816,0.128989,2.348742,0.906623,0.052801,0.088246,-0.409219
1640841536216940032,-0.866709,0.129575,2.348759,0.906717,0.052737,0.088036,-0.409064
1640841536220579840,-0.862630,0.131717,2.348823,0.907064,0.052479,0.087259,-0.408493
1640841536221929984,-0.861115,0.132507,2.348848,0.907193,0.052378,0.086969,-0.408281
1640841536225600000,-0.856987,0.134642,2.348920,0.907542,0.052093,0.086179,-0.407709
1640841536227000064,-0.855410,0.135451,2.348949,0.907675,0.051983,0.085875,-0.407491
1640841536230739712,-0.851188,0.137600,2.349031,0.908031,0.051681,0.085059,-0.406907
1640841536231930112,-0.849842,0.138279,2.349058,0.908145,0.051581,0.084797,-0.406721
1640841536237999872,-0.842960,0.141716,2.349206,0.908722,0.051037,0.083441,-0.405780
1640841536239120128,-0.841687,0.142345,2.349235,0.908828,0.050927,0.083186,-0.405609
1640841536240599808,-0.840004,0.143173,2.349274,0.908968,0.050776,0.082846,-0.405384
1640841536242019840,-0.838387,0.143965,2.349312,0.909101,0.050628,0.082518,-0.405169
1640841536245609984,-0.834292,0.145955,2.349413,0.909439,0.050236,0.081679,-0.404630
1640841536247119872,-0.832567,0.146787,2.349456,0.909581,0.050065,0.081322,-0.404403
1640841536254799872,-0.823767,0.150972,2.349693,0.910310,0.049160,0.079479,-0.403239
1640841536255319808,-0.823169,0.151253,2.349710,0.910360,0.049096,0.079353,-0.403159
1640841536255749888,-0.822675,0.151485,2.349724,0.910402,0.049042,0.079248,-0.403093
1640841536257019904,-0.821215,0.152168,2.349766,0.910525,0.048882,0.078937,-0.402895
1640841536260939776,-0.816701,0.154264,2.349899,0.910910,0.048360,0.077967,-0.402275
1640841536261949952,-0.815536,0.154801,2.349934,0.911010,0.048220,0.077712,-0.402114
1640841536265929984,-0.810939,0.156904,2.350077,0.911404,0.047664,0.076684,-0.401485
1640841536270999808,-0.805068,0.159554,2.350268,0.911891,0.046979,0.075291,-0.400723
1640841536271869952,-0.804059,0.160006,2.350302,0.911973,0.046865,0.075044,-0.400596
1640841536272899840,-0.802864,0.160539,2.350342,0.912070,0.046731,0.074749,-0.400447
1640841536275650048,-0.799669,0.161958,2.350451,0.912327,0.046368,0.073958,-0.400050
1640841536276960000,-0.798145,0.162630,2.350504,0.912450,0.046192,0.073582,-0.399858
1640841536281609984,-0.792729,0.165000,2.350698,0.912898,0.045527,0.072277,-0.399151
1640841536282070016,-0.792192,0.165233,2.350718,0.912943,0.045458,0.072151,-0.399079
1640841536285679872,-0.787977,0.167054,2.350875,0.913296,0.044910,0.071156,-0.398511
1640841536287040000,-0.786387,0.167736,2.350935,0.913428,0.044703,0.070775,-0.398299
1640841536290669824,-0.782138,0.169546,2.351099,0.913772,0.044161,0.069736,-0.397752
1640841536291999744,-0.780580,0.170206,2.351160,0.913897,0.043962,0.069350,-0.397556
1640841536295990016,-0.775897,0.172172,2.351348,0.914269,0.043352,0.068193,-0.396966
1640841536297109760,-0.774582,0.172721,2.351402,0.914374,0.043173,0.067873,-0.396798
1640841536300689920,-0.770371,0.174466,2.351576,0.914714,0.042577,0.066870,-0.396250
1640841536303160064,-0.767463,0.175662,2.351700,0.914951,0.042152,0.066191,-0.395863
1640841536305639936,-0.764539,0.176857,2.351825,0.915189,0.041720,0.065514,-0.395470
1640841536307040000,-0.762887,0.177528,2.351897,0.915324,0.041478,0.065133,-0.395247
1640841536310769920,-0.758481,0.179307,2.352093,0.915682,0.040844,0.064109,-0.394651
1640841536312259840,-0.756719,0.180013,2.352172,0.915824,0.040596,0.063695,-0.394412
1640841536315719936,-0.752624,0.181645,2.352359,0.916154,0.040026,0.062718,-0.393861
1640841536316939776,-0.751179,0.182218,2.352426,0.916270,0.039826,0.062367,-0.393668
1640841536320679936,-0.746744,0.183964,2.352634,0.916623,0.039213,0.061264,-0.393078
1640841536322059776,-0.745106,0.184605,2.352712,0.916753,0.038987,0.060848,-0.392863
1640841536325799936,-0.740663,0.186333,2.352927,0.917099,0.038375,0.059715,-0.392289
1640841536326979840,-0.739260,0.186876,2.352995,0.917206,0.038184,0.059359,-0.392112
1640841536331140096,-0.734309,0.188778,2.353241,0.917574,0.037519,0.058120,-0.391500
1640841536332140032,-0.733118,0.189233,2.353301,0.917661,0.037361,0.057824,-0.391355
1640841536335599872,-0.728993,0.190800,2.353511,0.917963,0.036817,0.056796,-0.390850
1640841536336989952,-0.727335,0.191427,2.353596,0.918085,0.036598,0.056376,-0.390643
1640841536340709888,-0.722894,0.193096,2.353828,0.918421,0.036011,0.055222,-0.390072
1640841536341979904,-0.721376,0.193663,2.353908,0.918538,0.035807,0.054817,-0.389872
1640841536346380032,-0.716115,0.195617,2.354189,0.918946,0.035073,0.053389,-0.389177
1640841536348290048,-0.713829,0.196461,2.354313,0.919121,0.034735,0.052761,-0.388879
1640841536350619904,-0.711038,0.197486,2.354466,0.919330,0.034302,0.051992,-0.388526
1640841536351909888,-0.709493,0.198052,2.354551,0.919444,0.034055,0.051565,-0.388334
1640841536355629824,-0.705033,0.199676,2.354800,0.919770,0.033328,0.050321,-0.387790
1640841536357039872,-0.703341,0.200289,2.354895,0.919892,0.033055,0.049844,-0.387584
1640841536360659712,-0.698996,0.201856,2.355143,0.920209,0.032378,0.048595,-0.387047
1640841536362439936,-0.696857,0.202624,2.355266,0.920366,0.032054,0.047972,-0.386779
1640841536368790016,-0.689223,0.205343,2.355714,0.920931,0.030827,0.045779,-0.385798
1640841536369779712,-0.688031,0.205764,2.355785,0.921019,0.030616,0.045446,-0.385643
1640841536370579968,-0.687068,0.206104,2.355842,0.921091,0.030442,0.045179,-0.385518
1640841536371889920,-0.685492,0.206660,2.355937,0.921208,0.030152,0.044742,-0.385312
1640841536375619840,-0.680999,0.208238,2.356208,0.921537,0.029311,0.043495,-0.384732
1640841536376979712,-0.679361,0.208811,2.356308,0.921656,0.029007,0.043034,-0.384522
1640841536380950016,-0.674575,0.210477,2.356604,0.921995,0.028154,0.041646,-0.383924
1640841536381959936,-0.673357,0.210900,2.356680,0.922080,0.027947,0.041284,-0.383775
1640841536386769920,-0.667553,0.212904,2.357045,0.922475,0.026980,0.039555,-0.383075
1640841536387329792,-0.666877,0.213136,2.357088,0.922521,0.026868,0.039356,-0.382994
1640841536390599936,-0.662928,0.214491,2.357341,0.922784,0.026202,0.038219,-0.382521
1640841536392019968,-0.661213,0.215077,2.357451,0.922898,0.025908,0.037736,-0.382315
1640841536396069888,-0.656319,0.216744,2.357770,0.923222,0.025053,0.036371,-0.381720
1640841536397059840,-0.655123,0.217150,2.357849,0.923302,0.024842,0.036036,-0.381572
1640841536400699904,-0.650722,0.218639,2.358140,0.923598,0.024058,0.034782,-0.381022
1640841536402139904,-0.648980,0.219227,2.358256,0.923716,0.023743,0.034278,-0.380802
1640841536405679872,-0.644698,0.220668,2.358545,0.924005,0.022952,0.033029,-0.380260
1640841536406999808,-0.643101,0.221204,2.358653,0.924112,0.022648,0.032562,-0.380059
1640841536410949888,-0.638320,0.222803,2.358981,0.924427,0.021708,0.031164,-0.379462
1640841536412299776,-0.636686,0.223348,2.359094,0.924534,0.021376,0.030688,-0.379260
1640841536415750144,-0.632508,0.224738,2.359385,0.924806,0.020512,0.029473,-0.378740
1640841536416960000,-0.631043,0.225225,2.359488,0.924902,0.020205,0.029048,-0.378555
1640841536420649984,-0.626574,0.226705,2.359804,0.925196,0.019262,0.027754,-0.377983
1640841536422009856,-0.624927,0.227250,2.359921,0.925305,0.018913,0.027278,-0.377768
1640841536425819904,-0.620312,0.228773,2.360253,0.925612,0.017933,0.025940,-0.377157
1640841536426990080,-0.618894,0.229239,2.360356,0.925707,0.017630,0.025528,-0.376967
1640841536430650112,-0.614460,0.230697,2.360680,0.926002,0.016684,0.024231,-0.376370
1640841536432359936,-0.612388,0.231377,2.360832,0.926139,0.016243,0.023622,-0.376091
1640841536435749888,-0.608280,0.232722,2.361137,0.926408,0.015374,0.022411,-0.375540
1640841536437120000,-0.606621,0.233265,2.361261,0.926514,0.015027,0.021922,-0.375320
1640841536440630016,-0.602368,0.234654,2.361581,0.926783,0.014152,0.020674,-0.374761
1640841536442129920,-0.600551,0.235247,2.361719,0.926895,0.013781,0.020143,-0.374525
1640841536445730048,-0.596189,0.236669,2.362053,0.927163,0.012877,0.018882,-0.373960
1640841536447019776,-0.594626,0.237177,2.362173,0.927259,0.012544,0.018436,-0.373757
1640841536450969856,-0.589842,0.238734,2.362544,0.927552,0.011477,0.017086,-0.373127
1640841536452339968,-0.588182,0.239273,2.362674,0.927653,0.011096,0.016622,-0.372907
1640841536455629824,-0.584198,0.240568,2.362988,0.927896,0.010176,0.015507,-0.372377
1640841536457009920,-0.582527,0.241110,2.363121,0.927997,0.009794,0.015037,-0.372155
1640841536460679936,-0.578084,0.242552,2.363476,0.928262,0.008810,0.013769,-0.371568
1640841536462249984,-0.576184,0.243169,2.363629,0.928373,0.008411,0.013215,-0.371320
1640841536466179840,-0.571428,0.244712,2.364015,0.928644,0.007497,0.011789,-0.370709
1640841536467559936,-0.569759,0.245253,2.364151,0.928738,0.007194,0.011280,-0.370496
1640841536470739968,-0.565913,0.246502,2.364468,0.928957,0.006460,0.010130,-0.369993
1640841536472600064,-0.563664,0.247232,2.364654,0.929088,0.005993,0.009479,-0.369688
1640841536475600128,-0.560037,0.248409,2.364957,0.929302,0.005204,0.008448,-0.369187
1640841536476950016,-0.558406,0.248939,2.365094,0.929399,0.004841,0.007988,-0.368959
1640841536480720128,-0.553851,0.250419,2.365480,0.929665,0.003834,0.006695,-0.368325
1640841536482019840,-0.552282,0.250930,2.365614,0.929756,0.003490,0.006247,-0.368107
1640841536486779904,-0.546536,0.252801,2.366108,0.930087,0.002229,0.004615,-0.367303
1640841536487559936,-0.545595,0.253108,2.366189,0.930141,0.002021,0.004351,-0.367171
1640841536490979840,-0.541470,0.254454,2.366549,0.930380,0.001102,0.003210,-0.366582
1640841536492389888,-0.539770,0.255009,2.366698,0.930478,0.000720,0.002746,-0.366336
1640841536495749888,-0.535721,0.256333,2.367056,0.930713,-0.000193,0.001645,-0.365746
1640841536496999936,-0.534216,0.256827,2.367190,0.930801,-0.000532,0.001234,-0.365525
1640841536504590080,-0.525082,0.259828,2.368012,0.931330,-0.002585,-0.001283,-0.364165
1640841536505280000,-0.524252,0.260101,2.368087,0.931378,-0.002773,-0.001508,-0.364040
1640841536506749952,-0.522485,0.260684,2.368249,0.931480,-0.003178,-0.001983,-0.363773
1640841536507500032,-0.521584,0.260981,2.368331,0.931532,-0.003386,-0.002223,-0.363636
1640841536510880000,-0.517524,0.262324,2.368705,0.931767,-0.004342,-0.003267,-0.363016
1640841536511940096,-0.516251,0.262746,2.368823,0.931841,-0.004647,-0.003585,-0.362820
1640841536516089856,-0.511273,0.264399,2.369288,0.932129,-0.005848,-0.004811,-0.362047
1640841536518159872,-0.508791,0.265226,2.369522,0.932273,-0.006444,-0.005422,-0.361659
1640841536520629760,-0.505832,0.266214,2.369802,0.932444,-0.007145,-0.006163,-0.361192
1640841536522089984,-0.504084,0.266800,2.369968,0.932544,-0.007551,-0.006607,-0.360917
1640841536526069760,-0.499322,0.268398,2.370425,0.932814,-0.008621,-0.007834,-0.360170
1640841536526969856,-0.498246,0.268761,2.370529,0.932874,-0.008854,-0.008114,-0.360003
1640841536530759936,-0.493719,0.270289,2.370969,0.933120,-0.009791,-0.009291,-0.359312
1640841536531960064,-0.492286,0.270775,2.371110,0.933196,-0.010078,-0.009663,-0.359097
1640841536538759936,-0.484179,0.273536,2.371912,0.933623,-0.011705,-0.011716,-0.357875
1640841536540109824,-0.482572,0.274086,2.372072,0.933708,-0.012043,-0.012109,-0.357628
1640841536541999872,-0.480324,0.274858,2.372298,0.933828,-0.012528,-0.012652,-0.357279
1640841536542619904,-0.479586,0.275112,2.372373,0.933867,-0.012690,-0.012829,-0.357164
1640841536545829888,-0.475771,0.276428,2.372759,0.934069,-0.013545,-0.013744,-0.356571
1640841536546939904,-0.474453,0.276885,2.372894,0.934138,-0.013846,-0.014063,-0.356367
1640841536550609920,-0.470099,0.278398,2.373341,0.934359,-0.014854,-0.015136,-0.355700
1640841536551939840,-0.468522,0.278948,2.373504,0.934438,-0.015224,-0.015529,-0.355462
1640841536555680000,-0.464093,0.280500,2.373964,0.934657,-0.016277,-0.016626,-0.354790
1640841536557339904,-0.462130,0.281191,2.374170,0.934754,-0.016749,-0.017100,-0.354489
1640841536560639744,-0.458231,0.282570,2.374582,0.934950,-0.017698,-0.018005,-0.353880
1640841536561949952,-0.456684,0.283119,2.374746,0.935028,-0.018077,-0.018350,-0.353636
1640841536565590016,-0.452392,0.284650,2.375205,0.935246,-0.019140,-0.019285,-0.352955
1640841536566959872,-0.450778,0.285228,2.375379,0.935327,-0.019542,-0.019630,-0.352700
1640841536571030016,-0.445990,0.286953,2.375898,0.935560,-0.020743,-0.020654,-0.351952
1640841536572320000,-0.444474,0.287502,2.376064,0.935633,-0.021124,-0.020979,-0.351717
1640841536575810048,-0.440377,0.288993,2.376515,0.935828,-0.022150,-0.021864,-0.351081
1640841536577039872,-0.438935,0.289520,2.376674,0.935896,-0.022509,-0.022178,-0.350856
1640841536580629760,-0.434731,0.291065,2.377143,0.936098,-0.023545,-0.023104,-0.350189
1640841536582020096,-0.433105,0.291666,2.377326,0.936177,-0.023941,-0.023464,-0.349928
1640841536586329856,-0.428071,0.293537,2.377895,0.936420,-0.025157,-0.024563,-0.349115
1640841536590729984,-0.422944,0.295462,2.378483,0.936662,-0.026384,-0.025625,-0.348299
1640841536591709952,-0.421804,0.295893,2.378614,0.936714,-0.026653,-0.025854,-0.348120
1640841536592009984,-0.421454,0.296025,2.378655,0.936730,-0.026735,-0.025924,-0.348065
1640841536595670016,-0.417201,0.297640,2.379149,0.936925,-0.027711,-0.026777,-0.347400
1640841536598139904,-0.414336,0.298737,2.379485,0.937056,-0.028333,-0.027369,-0.346951
1640841536600669952,-0.411405,0.299865,2.379831,0.937190,-0.028936,-0.027997,-0.346489
1640841536603479808,-0.408154,0.301124,2.380218,0.937337,-0.029577,-0.028711,-0.345976
1640841536605839872,-0.405428,0.302187,2.380544,0.937460,-0.030102,-0.029313,-0.345549
1640841536610739968,-0.399779,0.304409,2.381228,0.937705,-0.031199,-0.030530,-0.344678
1640841536611439872,-0.398974,0.304728,2.381326,0.937740,-0.031359,-0.030699,-0.344556
1640841536612619776,-0.397617,0.305266,2.381492,0.937797,-0.031630,-0.030981,-0.344350
1640841536615619840,-0.394170,0.306642,2.381916,0.937942,-0.032327,-0.031690,-0.343825
1640841536617189888,-0.392369,0.307365,2.382139,0.938018,-0.032696,-0.032057,-0.343547
1640841536621039872,-0.387960,0.309148,2.382689,0.938210,-0.033614,-0.032960,-0.342850
1640841536621999872,-0.386862,0.309595,2.382827,0.938258,-0.033845,-0.033185,-0.342673
1640841536625639936,-0.382705,0.311296,2.383352,0.938440,-0.034734,-0.034026,-0.342003
1640841536627019776,-0.381132,0.311945,2.383553,0.938507,-0.035077,-0.034336,-0.341753
1640841536630709760,-0.376931,0.313687,2.384091,0.938677,-0.036009,-0.035134,-0.341107
1640841536632140032,-0.375306,0.314366,2.384301,0.938740,-0.036375,-0.035432,-0.340864
1640841536637179904,-0.369591,0.316776,2.385045,0.938957,-0.037664,-0.036454,-0.340018
1640841536637779968,-0.368911,0.317064,2.385135,0.938983,-0.037816,-0.036574,-0.339917
1640841536640640000,-0.365678,0.318445,2.385561,0.939108,-0.038532,-0.037148,-0.339427
1640841536641959936,-0.364187,0.319085,2.385759,0.939167,-0.038856,-0.037413,-0.339198
1640841536645659904,-0.360017,0.320888,2.386316,0.939333,-0.039738,-0.038156,-0.338552
1640841536647019776,-0.358486,0.321555,2.386522,0.939395,-0.040050,-0.038428,-0.338315
1640841536651010048,-0.354005,0.323521,2.387130,0.939572,-0.040921,-0.039222,-0.337627
1640841536652349952,-0.352503,0.324186,2.387335,0.939630,-0.041200,-0.039486,-0.337400
1640841536655959808,-0.348462,0.325985,2.387890,0.939785,-0.041934,-0.040191,-0.336795
1640841536656960000,-0.347345,0.326486,2.388045,0.939827,-0.042135,-0.040385,-0.336629
1640841536660659968,-0.343218,0.328350,2.388619,0.939980,-0.042882,-0.041092,-0.336022
1640841536661989888,-0.341737,0.329023,2.388827,0.940034,-0.043152,-0.041344,-0.335805
1640841536665689856,-0.337624,0.330908,2.389407,0.940185,-0.043887,-0.042052,-0.335199
1640841536667239936,-0.335905,0.331702,2.389651,0.940249,-0.044179,-0.042358,-0.334941
1640841536670619904,-0.332162,0.333443,2.390187,0.940395,-0.044762,-0.043057,-0.334364
1640841536672489984,-0.330095,0.334412,2.390484,0.940480,-0.045051,-0.043461,-0.334035
1640841536675609856,-0.326653,0.336038,2.390983,0.940622,-0.045519,-0.044134,-0.333482
1640841536677039872,-0.325078,0.336788,2.391213,0.940686,-0.045742,-0.044429,-0.333231
1640841536681169920,-0.320539,0.338965,2.391880,0.940865,-0.046452,-0.045207,-0.332524
1640841536683149824,-0.318369,0.340016,2.392202,0.940947,-0.046817,-0.045549,-0.332192
1640841536685600000,-0.315687,0.341323,2.392601,0.941049,-0.047276,-0.045956,-0.331782
1640841536687059968,-0.314091,0.342106,2.392840,0.941110,-0.047547,-0.046194,-0.331537
1640841536690820096,-0.309990,0.344133,2.393459,0.941271,-0.048216,-0.046812,-0.330896
1640841536692009984,-0.308694,0.344779,2.393655,0.941324,-0.048418,-0.047010,-0.330689
1640841536695649792,-0.304739,0.346764,2.394259,0.941486,-0.049028,-0.047616,-0.330049
1640841536697139968,-0.303123,0.347581,2.394507,0.941553,-0.049281,-0.047862,-0.329785
1640841536700780032,-0.299184,0.349590,2.395116,0.941716,-0.049928,-0.048446,-0.329137
1640841536702040064,-0.297823,0.350289,2.395328,0.941772,-0.050165,-0.048641,-0.328913
1640841536705959936,-0.293598,0.352478,2.395990,0.941944,-0.050917,-0.049226,-0.328217
1640841536707340032,-0.292114,0.353253,2.396224,0.942004,-0.051183,-0.049425,-0.327972
1640841536710629888,-0.288582,0.355112,2.396783,0.942148,-0.051798,-0.049882,-0.327392
1640841536711949824,-0.287168,0.355861,2.397009,0.942207,-0.052036,-0.050060,-0.327159
1640841536715719936,-0.283136,0.358015,2.397655,0.942374,-0.052690,-0.050552,-0.326496
1640841536717229824,-0.281526,0.358883,2.397916,0.942442,-0.052940,-0.050743,-0.326231
1640841536720609792,-0.277927,0.360837,2.398500,0.942595,-0.053476,-0.051162,-0.325635
1640841536722050048,-0.276397,0.361674,2.398750,0.942661,-0.053694,-0.051338,-0.325380
1640841536725679872,-0.272548,0.363797,2.399382,0.942829,-0.054216,-0.051779,-0.324736
1640841536726990080,-0.271161,0.364568,2.399611,0.942890,-0.054395,-0.051939,-0.324503
1640841536730939904,-0.266992,0.366905,2.400304,0.943075,-0.054904,-0.052428,-0.323799
1640841536731989760,-0.265885,0.367530,2.400489,0.943125,-0.055033,-0.052559,-0.323611
1640841536736969984,-0.260653,0.370515,2.401370,0.943360,-0.055612,-0.053177,-0.322725
1640841536737629952,-0.259961,0.370914,2.401488,0.943391,-0.055686,-0.053258,-0.322608
1640841536740800000,-0.256644,0.372835,2.402052,0.943539,-0.056033,-0.053640,-0.322051
1640841536742419968,-0.254952,0.373822,2.402341,0.943614,-0.056207,-0.053831,-0.321769
1640841536745730048,-0.251503,0.375851,2.402935,0.943767,-0.056542,-0.054219,-0.321197
1640841536747069952,-0.250110,0.376677,2.403176,0.943828,-0.056666,-0.054378,-0.320967
1640841536750649856,-0.246396,0.378895,2.403821,0.943995,-0.056948,-0.054826,-0.320350
1640841536752209920,-0.244781,0.379868,2.404103,0.944069,-0.057042,-0.055035,-0.320081
1640841536755960064,-0.240908,0.382220,2.404784,0.944248,-0.057218,-0.055565,-0.319428
1640841536757339904,-0.239486,0.383091,2.405036,0.944315,-0.057281,-0.055761,-0.319186
1640841536761240064,-0.235478,0.385567,2.405748,0.944501,-0.057529,-0.056281,-0.318499
1640841536762249984,-0.234442,0.386212,2.405933,0.944548,-0.057612,-0.056405,-0.318320
1640841536765600000,-0.231013,0.388361,2.406548,0.944705,-0.057917,-0.056792,-0.317731
1640841536766989824,-0.229594,0.389258,2.406804,0.944769,-0.058046,-0.056945,-0.317488
1640841536770710016,-0.225803,0.391671,2.407491,0.944941,-0.058368,-0.057338,-0.316848
1640841536771989760,-0.224502,0.392506,2.407728,0.945000,-0.058473,-0.057468,-0.316629
1640841536775660032,-0.220780,0.394915,2.408409,0.945169,-0.058771,-0.057820,-0.316004
1640841536777040128,-0.219384,0.395825,2.408666,0.945233,-0.058886,-0.057943,-0.315768
1640841536780979968,-0.215407,0.398441,2.409402,0.945419,-0.059235,-0.058265,-0.315085
1640841536782179840,-0.214199,0.399242,2.409626,0.945477,-0.059348,-0.058356,-0.314875
1640841536785569792,-0.210793,0.401517,2.410262,0.945639,-0.059670,-0.058605,-0.314279
1640841536786989824,-0.209370,0.402476,2.410529,0.945707,-0.059804,-0.058709,-0.314030
1640841536790720000,-0.205640,0.405007,2.411232,0.945884,-0.060142,-0.058995,-0.313378
1640841536792349696,-0.204014,0.406119,2.411539,0.945961,-0.060280,-0.059126,-0.313096
1640841536795990016,-0.200393,0.408618,2.412229,0.946131,-0.060560,-0.059424,-0.312471
1640841536797009920,-0.199380,0.409322,2.412422,0.946178,-0.060630,-0.059507,-0.312298
1640841536800599808,-0.195824,0.411812,2.413104,0.946346,-0.060847,-0.059791,-0.311693
1640841536802009856,-0.194431,0.412795,2.413373,0.946412,-0.060922,-0.059897,-0.311456
1640841536805769984,-0.190725,0.415431,2.414090,0.946591,-0.061103,-0.060152,-0.310828
1640841536806979840,-0.189536,0.416284,2.414322,0.946649,-0.061159,-0.060224,-0.310625
1640841536811369984,-0.185231,0.419397,2.415163,0.946865,-0.061361,-0.060436,-0.309885
1640841536812849920,-0.183784,0.420453,2.415447,0.946939,-0.061428,-0.060494,-0.309635
1640841536815779840,-0.180926,0.422553,2.416010,0.947085,-0.061555,-0.060603,-0.309142
1640841536817029888,-0.179709,0.423453,2.416251,0.947147,-0.061606,-0.060649,-0.308933
1640841536820609792,-0.176232,0.426043,2.416941,0.947322,-0.061739,-0.060794,-0.308340
1640841536822860032,-0.174052,0.427681,2.417376,0.947430,-0.061812,-0.060895,-0.307972
1640841536825779968,-0.171232,0.429818,2.417941,0.947570,-0.061897,-0.061031,-0.307497
1640841536827879936,-0.169208,0.431362,2.418348,0.947671,-0.061953,-0.061130,-0.307155
1640841536830629888,-0.166565,0.433395,2.418882,0.947804,-0.062019,-0.061256,-0.306707
1640841536832039936,-0.165213,0.434442,2.419156,0.947872,-0.062052,-0.061318,-0.306476
1640841536835660032,-0.161749,0.437143,2.419860,0.948049,-0.062135,-0.061467,-0.305882
1640841536837029888,-0.160441,0.438170,2.420127,0.948116,-0.062168,-0.061518,-0.305656
1640841536840679936,-0.156966,0.440920,2.420839,0.948297,-0.062263,-0.061638,-0.305053
1640841536842190080,-0.155533,0.442064,2.421134,0.948372,-0.062306,-0.061679,-0.304803
1640841536845829888,-0.152085,0.444834,2.421845,0.948553,-0.062419,-0.061753,-0.304200
1640841536847059968,-0.150923,0.445775,2.422086,0.948614,-0.062460,-0.061770,-0.303997
1640841536850819840,-0.147380,0.448664,2.422823,0.948801,-0.062595,-0.061791,-0.303382
1640841536852140032,-0.146140,0.449683,2.423082,0.948867,-0.062644,-0.061788,-0.303167
1640841536855929856,-0.142587,0.452623,2.423826,0.949055,-0.062783,-0.061762,-0.302553
1640841536857080064,-0.141511,0.453520,2.424052,0.949112,-0.062823,-0.061751,-0.302367
1640841536860709888,-0.138125,0.456362,2.424766,0.949295,-0.062931,-0.061720,-0.301777
1640841536862010112,-0.136916,0.457385,2.425022,0.949361,-0.062961,-0.061709,-0.301566
1640841536865579776,-0.133603,0.460205,2.425725,0.949544,-0.063009,-0.061676,-0.300985
1640841536866979840,-0.132307,0.461316,2.426001,0.949617,-0.063010,-0.061660,-0.300758
1640841536870769920,-0.128807,0.464338,2.426748,0.949818,-0.062955,-0.061602,-0.300147
1640841536872480000,-0.127233,0.465709,2.427086,0.949909,-0.062911,-0.061566,-0.299873
1640841536875939840,-0.124056,0.468494,2.427769,0.950097,-0.062821,-0.061465,-0.299319
1640841536877100032,-0.122994,0.469432,2.427999,0.950160,-0.062797,-0.061422,-0.299132
1640841536880679936,-0.119723,0.472337,2.428706,0.950355,-0.062758,-0.061259,-0.298554
1640841536882030080,-0.118492,0.473438,2.428973,0.950428,-0.062747,-0.061192,-0.298336
1640841536885679872,-0.115174,0.476426,2.429696,0.950629,-0.062693,-0.061015,-0.297744
1640841536886999808,-0.113977,0.477511,2.429957,0.950702,-0.062654,-0.060959,-0.297531
1640841536890869760,-0.110478,0.480706,2.430723,0.950918,-0.062444,-0.060842,-0.296907
1640841536891969792,-0.109486,0.481618,2.430941,0.950980,-0.062350,-0.060826,-0.296731
1640841536895660032,-0.106166,0.484690,2.431672,0.951190,-0.061952,-0.060811,-0.296144
1640841536897979904,-0.104085,0.486631,2.432132,0.951322,-0.061725,-0.060769,-0.295777
1640841536900719872,-0.101634,0.488932,2.432675,0.951477,-0.061545,-0.060643,-0.295342
1640841536902050048,-0.100447,0.490053,2.432939,0.951551,-0.061483,-0.060559,-0.295131
1640841536908730112,-0.094509,0.495719,2.434263,0.951928,-0.061211,-0.060067,-0.294072
1640841536909420032,-0.093898,0.496308,2.434400,0.951967,-0.061172,-0.060020,-0.293962
1640841536910599936,-0.092854,0.497316,2.434634,0.952035,-0.061100,-0.059943,-0.293775
1640841536911959808,-0.091653,0.498480,2.434903,0.952112,-0.061008,-0.059858,-0.293560
1640841536915649792,-0.088402,0.501651,2.435635,0.952323,-0.060735,-0.059629,-0.292978
1640841536916989952,-0.087224,0.502807,2.435900,0.952400,-0.060635,-0.059542,-0.292768
1640841536920780032,-0.083902,0.506090,2.436651,0.952615,-0.060376,-0.059263,-0.292177
1640841536922319872,-0.082556,0.507429,2.436957,0.952702,-0.060281,-0.059134,-0.291938
1640841536926070016,-0.079287,0.510702,2.437699,0.952917,-0.060048,-0.058788,-0.291355
1640841536927009792,-0.078470,0.511525,2.437886,0.952971,-0.059985,-0.058696,-0.291209
1640841536930639872,-0.075321,0.514716,2.438604,0.953185,-0.059708,-0.058324,-0.290639
1640841536931979776,-0.074162,0.515897,2.438870,0.953265,-0.059593,-0.058182,-0.290428
1640841536935629824,-0.071012,0.519128,2.439592,0.953486,-0.059247,-0.057780,-0.289854
1640841536937110016,-0.069738,0.520443,2.439884,0.953576,-0.059096,-0.057613,-0.289623
1640841536942629888,-0.065005,0.525370,2.440975,0.953909,-0.058484,-0.056970,-0.288775
1640841536943239936,-0.064483,0.525917,2.441096,0.953946,-0.058412,-0.056898,-0.288682
1640841536945609728,-0.062461,0.528046,2.441564,0.954089,-0.058124,-0.056618,-0.288324
1640841536946959872,-0.061311,0.529262,2.441830,0.954170,-0.057955,-0.056458,-0.288121
1640841536950899712,-0.057964,0.532822,2.442607,0.954407,-0.057434,-0.055997,-0.287529
1640841536951969792,-0.057057,0.533792,2.442818,0.954472,-0.057284,-0.055874,-0.287368
1640841536955699968,-0.053904,0.537185,2.443552,0.954698,-0.056730,-0.055447,-0.286809
1640841536957469952,-0.052412,0.538800,2.443901,0.954805,-0.056445,-0.055246,-0.286547
1640841536960620032,-0.049764,0.541685,2.444520,0.954996,-0.055896,-0.054892,-0.286085
1640841536961989888,-0.048615,0.542943,2.444789,0.955079,-0.055642,-0.054737,-0.285886
1640841536965600000,-0.045595,0.546268,2.445498,0.955297,-0.054962,-0.054317,-0.285369
1640841536968609792,-0.043086,0.549052,2.446088,0.955477,-0.054421,-0.053940,-0.284943
1640841536971249920,-0.040891,0.551502,2.446605,0.955633,-0.053996,-0.053578,-0.284570
1640841536972620032,-0.039754,0.552777,2.446873,0.955713,-0.053789,-0.053381,-0.284377
1640841536975819776,-0.037106,0.555762,2.447498,0.955899,-0.053315,-0.052907,-0.283929
1640841536977289984,-0.035892,0.557137,2.447785,0.955984,-0.053089,-0.052688,-0.283725
1640841536980659968,-0.033116,0.560298,2.448443,0.956181,-0.052528,-0.052189,-0.283258
1640841536981989888,-0.032023,0.561549,2.448702,0.956259,-0.052294,-0.051990,-0.283076
1640841536985750016,-0.028941,0.565096,2.449433,0.956479,-0.051614,-0.051403,-0.282562
1640841536987200000,-0.027755,0.566468,2.449715,0.956564,-0.051351,-0.051162,-0.282365
1640841536990670080,-0.024926,0.569760,2.450389,0.956769,-0.050734,-0.050538,-0.281896
1640841536992009984,-0.023835,0.571034,2.450648,0.956848,-0.050501,-0.050280,-0.281717
1640841536995829760,-0.020736,0.574678,2.451388,0.957070,-0.049812,-0.049536,-0.281214
1640841536997049856,-0.019748,0.575844,2.451623,0.957141,-0.049574,-0.049307,-0.281057
1640841537000720128,-0.016785,0.579364,2.452332,0.957348,-0.048775,-0.048676,-0.280602
1640841537002109952,-0.015665,0.580700,2.452599,0.957425,-0.048447,-0.048453,-0.280433
1640841537006889728,-0.011827,0.585309,2.453519,0.957691,-0.047280,-0.047674,-0.279857
1640841537007660032,-0.011211,0.586054,2.453666,0.957734,-0.047093,-0.047539,-0.279763
1640841537010789888,-0.008709,0.589087,2.454266,0.957912,-0.046351,-0.046954,-0.279376
1640841537014690048,-0.005603,0.592879,2.455012,0.958136,-0.045437,-0.046177,-0.278888
1640841537016759808,-0.003959,0.594897,2.455407,0.958254,-0.044941,-0.045766,-0.278632
1640841537017449728,-0.003411,0.595571,2.455539,0.958292,-0.044772,-0.045631,-0.278548
1640841537020649984,-0.000878,0.598701,2.456148,0.958469,-0.043958,-0.045041,-0.278167
1640841537022060032,0.000236,0.600083,2.456416,0.958544,-0.043578,-0.044803,-0.278005
1640841537025669888,0.003080,0.603630,2.457100,0.958734,-0.042575,-0.044223,-0.277600
1640841537027340032,0.004393,0.605274,2.457416,0.958822,-0.042112,-0.043946,-0.277410
1640841537030819840,0.007122,0.608709,2.458073,0.959010,-0.041184,-0.043303,-0.276998
1640841537032019968,0.008061,0.609896,2.458299,0.959077,-0.040877,-0.043063,-0.276852
1640841537035709952,0.010942,0.613553,2.458993,0.959281,-0.039959,-0.042288,-0.276397
1640841537037029888,0.011970,0.614864,2.459241,0.959353,-0.039638,-0.042004,-0.276235
1640841537040649984,0.014783,0.618467,2.459918,0.959547,-0.038769,-0.041231,-0.275801
1640841537042660096,0.016341,0.620472,2.460294,0.959652,-0.038288,-0.040808,-0.275567
1640841537045699840,0.018692,0.623511,2.460860,0.959808,-0.037551,-0.040167,-0.275218
1640841537047099904,0.019772,0.624912,2.461120,0.959880,-0.037206,-0.039868,-0.275058
1640841537051110144,0.022860,0.628936,2.461863,0.960088,-0.036186,-0.038984,-0.274594
1640841537051980032,0.023528,0.629811,2.462024,0.960133,-0.035959,-0.038787,-0.274493
1640841537055630080,0.026327,0.633486,2.462697,0.960323,-0.034989,-0.037953,-0.274072
1640841537057060096,0.027420,0.634928,2.462960,0.960396,-0.034603,-0.037623,-0.273910
1640841537060639744,0.030153,0.638546,2.463617,0.960576,-0.033628,-0.036800,-0.273512
1640841537062429952,0.031516,0.640358,2.463944,0.960664,-0.033134,-0.036393,-0.273316
1640841537066969856,0.034965,0.644965,2.464771,0.960885,-0.031853,-0.035389,-0.272824
1640841537068379904,0.036033,0.646399,2.465027,0.960953,-0.031446,-0.035089,-0.272671
1640841537070659840,0.037758,0.648719,2.465440,0.961063,-0.030775,-0.034620,-0.272420
1640841537072000000,0.038770,0.650085,2.465682,0.961127,-0.030375,-0.034351,-0.272272
1640841537075670016,0.041536,0.653831,2.466344,0.961301,-0.029277,-0.033616,-0.271870
1640841537077070080,0.042589,0.655262,2.466595,0.961366,-0.028864,-0.033329,-0.271720
1640841537080770048,0.045367,0.659051,2.467257,0.961532,-0.027802,-0.032529,-0.271340
1640841537082190080,0.046430,0.660507,2.467511,0.961594,-0.027403,-0.032208,-0.271198
1640841537085729792,0.049077,0.664141,2.468140,0.961750,-0.026426,-0.031389,-0.270839
1640841537086999808,0.050025,0.665447,2.468365,0.961806,-0.026078,-0.031091,-0.270707
1640841537090569984,0.052684,0.669123,2.468996,0.961968,-0.025106,-0.030249,-0.270320
1640841537092229888,0.053918,0.670834,2.469288,0.962044,-0.024660,-0.029857,-0.270134
1640841537096039936,0.056745,0.674768,2.469956,0.962217,-0.023662,-0.028954,-0.269703
1640841537097379840,0.057737,0.676153,2.470190,0.962277,-0.023324,-0.028636,-0.269552
1640841537100739840,0.060220,0.679630,2.470775,0.962423,-0.022513,-0.027837,-0.269185
1640841537102119936,0.061239,0.681060,2.471014,0.962480,-0.022194,-0.027508,-0.269039
1640841537105779968,0.063934,0.684856,2.471646,0.962630,-0.021362,-0.026624,-0.268661
1640841537107009792,0.064839,0.686133,2.471858,0.962680,-0.021077,-0.026321,-0.268535
1640841537110889984,0.067687,0.690165,2.472523,0.962838,-0.020136,-0.025339,-0.268135
1640841537112029952,0.068522,0.691352,2.472717,0.962884,-0.019848,-0.025046,-0.268016
1640841537116099840,0.071499,0.695590,2.473409,0.963050,-0.018779,-0.023997,-0.267592
1640841537117449984,0.072485,0.696998,2.473637,0.963105,-0.018414,-0.023653,-0.267451
1640841537120760064,0.074898,0.700451,2.474195,0.963239,-0.017499,-0.022821,-0.267103
1640841537122010112,0.075808,0.701756,2.474404,0.963289,-0.017147,-0.022510,-0.266972
1640841537125860096,0.078606,0.705780,2.475047,0.963441,-0.016049,-0.021554,-0.266570
1640841537127040000,0.079463,0.707014,2.475243,0.963487,-0.015709,-0.021260,-0.266448
1640841537130859776,0.082231,0.711012,2.475876,0.963633,-0.014599,-0.020298,-0.266055
1640841537133109760,0.083858,0.713368,2.476246,0.963718,-0.013938,-0.019725,-0.265826
1640841537135740160,0.085758,0.716125,2.476677,0.963816,-0.013159,-0.019049,-0.265561
1640841537137069824,0.086717,0.717520,2.476894,0.963865,-0.012761,-0.018706,-0.265429
1640841537140640000,0.089289,0.721266,2.477473,0.963993,-0.011685,-0.017779,-0.265074
1640841537142069760,0.090318,0.722767,2.477704,0.964044,-0.011252,-0.017405,-0.264933
1640841537145740032,0.092954,0.726622,2.478294,0.964174,-0.010153,-0.016434,-0.264567
1640841537147199744,0.094002,0.728156,2.478527,0.964225,-0.009724,-0.016042,-0.264420
1640841537150699776,0.096510,0.731836,2.479084,0.964349,-0.008725,-0.015088,-0.264060
1640841537152039936,0.097469,0.733246,2.479296,0.964396,-0.008353,-0.014719,-0.263920
1640841537155759872,0.100128,0.737159,2.479881,0.964527,-0.007339,-0.013687,-0.263528
1640841537157029888,0.101034,0.738496,2.480079,0.964571,-0.006998,-0.013334,-0.263394
1640841537160610048,0.103587,0.742265,2.480636,0.964693,-0.006040,-0.012343,-0.263018
1640841537162099712,0.104649,0.743834,2.480866,0.964743,-0.005643,-0.011931,-0.262862
1640841537165689856,0.107203,0.747615,2.481418,0.964862,-0.004683,-0.010941,-0.262488
1640841537167150080,0.108241,0.749153,2.481641,0.964909,-0.004291,-0.010538,-0.262336
1640841537170650112,0.110726,0.752840,2.482173,0.965022,-0.003344,-0.009569,-0.261972
1640841537172039936,0.111711,0.754305,2.482382,0.965067,-0.002964,-0.009183,-0.261826
1640841537175699968,0.114305,0.758161,2.482931,0.965183,-0.001961,-0.008157,-0.261442
1640841537177979904,0.115918,0.760564,2.483271,0.965254,-0.001341,-0.007509,-0.261201
1640841537180620032,0.117785,0.763346,2.483661,0.965337,-0.000636,-0.006748,-0.260920
1640841537182019840,0.118775,0.764821,2.483867,0.965380,-0.000269,-0.006340,-0.260770
1640841537185600000,0.121302,0.768592,2.484389,0.965491,0.000639,-0.005275,-0.260383
1640841537187019776,0.122304,0.770088,2.484595,0.965534,0.000999,-0.004851,-0.260229
1640841537191170048,0.125229,0.774459,2.485193,0.965660,0.002128,-0.003637,-0.259776
1640841537192039936,0.125841,0.775375,2.485317,0.965686,0.002378,-0.003387,-0.259681
1640841537195859968,0.128530,0.779396,2.485859,0.965796,0.003507,-0.002296,-0.259268
1640841537197029888,0.129352,0.780627,2.486023,0.965829,0.003859,-0.001962,-0.259143
1640841537200669952,0.131911,0.784457,2.486532,0.965928,0.004947,-0.000916,-0.258762
1640841537202119936,0.132929,0.785981,2.486733,0.965966,0.005378,-0.000496,-0.258612
1640841537205619712,0.135386,0.789661,2.487215,0.966056,0.006411,0.000521,-0.258252
1640841537207089920,0.136417,0.791205,2.487416,0.966093,0.006843,0.000949,-0.258100
1640841537211769856,0.139698,0.796120,2.488048,0.966213,0.008215,0.002306,-0.257605
1640841537212719872,0.140364,0.797117,2.488176,0.966237,0.008492,0.002581,-0.257502
1640841537215610112,0.142388,0.800149,2.488560,0.966312,0.009324,0.003426,-0.257183
1640841537217020160,0.143375,0.801627,2.488746,0.966349,0.009723,0.003842,-0.257024
1640841537220819968,0.146035,0.805609,2.489243,0.966449,0.010772,0.004987,-0.256583
1640841537222029824,0.146881,0.806876,2.489400,0.966481,0.011099,0.005356,-0.256441
1640841537226080000,0.149714,0.811114,2.489921,0.966588,0.012185,0.006593,-0.255960
1640841537228299776,0.151266,0.813435,2.490203,0.966645,0.012784,0.007264,-0.255698
1640841537230949888,0.153118,0.816203,2.490536,0.966711,0.013507,0.008054,-0.255389
1640841537232149760,0.153956,0.817455,2.490686,0.966740,0.013837,0.008410,-0.255249
1640841537235729920,0.156458,0.821190,2.491129,0.966826,0.014832,0.009468,-0.254828
1640841537237289984,0.157547,0.822815,2.491320,0.966864,0.015269,0.009931,-0.254642
1640841537240699904,0.159929,0.826366,2.491733,0.966947,0.016232,0.010952,-0.254226
1640841537242480128,0.161172,0.828217,2.491947,0.966990,0.016738,0.011490,-0.254004
1640841537246009856,0.163637,0.831884,2.492366,0.967075,0.017746,0.012561,-0.253560
1640841537247099904,0.164398,0.833016,2.492494,0.967101,0.018059,0.012893,-0.253422
1640841537250629888,0.166863,0.836676,2.492904,0.967184,0.019074,0.013966,-0.252976
1640841537251969792,0.167798,0.838064,2.493058,0.967214,0.019462,0.014372,-0.252807
1640841537255709952,0.170410,0.841933,2.493484,0.967294,0.020558,0.015492,-0.252347
1640841537257759744,0.171842,0.844051,2.493714,0.967335,0.021170,0.016093,-0.252103
1640841537260900096,0.174035,0.847291,2.494062,0.967392,0.022131,0.016990,-0.251743
1640841537263759872,0.176033,0.850237,2.494374,0.967440,0.023012,0.017799,-0.251422
1640841537265760000,0.177431,0.852295,2.494590,0.967475,0.023616,0.018378,-0.251192
1640841537268859904,0.179598,0.855480,2.494921,0.967533,0.024506,0.019323,-0.250810
1640841537270599936,0.180814,0.857265,2.495104,0.967569,0.024980,0.019880,-0.250581
1640841537276369920,0.184850,0.863173,2.495700,0.967691,0.026506,0.021748,-0.249796
1640841537277390080,0.185564,0.864215,2.495803,0.967712,0.026781,0.022066,-0.249659
1640841537280150016,0.187496,0.867032,2.496080,0.967763,0.027549,0.022891,-0.249301
1640841537280769792,0.187930,0.867664,2.496142,0.967774,0.027725,0.023070,-0.249222
1640841537282029824,0.188813,0.868947,2.496266,0.967796,0.028087,0.023430,-0.249063
1640841537285629952,0.191335,0.872610,2.496617,0.967858,0.029126,0.024447,-0.248605
1640841537287040000,0.192323,0.874042,2.496752,0.967883,0.029530,0.024851,-0.248420
1640841537290749952,0.194926,0.877803,2.497103,0.967953,0.030571,0.025946,-0.247911
1640841537292059904,0.195845,0.879129,2.497225,0.967978,0.030934,0.026341,-0.247726
1640841537295729920,0.198422,0.882836,2.497562,0.968049,0.031948,0.027460,-0.247199
1640841537297089792,0.199378,0.884208,2.497685,0.968074,0.032326,0.027876,-0.247003
1640841537300730112,0.201938,0.887872,2.498008,0.968139,0.033350,0.028983,-0.246484
1640841537302840064,0.203423,0.889991,2.498192,0.968174,0.033954,0.029618,-0.246188
1640841537305739776,0.205465,0.892898,2.498440,0.968221,0.034792,0.030482,-0.245783
1640841537307129856,0.206445,0.894289,2.498557,0.968242,0.035196,0.030893,-0.245589
1640841537310739968,0.208991,0.897895,2.498856,0.968296,0.036252,0.031952,-0.245086
1640841537312719872,0.210389,0.899868,2.499017,0.968325,0.036834,0.032530,-0.244809
1640841537315619840,0.212438,0.902752,2.499248,0.968367,0.037687,0.033378,-0.244399
1640841537317179904,0.213541,0.904300,2.499370,0.968390,0.038146,0.033836,-0.244176
1640841537320729856,0.216055,0.907816,2.499642,0.968441,0.039191,0.034891,-0.243659
1640841537322459904,0.217280,0.909526,2.499772,0.968465,0.039701,0.035409,-0.243404
1640841537325929984,0.219742,0.912946,2.500027,0.968513,0.040728,0.036449,-0.242889
1640841537327089920,0.220566,0.914088,2.500110,0.968528,0.041074,0.036796,-0.242717
1640841537330669824,0.223110,0.917601,2.500363,0.968573,0.042152,0.037857,-0.242190
1640841537332009984,0.224064,0.918914,2.500455,0.968589,0.042557,0.038250,-0.241994
1640841537335719936,0.226707,0.922538,2.500705,0.968632,0.043663,0.039323,-0.241451
1640841537337080064,0.227677,0.923863,2.500794,0.968649,0.044057,0.039710,-0.241250
1640841537340559872,0.230162,0.927246,2.501018,0.968695,0.045015,0.040685,-0.240727
1640841537342269952,0.231385,0.928904,2.501124,0.968719,0.045461,0.041158,-0.240463
1640841537345829888,0.233934,0.932347,2.501341,0.968774,0.046354,0.042146,-0.239899
1640841537347040000,0.234801,0.933514,2.501412,0.968794,0.046650,0.042486,-0.239703
1640841537350639872,0.237385,0.936978,2.501620,0.968854,0.047522,0.043521,-0.239100
1640841537352119808,0.238449,0.938398,2.501703,0.968880,0.047879,0.043955,-0.238846
1640841537355899904,0.241169,0.942014,2.501907,0.968944,0.048793,0.045065,-0.238193
1640841537357100032,0.242035,0.943159,2.501970,0.968964,0.049084,0.045413,-0.237987
1640841537360539904,0.244517,0.946432,2.502146,0.969017,0.049924,0.046383,-0.237409
1640841537361989888,0.245566,0.947808,2.502217,0.969038,0.050283,0.046779,-0.237170
1640841537365619968,0.248193,0.951242,2.502390,0.969087,0.051194,0.047751,-0.236577
1640841537367089920,0.249259,0.952629,2.502458,0.969107,0.051571,0.048138,-0.236337
1640841537371029760,0.252121,0.956333,2.502631,0.969157,0.052609,0.049173,-0.235686
1640841537372929792,0.253503,0.958112,2.502711,0.969181,0.053125,0.049670,-0.235369
1640841537375629824,0.255471,0.960635,2.502820,0.969214,0.053877,0.050373,-0.234915
1640841537377369856,0.256741,0.962255,2.502888,0.969234,0.054372,0.050824,-0.234621
1640841537380600064,0.259102,0.965254,2.503008,0.969268,0.055317,0.051653,-0.234076
1640841537382040064,0.260156,0.966587,2.503059,0.969282,0.055749,0.052019,-0.233833
1640841537385779968,0.262899,0.970037,2.503185,0.969317,0.056887,0.052962,-0.233203
1640841537387339776,0.264045,0.971471,2.503235,0.969331,0.057361,0.053353,-0.232940
1640841537390799872,0.266592,0.974641,2.503340,0.969362,0.058397,0.054222,-0.232352
1640841537392049920,0.267514,0.975782,2.503375,0.969373,0.058765,0.054535,-0.232138
1640841537395609856,0.270143,0.979022,2.503471,0.969408,0.059792,0.055418,-0.231522
1640841537397019904,0.271186,0.980300,2.503506,0.969422,0.060191,0.055763,-0.231275
1640841537400679936,0.273900,0.983607,2.503591,0.969463,0.061202,0.056642,-0.230624
1640841537402479872,0.275237,0.985227,2.503629,0.969485,0.061687,0.057063,-0.230297
1640841537405679872,0.277618,0.988096,2.503692,0.969529,0.062527,0.057790,-0.229705
1640841537407069952,0.278655,0.989338,2.503717,0.969550,0.062883,0.058095,-0.229443
1640841537411279872,0.281800,0.993083,2.503783,0.969614,0.063965,0.059022,-0.228633
1640841537412189952,0.282482,0.993890,2.503796,0.969626,0.064211,0.059240,-0.228457
1640841537415629824,0.285062,0.996928,2.503839,0.969666,0.065170,0.060101,-0.227792
1640841537417229824,0.286264,0.998335,2.503856,0.969682,0.065619,0.060509,-0.227485
1640841537420770048,0.288930,1.001436,2.503887,0.969719,0.066587,0.061388,-0.226810
1640841537422070016,0.289911,1.002570,2.503896,0.969733,0.066932,0.061699,-0.226564
1640841537425629952,0.292602,1.005663,2.503915,0.969772,0.067863,0.062530,-0.225890
1640841537427330048,0.293890,1.007134,2.503920,0.969791,0.068308,0.062920,-0.225565
1640841537430609920,0.296381,1.009959,2.503925,0.969828,0.069185,0.063673,-0.224930
1640841537432049920,0.297476,1.011195,2.503925,0.969843,0.069579,0.064005,-0.224647
1640841537435729920,0.300282,1.014338,2.503917,0.969881,0.070610,0.064859,-0.223916
1640841537437229824,0.301428,1.015613,2.503911,0.969895,0.071040,0.065209,-0.223616
1640841537440689920,0.304077,1.018541,2.503891,0.969925,0.072051,0.066020,-0.222924
1640841537442109696,0.305166,1.019737,2.503880,0.969936,0.072473,0.066350,-0.222642
1640841537445679872,0.307911,1.022732,2.503847,0.969960,0.073551,0.067161,-0.221938
1640841537447049984,0.308967,1.023875,2.503832,0.969968,0.073970,0.067461,-0.221673
1640841537450739968,0.311817,1.026941,2.503783,0.969987,0.075110,0.068226,-0.220973
1640841537453959936,0.314311,1.029599,2.503733,0.970001,0.076104,0.068851,-0.220375
1640841537455879936,0.315802,1.031175,2.503699,0.970011,0.076685,0.069221,-0.220016
1640841537458789888,0.318066,1.033553,2.503643,0.970029,0.077535,0.069802,-0.219454
1640841537462089984,0.320640,1.036234,2.503572,0.970055,0.078452,0.070500,-0.218788
1640841537462579968,0.321023,1.036630,2.503561,0.970059,0.078585,0.070606,-0.218687
1640841537465760000,0.323512,1.039193,2.503484,0.970087,0.079443,0.071297,-0.218029
1640841537467059968,0.324532,1.040236,2.503450,0.970098,0.079795,0.071578,-0.217760
1640841537470700032,0.327393,1.043141,2.503349,0.970125,0.080797,0.072347,-0.217013
1640841537472019968,0.328433,1.044189,2.503310,0.970134,0.081164,0.072619,-0.216745
1640841537475620096,0.331275,1.047031,2.503196,0.970158,0.082164,0.073341,-0.216019
1640841537477239808,0.332557,1.048303,2.503142,0.970168,0.082607,0.073658,-0.215694
1640841537481060096,0.335588,1.051284,2.503007,0.970196,0.083625,0.074386,-0.214928
1640841537483369728,0.337426,1.053074,2.502920,0.970213,0.084228,0.074818,-0.214464
1640841537485549824,0.339164,1.054755,2.502835,0.970228,0.084804,0.075224,-0.214027
1640841537487020032,0.340338,1.055884,2.502775,0.970237,0.085200,0.075498,-0.213733
1640841537491829760,0.344189,1.059550,2.502568,0.970256,0.086565,0.076402,-0.212772
1640841537492470016,0.344703,1.060035,2.502539,0.970258,0.086753,0.076522,-0.212644
1640841537495679744,0.347285,1.062454,2.502390,0.970265,0.087700,0.077115,-0.212009
1640841537497169920,0.348485,1.063571,2.502319,0.970268,0.088139,0.077384,-0.211716
1640841537500619776,0.351272,1.066141,2.502146,0.970275,0.089141,0.077983,-0.211044
1640841537502080000,0.352454,1.067222,2.502071,0.970278,0.089554,0.078225,-0.210763
1640841537505549824,0.355269,1.069775,2.501885,0.970289,0.090506,0.078784,-0.210099
1640841537507089920,0.356522,1.070901,2.501799,0.970294,0.090917,0.079029,-0.209806
1640841537510659840,0.359431,1.073494,2.501595,0.970307,0.091842,0.079607,-0.209123
1640841537512659968,0.361066,1.074936,2.501476,0.970314,0.092345,0.079941,-0.208738
1640841537516019712,0.363818,1.077341,2.501269,0.970329,0.093177,0.080502,-0.208083
1640841537519039744,0.366299,1.079484,2.501077,0.970346,0.093921,0.080988,-0.207480
1640841537520629760,0.367608,1.080605,2.500973,0.970357,0.094314,0.081233,-0.207158
1640841537522019840,0.368754,1.081581,2.500880,0.970366,0.094658,0.081441,-0.206875
1640841537525689856,0.371786,1.084141,2.500630,0.970391,0.095564,0.081966,-0.206134
1640841537527659776,0.373418,1.085503,2.500491,0.970403,0.096050,0.082234,-0.205744
1640841537530599936,0.375859,1.087523,2.500278,0.970417,0.096772,0.082618,-0.205181
1640841537532860160,0.377740,1.089063,2.500111,0.970427,0.097328,0.082900,-0.204762
1640841537535609856,0.380033,1.090924,2.499902,0.970436,0.098010,0.083227,-0.204256
1640841537537129984,0.381303,1.091946,2.499784,0.970442,0.098392,0.083399,-0.203976
1640841537540560128,0.384176,1.094235,2.499511,0.970456,0.099274,0.083764,-0.203331
1640841537542129920,0.385494,1.095274,2.499384,0.970463,0.099686,0.083923,-0.203030
1640841537545789952,0.388573,1.097678,2.499079,0.970478,0.100662,0.084282,-0.202326
1640841537549860096,0.392010,1.100319,2.498730,0.970489,0.101763,0.084684,-0.201553
1640841537552569856,0.394304,1.102058,2.498490,0.970493,0.102496,0.084955,-0.201047
1640841537552939776,0.394618,1.102294,2.498457,0.970494,0.102595,0.084992,-0.200978
1640841537555619840,0.396894,1.103997,2.498214,0.970497,0.103309,0.085259,-0.200483
1640841537557099776,0.398153,1.104931,2.498077,0.970499,0.103695,0.085405,-0.200211
1640841537560639744,0.401171,1.107145,2.497745,0.970506,0.104593,0.085744,-0.199564
1640841537562189824,0.402496,1.108107,2.497596,0.970511,0.104977,0.085885,-0.199280
1640841537565819904,0.405605,1.110338,2.497241,0.970524,0.105870,0.086189,-0.198612
1640841537569139968,0.408458,1.112354,2.496909,0.970539,0.106700,0.086421,-0.197992
1640841537571709952,0.410672,1.113898,2.496646,0.970553,0.107354,0.086570,-0.197505
1640841537572199936,0.411094,1.114191,2.496595,0.970556,0.107480,0.086596,-0.197411
1640841537576059904,0.414431,1.116480,2.496190,0.970579,0.108462,0.086788,-0.196674
1640841537577159936,0.415383,1.117126,2.496072,0.970586,0.108737,0.086841,-0.196464
1640841537580600064,0.418369,1.119130,2.495699,0.970608,0.109576,0.087014,-0.195809
1640841537582029824,0.419613,1.119955,2.495542,0.970618,0.109916,0.087087,-0.195538
1640841537585600000,0.422725,1.121995,2.495142,0.970641,0.110757,0.087268,-0.194868
1640841537587119872,0.424053,1.122856,2.494969,0.970650,0.111114,0.087341,-0.194586
1640841537590620160,0.427117,1.124817,2.494565,0.970669,0.111947,0.087494,-0.193943
1640841537592310016,0.428600,1.125755,2.494367,0.970678,0.112355,0.087558,-0.193633
1640841537595759872,0.431635,1.127649,2.493956,0.970696,0.113199,0.087666,-0.193001
1640841537597100032,0.432816,1.128377,2.493794,0.970704,0.113531,0.087699,-0.192752
1640841537600649728,0.435951,1.130287,2.493358,0.970726,0.114422,0.087760,-0.192085
1640841537602079744,0.437217,1.131049,2.493180,0.970736,0.114782,0.087775,-0.191813
1640841537606119936,0.440802,1.133175,2.492670,0.970765,0.115786,0.087809,-0.191046
1640841537607059968,0.441638,1.133664,2.492550,0.970772,0.116014,0.087818,-0.190869
1640841537610659840,0.444845,1.135520,2.492083,0.970797,0.116854,0.087861,-0.190207
1640841537614889984,0.448627,1.137663,2.491523,0.970826,0.117793,0.087919,-0.189452
1640841537615639808,0.449299,1.138039,2.491422,0.970831,0.117957,0.087927,-0.189319
1640841537617129984,0.450635,1.138782,2.491221,0.970842,0.118284,0.087938,-0.189057
1640841537620659712,0.453808,1.140521,2.490739,0.970868,0.119063,0.087934,-0.188434
1640841537622099968,0.455105,1.141222,2.490540,0.970879,0.119380,0.087923,-0.188179
1640841537625659904,0.458318,1.142936,2.490040,0.970913,0.120143,0.087878,-0.187538
1640841537627219968,0.459729,1.143677,2.489819,0.970931,0.120463,0.087854,-0.187252
1640841537630579968,0.462775,1.145255,2.489336,0.970977,0.121112,0.087800,-0.186621
1640841537632079872,0.464138,1.145951,2.489118,0.971000,0.121386,0.087774,-0.186335
1640841537636169984,0.467862,1.147823,2.488516,0.971067,0.122103,0.087690,-0.185556
1640841537637159936,0.468765,1.148271,2.488368,0.971083,0.122274,0.087666,-0.185369
1640841537643579904,0.474642,1.151116,2.487394,0.971183,0.123380,0.087465,-0.184203
1640841537644389888,0.475386,1.151468,2.487269,0.971196,0.123514,0.087438,-0.184058
1640841537645759744,0.476645,1.152060,2.487057,0.971219,0.123732,0.087395,-0.183812
1640841537650709760,0.481207,1.154164,2.486279,0.971315,0.124417,0.087272,-0.182898
1640841537651369728,0.481816,1.154440,2.486173,0.971329,0.124498,0.087258,-0.182773
1640841537652219904,0.482602,1.154794,2.486038,0.971348,0.124600,0.087240,-0.182611
1640841537655660032,0.485787,1.156210,2.485483,0.971427,0.125008,0.087149,-0.181955
1640841537657319936,0.487328,1.156883,2.485213,0.971465,0.125211,0.087087,-0.181639
1640841537661029888,0.490778,1.158365,2.484601,0.971548,0.125713,0.086886,-0.180945
1640841537662220032,0.491887,1.158834,2.484403,0.971574,0.125886,0.086805,-0.180727
1640841537665609728,0.495052,1.160150,2.483833,0.971643,0.126386,0.086562,-0.180119
1640841537667119872,0.496465,1.160728,2.483576,0.971674,0.126602,0.086457,-0.179855
1640841537670689792,0.499811,1.162072,2.482963,0.971743,0.127078,0.086238,-0.179246
1640841537672080128,0.501117,1.162588,2.482722,0.971771,0.127251,0.086160,-0.179013
1640841537675670016,0.504496,1.163898,2.482093,0.971843,0.127672,0.085967,-0.178410
1640841537677159936,0.505902,1.164433,2.481829,0.971875,0.127838,0.085884,-0.178157
1640841537682240000,0.510706,1.166217,2.480919,0.971994,0.128379,0.085572,-0.177269
1640841537682729984,0.511171,1.166386,2.480830,0.972006,0.128429,0.085539,-0.177182
1640841537685639936,0.513933,1.167377,2.480299,0.972080,0.128721,0.085333,-0.176663
1640841537687119872,0.515340,1.167874,2.480026,0.972118,0.128866,0.085221,-0.176400
1640841537690889728,0.518932,1.169115,2.479326,0.972217,0.129223,0.084917,-0.175740
1640841537692119808,0.520107,1.169513,2.479095,0.972250,0.129336,0.084812,-0.175527
1640841537695889920,0.523713,1.170711,2.478381,0.972352,0.129663,0.084475,-0.174883
1640841537697089792,0.524863,1.171085,2.478152,0.972385,0.129761,0.084363,-0.174679
1640841537700700160,0.528330,1.172189,2.477456,0.972488,0.130033,0.084014,-0.174069
1640841537702089984,0.529668,1.172607,2.477185,0.972529,0.130128,0.083876,-0.173834
1640841537705659904,0.533109,1.173657,2.476484,0.972641,0.130337,0.083517,-0.173227
1640841537707279872,0.534674,1.174124,2.476163,0.972694,0.130413,0.083353,-0.172949
1640841537711429888,0.538692,1.175292,2.475332,0.972840,0.130546,0.082942,-0.172224
1640841537712009984,0.539254,1.175452,2.475215,0.972861,0.130557,0.082886,-0.172121
1640841537715709952,0.542849,1.176453,2.474462,0.973003,0.130606,0.082532,-0.171453
1640841537717179904,0.544280,1.176842,2.474161,0.973060,0.130621,0.082393,-0.171184
1640841537720579840,0.547595,1.177722,2.473457,0.973191,0.130669,0.082072,-0.170554
1640841537722349824,0.549325,1.178170,2.473088,0.973259,0.130700,0.081905,-0.170226
1640841537725939968,0.552840,1.179055,2.472331,0.973394,0.130761,0.081563,-0.169568
1640841537727680000,0.554547,1.179472,2.471962,0.973459,0.130785,0.081395,-0.169258
1640841537730619904,0.557436,1.180162,2.471332,0.973567,0.130810,0.081108,-0.168752
1640841537732000000,0.558794,1.180479,2.471034,0.973618,0.130817,0.080971,-0.168521
1640841537735899904,0.562640,1.181349,2.470186,0.973760,0.130830,0.080569,-0.167879
1640841537737229824,0.563954,1.181638,2.469894,0.973809,0.130835,0.080426,-0.167661
1640841537740619776,0.567309,1.182355,2.469145,0.973933,0.130859,0.080043,-0.167100
1640841537742070016,0.568747,1.182654,2.468822,0.973987,0.130875,0.079872,-0.166857
1640841537746009856,0.572661,1.183439,2.467937,0.974134,0.130927,0.079388,-0.166191
1640841537747229696,0.573875,1.183675,2.467661,0.974179,0.130944,0.079234,-0.165983
1640841537750680064,0.577314,1.184323,2.466874,0.974309,0.130989,0.078792,-0.165396
1640841537752039936,0.578672,1.184571,2.466562,0.974360,0.131004,0.078616,-0.165166
1640841537755610112,0.582243,1.185201,2.465736,0.974496,0.131031,0.078149,-0.164566
1640841537757059840,0.583695,1.185448,2.465398,0.974551,0.131036,0.077958,-0.164325
1640841537760599808,0.587249,1.186030,2.464567,0.974687,0.131028,0.077490,-0.163747
1640841537762099968,0.588757,1.186268,2.464212,0.974745,0.131016,0.077290,-0.163504
1640841537765649920,0.592332,1.186810,2.463366,0.974886,0.130969,0.076811,-0.162926
1640841537767249920,0.593946,1.187045,2.462982,0.974951,0.130940,0.076590,-0.162662
1640841537771659776,0.598405,1.187661,2.461914,0.975140,0.130831,0.075967,-0.161909
1640841537772229888,0.598982,1.187737,2.461775,0.975165,0.130813,0.075886,-0.161810
1640841537775699968,0.602500,1.188185,2.460925,0.975323,0.130683,0.075394,-0.161192
1640841537777169920,0.603993,1.188366,2.460562,0.975392,0.130614,0.075190,-0.160925
1640841537780619776,0.607503,1.188772,2.459704,0.975558,0.130417,0.074729,-0.160290
1640841537782259968,0.609174,1.188955,2.459294,0.975639,0.130308,0.074517,-0.159984
1640841537785679872,0.612664,1.189316,2.458432,0.975809,0.130070,0.074077,-0.159345
1640841537788620032,0.615671,1.189605,2.457685,0.975953,0.129879,0.073685,-0.158799
1640841537790619904,0.617719,1.189790,2.457173,0.976049,0.129766,0.073402,-0.158431
1640841537792049920,0.619185,1.189917,2.456806,0.976117,0.129692,0.073193,-0.158169
1640841537795559936,0.622790,1.190208,2.455898,0.976284,0.129512,0.072667,-0.157527
1640841537797179904,0.624456,1.190332,2.455477,0.976363,0.129418,0.072424,-0.157228
1640841537800770048,0.628154,1.190587,2.454536,0.976546,0.129157,0.071897,-0.156549
1640841537802240000,0.629671,1.190683,2.454148,0.976625,0.129018,0.071691,-0.156263
1640841537807539968,0.635150,1.190986,2.452738,0.976931,0.128375,0.071003,-0.155192
1640841537807999744,0.635627,1.191009,2.452615,0.976957,0.128323,0.070942,-0.155100
1640841537810569984,0.638291,1.191130,2.451924,0.977092,0.128098,0.070576,-0.154600
1640841537812109824,0.639889,1.191196,2.451508,0.977166,0.128011,0.070341,-0.154311
1640841537816160000,0.644099,1.191342,2.450406,0.977349,0.127855,0.069708,-0.153567
1640841537817469952,0.645462,1.191381,2.450047,0.977408,0.127803,0.069511,-0.153325
1640841537820619776,0.648746,1.191460,2.449180,0.977555,0.127632,0.069067,-0.152730
1640841537822019840,0.650207,1.191487,2.448792,0.977623,0.127538,0.068877,-0.152459
1640841537825549824,0.653897,1.191537,2.447809,0.977799,0.127267,0.068397,-0.151768
1640841537827079936,0.655498,1.191550,2.447381,0.977878,0.127140,0.068178,-0.151464
1640841537831140096,0.659754,1.191559,2.446236,0.978092,0.126794,0.067543,-0.150654
1640841537832189952,0.660856,1.191555,2.445938,0.978148,0.126704,0.067369,-0.150444
1640841537839139840,0.668167,1.191467,2.443949,0.978517,0.126116,0.066218,-0.149048
1640841537839749888,0.668810,1.191455,2.443773,0.978548,0.126066,0.066122,-0.148925
1640841537840529920,0.669633,1.191437,2.443547,0.978589,0.126001,0.066001,-0.148768
1640841537842089984,0.671279,1.191398,2.443095,0.978669,0.125868,0.065762,-0.148454
1640841537845530112,0.674913,1.191292,2.442092,0.978850,0.125550,0.065251,-0.147756
1640841537847419904,0.676912,1.191223,2.441538,0.978952,0.125350,0.064974,-0.147370
1640841537850749952,0.680440,1.191082,2.440556,0.979141,0.124935,0.064484,-0.146681
1640841537852249856,0.682030,1.191011,2.440111,0.979230,0.124723,0.064261,-0.146367
1640841537855689984,0.685683,1.190828,2.439086,0.979438,0.124205,0.063748,-0.145637
1640841537857080064,0.687161,1.190747,2.438669,0.979523,0.123993,0.063540,-0.145339
1640841537860620032,0.690929,1.190522,2.437603,0.979736,0.123475,0.063016,-0.144569
1640841537862069760,0.692474,1.190422,2.437164,0.979822,0.123274,0.062804,-0.144250
1640841537865939968,0.696603,1.190132,2.435986,0.980049,0.122747,0.062249,-0.143396
1640841537867339776,0.698098,1.190020,2.435557,0.980130,0.122555,0.062053,-0.143088
1640841537870889984,0.701895,1.189715,2.434464,0.980337,0.122048,0.061571,-0.142311
1640841537872059904,0.703147,1.189609,2.434103,0.980405,0.121872,0.061417,-0.142058
1640841537875660032,0.707006,1.189264,2.432984,0.980615,0.121318,0.060942,-0.141285
1640841537877110016,0.708562,1.189117,2.432531,0.980700,0.121096,0.060745,-0.140976
1640841537882700032,0.714569,1.188510,2.430772,0.981021,0.120289,0.059915,-0.139783
1640841537883819776,0.715774,1.188380,2.430417,0.981084,0.120136,0.059739,-0.139543
1640841537885589760,0.717680,1.188170,2.429855,0.981184,0.119898,0.059459,-0.139164
1640841537887130112,0.719339,1.187982,2.429364,0.981271,0.119692,0.059215,-0.138832
1640841537890560000,0.723039,1.187545,2.428266,0.981464,0.119233,0.058680,-0.138090
1640841537892099840,0.724702,1.187341,2.427770,0.981551,0.119023,0.058445,-0.137755
1640841537895579904,0.728463,1.186862,2.426645,0.981748,0.118532,0.057921,-0.136993
1640841537898039808,0.731125,1.186509,2.425845,0.981889,0.118165,0.057555,-0.136451
1640841537900669696,0.733974,1.186118,2.424985,0.982042,0.117749,0.057167,-0.135870
1640841537902139904,0.735568,1.185893,2.424503,0.982129,0.117507,0.056952,-0.135544
1640841537905609728,0.739333,1.185344,2.423359,0.982334,0.116916,0.056460,-0.134772
1640841537907160064,0.741017,1.185092,2.422846,0.982426,0.116643,0.056248,-0.134426
1640841537910660096,0.744822,1.184503,2.421681,0.982632,0.116015,0.055795,-0.133645
1640841537913289984,0.747684,1.184045,2.420801,0.982787,0.115534,0.055471,-0.133056
1640841537915989760,0.750625,1.183561,2.419893,0.982947,0.115035,0.055143,-0.132447
1640841537917100032,0.751835,1.183358,2.419518,0.983012,0.114828,0.055007,-0.132195
1640841537920539904,0.755588,1.182712,2.418352,0.983217,0.114187,0.054573,-0.131405
1640841537922299904,0.757510,1.182373,2.417753,0.983323,0.113860,0.054339,-0.130996
1640841537925629952,0.761150,1.181715,2.416614,0.983521,0.113244,0.053888,-0.130222
1640841537927800064,0.763524,1.181275,2.415868,0.983648,0.112848,0.053597,-0.129726
1640841537931209984,0.767258,1.180565,2.414690,0.983841,0.112237,0.053161,-0.128969
1640841537933469952,0.769734,1.180083,2.413905,0.983967,0.111835,0.052882,-0.128476
1640841537935629824,0.772103,1.179612,2.413153,0.984086,0.111448,0.052620,-0.128005
1640841537937100032,0.773716,1.179287,2.412639,0.984167,0.111182,0.052442,-0.127683
1640841537940599808,0.777560,1.178497,2.411410,0.984364,0.110530,0.052017,-0.126901
1640841537942159872,0.779274,1.178138,2.410860,0.984454,0.110230,0.051825,-0.126545
1640841537946039808,0.783541,1.177224,2.409486,0.984680,0.109461,0.051345,-0.125646
1640841537947830016,0.785512,1.176793,2.408849,0.984786,0.109094,0.051122,-0.125227
1640841537950559744,0.788519,1.176125,2.407874,0.984948,0.108520,0.050782,-0.124588
1640841537952059904,0.790172,1.175752,2.407336,0.985037,0.108198,0.050594,-0.124238
1640841537955600128,0.794076,1.174856,2.406062,0.985247,0.107437,0.050139,-0.123416
1640841537957159936,0.795798,1.174454,2.405498,0.985339,0.107107,0.049930,-0.123057
1640841537960669952,0.799674,1.173533,2.404224,0.985541,0.106391,0.049428,-0.122260
1640841537962800128,0.802028,1.172964,2.403447,0.985661,0.105973,0.049106,-0.121782
1640841537965939968,0.805501,1.172111,2.402298,0.985838,0.105356,0.048622,-0.121079
1640841537970569728,0.810626,1.170822,2.400593,0.986104,0.104384,0.047929,-0.120025
1640841537971209984,0.811335,1.170640,2.400356,0.986141,0.104242,0.047838,-0.119878
1640841537972039936,0.812255,1.170404,2.400049,0.986190,0.104056,0.047720,-0.119686
1640841537975759872,0.816378,1.169332,2.398667,0.986408,0.103210,0.047209,-0.118824
1640841537977169920,0.817942,1.168920,2.398141,0.986489,0.102892,0.047019,-0.118498
1640841537980659968,0.821815,1.167885,2.396835,0.986685,0.102135,0.046554,-0.117704
1640841537982089984,0.823403,1.167455,2.396297,0.986763,0.101839,0.046365,-0.117383
1640841537985829888,0.827558,1.166314,2.394887,0.986961,0.101071,0.045882,-0.116561
1640841537987099904,0.828970,1.165921,2.394406,0.987028,0.100806,0.045724,-0.116287
1640841537990530048,0.832785,1.164848,2.393104,0.987209,0.100058,0.045318,-0.115560
1640841537992059904,0.834487,1.164363,2.392521,0.987289,0.099710,0.045143,-0.115240
1640841537995630080,0.838462,1.163216,2.391155,0.987475,0.098894,0.044730,-0.114506
1640841537997249792,0.840266,1.162690,2.390533,0.987559,0.098534,0.044531,-0.114176
1640841538001939968,0.845493,1.161141,2.388724,0.987792,0.097565,0.043890,-0.113231
1640841538002759936,0.846407,1.160867,2.388407,0.987832,0.097402,0.043772,-0.113066
1640841538006000128,0.850021,1.159772,2.387150,0.987991,0.096751,0.043308,-0.112416
1640841538007239936,0.851405,1.159349,2.386667,0.988052,0.096491,0.043137,-0.112167
1640841538010779904,0.855357,1.158129,2.385284,0.988230,0.095689,0.042694,-0.111454
1640841538012149760,0.856887,1.157651,2.384747,0.988301,0.095349,0.042545,-0.111177
1640841538015589888,0.860730,1.156439,2.383395,0.988478,0.094459,0.042200,-0.110490
1640841538018169856,0.863614,1.155519,2.382377,0.988607,0.093799,0.041936,-0.109994
1640841538020579840,0.866309,1.154651,2.381423,0.988723,0.093215,0.041667,-0.109553
1640841538022139904,0.868054,1.154084,2.380804,0.988796,0.092849,0.041485,-0.109275
1640841538025760000,0.872105,1.152755,2.379363,0.988961,0.092020,0.041050,-0.108643
1640841538027129856,0.873639,1.152247,2.378815,0.989023,0.091707,0.040886,-0.108405
1640841538030680064,0.877614,1.150918,2.377393,0.989185,0.090879,0.040475,-0.107779
1640841538032199936,0.879316,1.150343,2.376782,0.989254,0.090519,0.040306,-0.107509
1640841538035599872,0.883126,1.149047,2.375412,0.989408,0.089707,0.039938,-0.106912
1640841538037259776,0.884986,1.148408,2.374741,0.989481,0.089313,0.039762,-0.106627
1640841538040649984,0.888787,1.147091,2.373366,0.989627,0.088519,0.039405,-0.106070
1640841538042259968,0.890593,1.146460,2.372711,0.989694,0.088145,0.039238,-0.105817
1640841538045569792,0.894306,1.145151,2.371361,0.989830,0.087365,0.038903,-0.105315
1640841538047119872,0.896045,1.144534,2.370727,0.989893,0.086988,0.038752,-0.105086
1640841538050659840,0.900019,1.143110,2.369275,0.990040,0.086082,0.038424,-0.104569
1640841538052310016,0.901871,1.142441,2.368596,0.990109,0.085642,0.038275,-0.104331
1640841538055899904,0.905902,1.140973,2.367114,0.990259,0.084676,0.037940,-0.103817
1640841538057119744,0.907272,1.140470,2.366610,0.990310,0.084350,0.037817,-0.103643
1640841538060549888,0.911126,1.139046,2.365187,0.990450,0.083455,0.037442,-0.103157
1640841538062039808,0.912800,1.138423,2.364567,0.990511,0.083074,0.037268,-0.102950
1640841538065639936,0.916845,1.136905,2.363066,0.990653,0.082160,0.036839,-0.102467
1640841538067099904,0.918486,1.136285,2.362456,0.990709,0.081788,0.036667,-0.102280
1640841538070929920,0.922792,1.134645,2.360850,0.990854,0.080796,0.036236,-0.101823
1640841538072160000,0.924175,1.134115,2.360333,0.990899,0.080472,0.036104,-0.101685
1640841538077910016,0.930641,1.131610,2.357907,0.991109,0.078920,0.035493,-0.101073
1640841538078449920,0.931249,1.131372,2.357678,0.991128,0.078771,0.035435,-0.101017
1640841538080639744,0.933712,1.130406,2.356750,0.991208,0.078162,0.035194,-0.100789
1640841538082149888,0.935411,1.129737,2.356109,0.991263,0.077739,0.035023,-0.100633
1640841538085680128,0.939382,1.128161,2.354607,0.991391,0.076751,0.034613,-0.100278
1640841538087339776,0.941250,1.127415,2.353899,0.991449,0.076292,0.034416,-0.100118
1640841538090809856,0.945154,1.125844,2.352414,0.991567,0.075354,0.033997,-0.099805
1640841538093050112,0.947675,1.124823,2.351454,0.991640,0.074764,0.033723,-0.099620
1640841538095670016,0.950623,1.123621,2.350328,0.991722,0.074079,0.033404,-0.099420
1640841538097100032,0.952233,1.122961,2.349712,0.991766,0.073704,0.033233,-0.099318
1640841538100699904,0.956284,1.121291,2.348158,0.991874,0.072748,0.032812,-0.099080
1640841538102139904,0.957905,1.120619,2.347535,0.991917,0.072360,0.032647,-0.098991
1640841538105769984,0.961990,1.118913,2.345961,0.992022,0.071376,0.032239,-0.098783
1640841538107339776,0.963757,1.118171,2.345279,0.992067,0.070950,0.032063,-0.098698
1640841538110599936,0.967427,1.116621,2.343859,0.992158,0.070069,0.031699,-0.098530
1640841538112059904,0.969070,1.115923,2.343222,0.992198,0.069677,0.031534,-0.098458
1640841538115709952,0.973178,1.114168,2.341625,0.992296,0.068700,0.031116,-0.098290
1640841538117420032,0.975102,1.113341,2.340876,0.992341,0.068241,0.030916,-0.098220
1640841538120729856,0.978827,1.111731,2.339422,0.992426,0.067348,0.030517,-0.098103
1640841538122329856,0.980628,1.110948,2.338718,0.992466,0.066914,0.030319,-0.098055
1640841538125579776,0.984285,1.109350,2.337284,0.992545,0.066040,0.029912,-0.097972
1640841538127120128,0.986018,1.108589,2.336604,0.992581,0.065632,0.029717,-0.097939
1640841538130569984,0.989900,1.106874,2.335076,0.992659,0.064739,0.029283,-0.097873
1640841538132059904,0.991576,1.106130,2.334415,0.992692,0.064362,0.029095,-0.097850
1640841538135660032,0.995627,1.104322,2.332815,0.992767,0.063462,0.028634,-0.097808
1640841538138880000,0.999249,1.102694,2.331380,0.992832,0.062664,0.028207,-0.097791
1640841538140819968,1.001431,1.101708,2.330514,0.992869,0.062183,0.027941,-0.097791
1640841538142159872,1.002938,1.101024,2.329914,0.992895,0.061852,0.027754,-0.097796
1640841538145679872,1.006897,1.099220,2.328338,0.992959,0.060989,0.027257,-0.097823
1640841538147099904,1.008493,1.098489,2.327700,0.992984,0.060645,0.027056,-0.097839
1640841538151000064,1.012879,1.096471,2.325947,0.993049,0.059721,0.026507,-0.097897
1640841538152160000,1.014183,1.095867,2.325424,0.993068,0.059452,0.026345,-0.097920
1640841538155649792,1.018106,1.094044,2.323850,0.993118,0.058661,0.025855,-0.098011
1640841538157189888,1.019836,1.093236,2.323153,0.993139,0.058321,0.025637,-0.098065
1640841538160640000,1.023714,1.091417,2.321591,0.993179,0.057579,0.025144,-0.098223
1640841538162129920,1.025388,1.090628,2.320915,0.993194,0.057266,0.024929,-0.098305
1640841538165580032,1.029264,1.088793,2.319347,0.993227,0.056549,0.024423,-0.098515
1640841538167579904,1.031511,1.087724,2.318437,0.993245,0.056134,0.024125,-0.098643
1640841538171030016,1.035386,1.085871,2.316863,0.993277,0.055413,0.023606,-0.098861
1640841538172250112,1.036756,1.085213,2.316305,0.993288,0.055157,0.023419,-0.098936
1640841538175659776,1.040584,1.083367,2.314745,0.993317,0.054456,0.022893,-0.099154
1640841538177209856,1.042325,1.082525,2.314035,0.993329,0.054152,0.022650,-0.099261
1640841538180610048,1.046141,1.080669,2.312473,0.993348,0.053529,0.022108,-0.099523
1640841538182109952,1.047824,1.079846,2.311784,0.993355,0.053270,0.021865,-0.099649
1640841538185679872,1.051830,1.077882,2.310139,0.993367,0.052681,0.021277,-0.099969
1640841538187320064,1.053671,1.076975,2.309382,0.993371,0.052418,0.021003,-0.100122
1640841538190609920,1.057361,1.075150,2.307861,0.993379,0.051893,0.020444,-0.100439
1640841538192099840,1.059032,1.074321,2.307172,0.993382,0.051655,0.020188,-0.100585
1640841538195629824,1.062990,1.072347,2.305535,0.993387,0.051093,0.019576,-0.100943
1640841538197129984,1.064672,1.071506,2.304838,0.993388,0.050855,0.019316,-0.101100
1640841538201139968,1.069167,1.069246,2.302973,0.993388,0.050227,0.018621,-0.101540
1640841538202139904,1.070288,1.068681,2.302507,0.993388,0.050072,0.018449,-0.101654
1640841538205560064,1.074121,1.066741,2.300911,0.993383,0.049550,0.017867,-0.102062
1640841538207160064,1.075913,1.065830,2.300163,0.993379,0.049310,0.017599,-0.102262
1640841538210579968,1.079744,1.063876,2.298562,0.993367,0.048809,0.017039,-0.102712
1640841538212169984,1.081525,1.062964,2.297816,0.993359,0.048581,0.016785,-0.102933
1640841538215600128,1.085366,1.060990,2.296205,0.993341,0.048099,0.016240,-0.103428
1640841538217479936,1.087470,1.059905,2.295321,0.993330,0.047833,0.015924,-0.103702
1640841538221089792,1.091511,1.057813,2.293620,0.993311,0.047312,0.015275,-0.104219
1640841538222439936,1.093022,1.057028,2.292983,0.993304,0.047118,0.015047,-0.104411
1640841538225549824,1.096501,1.055214,2.291513,0.993284,0.046687,0.014603,-0.104853
1640841538227160064,1.098302,1.054273,2.290752,0.993272,0.046477,0.014399,-0.105086
1640841538230749952,1.102317,1.052166,2.289050,0.993242,0.046057,0.013936,-0.105619
1640841538232139776,1.103871,1.051348,2.288390,0.993228,0.045915,0.013732,-0.105834
1640841538235699968,1.107851,1.049247,2.286698,0.993190,0.045602,0.013144,-0.106405
1640841538239019776,1.111561,1.047279,2.285116,0.993149,0.045346,0.012574,-0.106965
1640841538240659968,1.113394,1.046304,2.284334,0.993127,0.045223,0.012306,-0.107251
1640841538242089984,1.114991,1.045452,2.283651,0.993107,0.045115,0.012083,-0.107505
1640841538245590016,1.118900,1.043362,2.281977,0.993056,0.044848,0.011570,-0.108137
1640841538247160064,1.120653,1.042422,2.281225,0.993033,0.044726,0.011351,-0.108423
1640841538254259712,1.128577,1.038150,2.277816,0.992928,0.044145,0.010386,-0.109717
1640841538254749952,1.129124,1.037854,2.277580,0.992920,0.044104,0.010321,-0.109806
1640841538255559936,1.130027,1.037365,2.277190,0.992908,0.044035,0.010212,-0.109954
1640841538257179904,1.131834,1.036384,2.276410,0.992884,0.043898,0.009994,-0.110251
1640841538260539904,1.135581,1.034345,2.274789,0.992831,0.043615,0.009544,-0.110873
1640841538262070016,1.137286,1.033415,2.274049,0.992807,0.043487,0.009339,-0.111160
1640841538265869824,1.141521,1.031097,2.272211,0.992744,0.043172,0.008842,-0.111882
1640841538267419904,1.143247,1.030150,2.271459,0.992717,0.043043,0.008647,-0.112181
1640841538270779904,1.146989,1.028090,2.269829,0.992659,0.042762,0.008246,-0.112836
1640841538273399808,1.149906,1.026480,2.268555,0.992612,0.042538,0.007956,-0.113353
1640841538277210112,1.154146,1.024132,2.266699,0.992543,0.042196,0.007561,-0.114112
1640841538277799936,1.154802,1.023768,2.266411,0.992532,0.042141,0.007502,-0.114230
1640841538280570112,1.157883,1.022055,2.265059,0.992481,0.041869,0.007229,-0.114784
1640841538282249984,1.159750,1.021014,2.264238,0.992451,0.041695,0.007066,-0.115121
1640841538285819904,1.163718,1.018797,2.262490,0.992385,0.041323,0.006727,-0.115841
1640841538287129856,1.165173,1.017982,2.261848,0.992360,0.041192,0.006607,-0.116107
1640841538290720000,1.169160,1.015744,2.260085,0.992289,0.040872,0.006293,-0.116845
1640841538292120064,1.170714,1.014869,2.259397,0.992260,0.040762,0.006175,-0.117138
1640841538295579904,1.174553,1.012704,2.257694,0.992184,0.040519,0.005889,-0.117878
1640841538297279744,1.176438,1.011638,2.256856,0.992144,0.040411,0.005749,-0.118252
1640841538300679936,1.180207,1.009501,2.255177,0.992062,0.040208,0.005464,-0.119025
1640841538302109952,1.181792,1.008601,2.254470,0.992026,0.040126,0.005342,-0.119358
1640841538306210048,1.186333,1.006015,2.252440,0.991920,0.039890,0.005002,-0.120325
1640841538307190016,1.187418,1.005396,2.251954,0.991895,0.039832,0.004925,-0.120555
1640841538310669824,1.191268,1.003194,2.250226,0.991807,0.039614,0.004674,-0.121358
1640841538312160000,1.192916,1.002250,2.249485,0.991770,0.039515,0.004577,-0.121694
1640841538315709952,1.196840,0.999996,2.247718,0.991683,0.039264,0.004359,-0.122488
1640841538317220096,1.198509,0.999035,2.246965,0.991646,0.039150,0.004269,-0.122827
1640841538320619776,1.202263,0.996870,2.245268,0.991562,0.038882,0.004058,-0.123601
1640841538322789888,1.204658,0.995485,2.244182,0.991506,0.038700,0.003914,-0.124109
1640841538325559808,1.207713,0.993715,2.242795,0.991434,0.038452,0.003731,-0.124767
1640841538327159808,1.209477,0.992691,2.241993,0.991392,0.038299,0.003629,-0.125150
1640841538330599936,1.213267,0.990486,2.240266,0.991302,0.037939,0.003437,-0.125970
1640841538332089856,1.214908,0.989530,2.239517,0.991264,0.037771,0.003366,-0.126323
1640841538335859968,1.219057,0.987106,2.237618,0.991168,0.037334,0.003213,-0.127211
1640841538337270016,1.220607,0.986199,2.236907,0.991131,0.037172,0.003161,-0.127541
1640841538340580096,1.224245,0.984065,2.235236,0.991046,0.036812,0.003046,-0.128313
1640841538342139904,1.225958,0.983058,2.234447,0.991004,0.036653,0.002992,-0.128677
1640841538345739776,1.229910,0.980731,2.232625,0.990908,0.036303,0.002862,-0.129519
1640841538347200000,1.231511,0.979786,2.231884,0.990868,0.036163,0.002806,-0.129862
1640841538350579968,1.235217,0.977596,2.230168,0.990775,0.035831,0.002664,-0.130665
1640841538352119808,1.236903,0.976596,2.229385,0.990732,0.035672,0.002593,-0.131036
1640841538355719936,1.240844,0.974257,2.227552,0.990630,0.035292,0.002421,-0.131910
1640841538357209856,1.242474,0.973288,2.226792,0.990587,0.035140,0.002354,-0.132274
1640841538360649728,1.246234,0.971047,2.225036,0.990487,0.034825,0.002231,-0.133109
1640841538362299904,1.248036,0.969971,2.224192,0.990438,0.034693,0.002186,-0.133508
1640841538365520128,1.251551,0.967869,2.222544,0.990341,0.034466,0.002107,-0.134283
1640841538367099904,1.253274,0.966836,2.221734,0.990293,0.034365,0.002066,-0.134664
1640841538370599936,1.257088,0.964546,2.219937,0.990185,0.034158,0.001951,-0.135508
1640841538372129792,1.258754,0.963543,2.219150,0.990138,0.034071,0.001888,-0.135879
1640841538375629824,1.262563,0.961248,2.217348,0.990029,0.033856,0.001728,-0.136726
1640841538377339904,1.264421,0.960125,2.216467,0.989976,0.033736,0.001652,-0.137139
1640841538380630016,1.267995,0.957962,2.214768,0.989876,0.033459,0.001525,-0.137927
1640841538382190080,1.269689,0.956935,2.213962,0.989829,0.033307,0.001477,-0.138299
1640841538385769728,1.273571,0.954577,2.212108,0.989723,0.032937,0.001383,-0.139149
1640841538387130112,1.275045,0.953680,2.211403,0.989682,0.032797,0.001350,-0.139473
1640841538390619904,1.278823,0.951376,2.209591,0.989575,0.032474,0.001262,-0.140306
1640841538392209920,1.280543,0.950325,2.208765,0.989524,0.032353,0.001215,-0.140688
1640841538395649792,1.284260,0.948050,2.206974,0.989411,0.032178,0.001089,-0.141527
1640841538397120000,1.285848,0.947077,2.206208,0.989360,0.032136,0.001026,-0.141889
1640841538400630016,1.289634,0.944750,2.204375,0.989243,0.031969,0.000900,-0.142742
1640841538402860032,1.292038,0.943271,2.203210,0.989172,0.031791,0.000847,-0.143272
1640841538405550080,1.294934,0.941484,2.201801,0.989088,0.031545,0.000792,-0.143909
1640841538407140096,1.296645,0.940428,2.200968,0.989037,0.031403,0.000757,-0.144286
1640841538411160064,1.300965,0.937753,2.198857,0.988904,0.031127,0.000630,-0.145255
1640841538412240128,1.302125,0.937034,2.198289,0.988867,0.031074,0.000588,-0.145520
1640841538415549952,1.305676,0.934828,2.196547,0.988751,0.030934,0.000452,-0.146336
1640841538417359872,1.307615,0.933621,2.195593,0.988687,0.030861,0.000383,-0.146785
1640841538420809984,1.311309,0.931317,2.193772,0.988565,0.030690,0.000279,-0.147640
1640841538422129920,1.312721,0.930436,2.193074,0.988519,0.030605,0.000255,-0.147965
1640841538425659904,1.316493,0.928075,2.191206,0.988397,0.030333,0.000222,-0.148831
1640841538427140096,1.318074,0.927084,2.190421,0.988346,0.030220,0.000210,-0.149192
1640841538430639872,1.321806,0.924740,2.188564,0.988223,0.030013,0.000145,-0.150046
1640841538432099840,1.323362,0.923761,2.187788,0.988171,0.029957,0.000099,-0.150402
1640841538437039872,1.328618,0.920446,2.185158,0.987991,0.029828,-0.000092,-0.151604
1640841538438079744,1.329724,0.919748,2.184603,0.987953,0.029801,-0.000132,-0.151856
1640841538440529920,1.332325,0.918101,2.183295,0.987864,0.029720,-0.000213,-0.152448
1640841538442380032,1.334289,0.916857,2.182306,0.987798,0.029642,-0.000264,-0.152895
1640841538445639936,1.337744,0.914663,2.180562,0.987681,0.029477,-0.000341,-0.153679
1640841538447150080,1.339343,0.913646,2.179752,0.987627,0.029390,-0.000373,-0.154042
1640841538450680064,1.343077,0.911267,2.177858,0.987501,0.029167,-0.000447,-0.154889
1640841538453769984,1.346341,0.909182,2.176197,0.987391,0.028960,-0.000515,-0.155629
1640841538455659776,1.348335,0.907906,2.175179,0.987323,0.028836,-0.000558,-0.156079
1640841538457199872,1.349959,0.906866,2.174349,0.987269,0.028738,-0.000594,-0.156443
1640841538460659968,1.353604,0.904527,2.172482,0.987146,0.028545,-0.000676,-0.157249
1640841538462179840,1.355203,0.903499,2.171661,0.987092,0.028473,-0.000712,-0.157598
1640841538465609984,1.358808,0.901178,2.169805,0.986970,0.028335,-0.000790,-0.158386
1640841538467190016,1.360467,0.900108,2.168949,0.986913,0.028280,-0.000823,-0.158753
1640841538471040000,1.364505,0.897498,2.166859,0.986769,0.028157,-0.000891,-0.159667
1640841538472209920,1.365730,0.896705,2.166224,0.986724,0.028121,-0.000908,-0.159950
1640841538475819776,1.369508,0.894255,2.164259,0.986584,0.028016,-0.000948,-0.160830
1640841538477159936,1.370909,0.893345,2.163529,0.986532,0.027978,-0.000960,-0.161153
1640841538480559872,1.374459,0.891035,2.161674,0.986404,0.027882,-0.000981,-0.161955
1640841538482149888,1.376118,0.889954,2.160805,0.986345,0.027838,-0.000990,-0.162319
1640841538485889792,1.380015,0.887410,2.158759,0.986208,0.027739,-0.001014,-0.163165
1640841538487190016,1.381368,0.886525,2.158047,0.986160,0.027708,-0.001028,-0.163460
1640841538490840064,1.385163,0.884039,2.156044,0.986022,0.027629,-0.001085,-0.164304
1640841538492139776,1.386513,0.883153,2.155330,0.985972,0.027604,-0.001111,-0.164611
1640841538495569920,1.390071,0.880814,2.153443,0.985837,0.027539,-0.001190,-0.165424
1640841538497159936,1.391719,0.879729,2.152567,0.985775,0.027509,-0.001227,-0.165802
1640841538502689792,1.397440,0.875954,2.149515,0.985559,0.027388,-0.001343,-0.167097
1640841538503360000,1.398133,0.875496,2.149144,0.985533,0.027372,-0.001355,-0.167252
1640841538507119872,1.402014,0.872926,2.147063,0.985389,0.027276,-0.001421,-0.168114
1640841538509319936,1.404282,0.871421,2.145843,0.985305,0.027217,-0.001457,-0.168613
1640841538510929920,1.405940,0.870319,2.144950,0.985244,0.027174,-0.001483,-0.168976
1640841538512130048,1.407176,0.869498,2.144283,0.985199,0.027141,-0.001503,-0.169246
1640841538515579904,1.410723,0.867135,2.142364,0.985068,0.027040,-0.001555,-0.170019
1640841538517239808,1.412428,0.865998,2.141440,0.985006,0.026983,-0.001576,-0.170390
1640841538520809984,1.416091,0.863550,2.139448,0.984873,0.026829,-0.001601,-0.171184
1640841538523170048,1.418510,0.861931,2.138130,0.984784,0.026708,-0.001603,-0.171708
1640841538525539840,1.420935,0.860305,2.136804,0.984696,0.026590,-0.001600,-0.172235
1640841538527239936,1.422674,0.859138,2.135852,0.984631,0.026515,-0.001596,-0.172615
1640841538530589696,1.426096,0.856837,2.133974,0.984501,0.026416,-0.001596,-0.173370
1640841538532079872,1.427617,0.855813,2.133137,0.984442,0.026402,-0.001602,-0.173709
1640841538535640064,1.431246,0.853365,2.131135,0.984297,0.026436,-0.001631,-0.174522
1640841538537240064,1.432875,0.852265,2.130234,0.984232,0.026467,-0.001648,-0.174884
1640841538541769984,1.437482,0.849147,2.127679,0.984053,0.026525,-0.001701,-0.175876
1640841538543840000,1.439583,0.847722,2.126509,0.983975,0.026521,-0.001720,-0.176313
1640841538545519872,1.441288,0.846564,2.125559,0.983913,0.026503,-0.001730,-0.176664
1640841538547159808,1.442951,0.845434,2.124630,0.983852,0.026471,-0.001734,-0.177005
1640841538550599936,1.446434,0.843063,2.122680,0.983725,0.026362,-0.001715,-0.177727
1640841538552179712,1.448033,0.841973,2.121783,0.983666,0.026297,-0.001696,-0.178063
1640841538556259840,1.452155,0.839157,2.119463,0.983512,0.026131,-0.001642,-0.178936
1640841538557250048,1.453155,0.838474,2.118899,0.983475,0.026100,-0.001634,-0.179147
1640841538562769920,1.458718,0.834661,2.115750,0.983264,0.026044,-0.001662,-0.180307
1640841538563330048,1.459282,0.834274,2.115430,0.983243,0.026047,-0.001669,-0.180423
1640841538565549824,1.461516,0.832740,2.114161,0.983159,0.026063,-0.001699,-0.180878
1640841538567159808,1.463134,0.831626,2.113239,0.983098,0.026075,-0.001717,-0.181204
1640841538571339776,1.467331,0.828735,2.110843,0.982944,0.026077,-0.001731,-0.182036
1640841538572609792,1.468604,0.827856,2.110113,0.982899,0.026068,-0.001723,-0.182285
1640841538575650048,1.471650,0.825751,2.108366,0.982789,0.026040,-0.001695,-0.182878
1640841538578409984,1.474412,0.823839,2.106777,0.982690,0.026024,-0.001666,-0.183415
1640841538580559872,1.476562,0.822350,2.105537,0.982611,0.026028,-0.001649,-0.183835
1640841538582629888,1.478629,0.820915,2.104342,0.982535,0.026043,-0.001638,-0.184241
1640841538585829888,1.481822,0.818696,2.102493,0.982416,0.026077,-0.001627,-0.184868
1640841538587219968,1.483208,0.817732,2.101688,0.982364,0.026090,-0.001622,-0.185141
1640841538590659840,1.486633,0.815345,2.099695,0.982237,0.026109,-0.001604,-0.185812
1640841538592219904,1.488185,0.814262,2.098790,0.982180,0.026112,-0.001592,-0.186114
1640841538595799808,1.491742,0.811776,2.096709,0.982049,0.026116,-0.001554,-0.186804
1640841538597179904,1.493112,0.810817,2.095906,0.981998,0.026120,-0.001536,-0.187068
1640841538600569856,1.496475,0.808461,2.093931,0.981875,0.026144,-0.001477,-0.187713
1640841538602779904,1.498664,0.806925,2.092642,0.981794,0.026174,-0.001431,-0.188129
1640841538605659904,1.501514,0.804922,2.090959,0.981689,0.026229,-0.001371,-0.188671
1640841538608749824,1.504569,0.802772,2.089150,0.981575,0.026305,-0.001318,-0.189253
1640841538611339776,1.507126,0.800969,2.087632,0.981479,0.026380,-0.001291,-0.189743
1640841538612179968,1.507955,0.800384,2.087139,0.981447,0.026405,-0.001284,-0.189902
1640841538615699968,1.511425,0.797933,2.085072,0.981316,0.026498,-0.001261,-0.190565
1640841538617219840,1.512922,0.796874,2.084178,0.981260,0.026530,-0.001248,-0.190848
1640841538620579840,1.516228,0.794533,2.082199,0.981140,0.026564,-0.001206,-0.191463
1640841538622609920,1.518223,0.793117,2.081001,0.981069,0.026558,-0.001167,-0.191825
1640841538625599744,1.521159,0.791032,2.079235,0.980967,0.026528,-0.001096,-0.192349
1640841538627239936,1.522768,0.789888,2.078266,0.980912,0.026508,-0.001052,-0.192633
1640841538630720000,1.526179,0.787460,2.076205,0.980796,0.026473,-0.000956,-0.193228
1640841538632160000,1.527589,0.786455,2.075351,0.980748,0.026464,-0.000917,-0.193473
1640841538635559936,1.530915,0.784081,2.073332,0.980634,0.026453,-0.000828,-0.194051
1640841538637189888,1.532508,0.782942,2.072363,0.980579,0.026450,-0.000789,-0.194329
1640841538640579840,1.535818,0.780573,2.070345,0.980464,0.026446,-0.000717,-0.194913
1640841538642210048,1.537408,0.779434,2.069373,0.980408,0.026446,-0.000686,-0.195195
1640841538645649920,1.540761,0.777029,2.067320,0.980288,0.026454,-0.000621,-0.195793
1640841538647189760,1.542260,0.775952,2.066399,0.980234,0.026464,-0.000590,-0.196061
1640841538650759936,1.545733,0.773454,2.064262,0.980109,0.026507,-0.000504,-0.196680
1640841538652199936,1.547133,0.772446,2.063399,0.980059,0.026533,-0.000463,-0.196928
1640841538655729920,1.550560,0.769974,2.061280,0.979935,0.026618,-0.000355,-0.197533
1640841538657159936,1.551948,0.768973,2.060421,0.979884,0.026661,-0.000311,-0.197777
1640841538660669952,1.555350,0.766514,2.058309,0.979760,0.026782,-0.000207,-0.198377
1640841538662240000,1.556870,0.765414,2.057363,0.979704,0.026841,-0.000163,-0.198645
1640841538666349824,1.560846,0.762532,2.054883,0.979557,0.026995,-0.000055,-0.199348
1640841538668419840,1.562846,0.761080,2.053632,0.979483,0.027063,-0.000002,-0.199702
1640841538670629888,1.564980,0.759530,2.052294,0.979404,0.027123,0.000056,-0.200080
1640841538672250112,1.566544,0.758393,2.051313,0.979347,0.027158,0.000099,-0.200357
1640841538675579904,1.569754,0.756055,2.049293,0.979229,0.027217,0.000193,-0.200923
1640841538677189888,1.571305,0.754925,2.048315,0.979173,0.027242,0.000241,-0.201194
1640841538680969984,1.574942,0.752269,2.046016,0.979042,0.027306,0.000366,-0.201820
1640841538682969856,1.576865,0.750864,2.044798,0.978974,0.027340,0.000441,-0.202146
1640841538685590016,1.579382,0.749022,2.043200,0.978886,0.027376,0.000551,-0.202566
1640841538687990016,1.581685,0.747334,2.041735,0.978806,0.027393,0.000666,-0.202946
1640841538690569984,1.584159,0.745519,2.040158,0.978723,0.027384,0.000808,-0.203350
1640841538692299776,1.585817,0.744301,2.039099,0.978668,0.027360,0.000915,-0.203617
1640841538695799808,1.589168,0.741837,2.036954,0.978557,0.027282,0.001149,-0.204157
1640841538697769984,1.591052,0.740450,2.035744,0.978495,0.027236,0.001285,-0.204462
1640841538704709888,1.597681,0.735559,2.031475,0.978262,0.027188,0.001710,-0.205573
1640841538705159936,1.598110,0.735242,2.031198,0.978247,0.027192,0.001734,-0.205647
1640841538705590016,1.598520,0.734938,2.030933,0.978232,0.027198,0.001757,-0.205718
1640841538707589888,1.600427,0.733528,2.029699,0.978161,0.027234,0.001861,-0.206047
1640841538710579968,1.603275,0.731418,2.027853,0.978055,0.027315,0.002009,-0.206537
1640841538712149760,1.604769,0.730310,2.026882,0.978000,0.027368,0.002086,-0.206793
1640841538716879872,1.609266,0.726970,2.023953,0.977832,0.027551,0.002306,-0.207559
1640841538717729792,1.610074,0.726369,2.023426,0.977802,0.027585,0.002344,-0.207696
1640841538720480000,1.612685,0.724426,2.021719,0.977704,0.027692,0.002465,-0.208138
1640841538722159872,1.614278,0.723238,2.020675,0.977645,0.027753,0.002537,-0.208406
1640841538725659904,1.617596,0.720763,2.018498,0.977524,0.027859,0.002684,-0.208959
1640841538727219712,1.619073,0.719659,2.017526,0.977470,0.027894,0.002749,-0.209204
1640841538730819840,1.622480,0.717111,2.015281,0.977349,0.027942,0.002903,-0.209761
1640841538732189952,1.623775,0.716141,2.014426,0.977304,0.027948,0.002964,-0.209971
1640841538736419840,1.627771,0.713144,2.011781,0.977166,0.027941,0.003156,-0.210607
1640841538737179904,1.628488,0.712605,2.011305,0.977142,0.027937,0.003192,-0.210720
1640841538741259776,1.632336,0.709712,2.008749,0.977013,0.027917,0.003390,-0.211317
1640841538742749952,1.633740,0.708655,2.007814,0.976966,0.027909,0.003465,-0.211532
1640841538745719808,1.636537,0.706547,2.005948,0.976874,0.027886,0.003618,-0.211957
1640841538747129856,1.637863,0.705546,2.005062,0.976831,0.027870,0.003691,-0.212157
1640841538750579712,1.641107,0.703095,2.002890,0.976726,0.027810,0.003869,-0.212646
1640841538752470016,1.642882,0.701751,2.001699,0.976668,0.027764,0.003967,-0.212913
1640841538755610112,1.645830,0.699518,1.999718,0.976573,0.027680,0.004132,-0.213358
1640841538757419776,1.647527,0.698231,1.998575,0.976518,0.027635,0.004230,-0.213615
1640841538761149952,1.651022,0.695576,1.996216,0.976403,0.027564,0.004442,-0.214145
1640841538762679808,1.652455,0.694486,1.995248,0.976355,0.027547,0.004531,-0.214364
1640841538765549824,1.655140,0.692441,1.993429,0.976264,0.027534,0.004696,-0.214774
1640841538767200000,1.656683,0.691264,1.992382,0.976212,0.027539,0.004788,-0.215011
1640841538771360000,1.660569,0.688297,1.989741,0.976077,0.027593,0.004998,-0.215608
1640841538772169728,1.661325,0.687719,1.989226,0.976051,0.027611,0.005034,-0.215725
1640841538775929856,1.664832,0.685033,1.986833,0.975927,0.027727,0.005176,-0.216267
1640841538777249792,1.666062,0.684090,1.985992,0.975883,0.027781,0.005216,-0.216458
1640841538780640000,1.669219,0.681666,1.983831,0.975767,0.027952,0.005295,-0.216953
1640841538782150144,1.670624,0.680586,1.982867,0.975715,0.028041,0.005319,-0.217176
1640841538785600000,1.673832,0.678117,1.980663,0.975595,0.028261,0.005361,-0.217686
1640841538790259712,1.678160,0.674778,1.977681,0.975432,0.028552,0.005409,-0.218376
1640841538791270144,1.679097,0.674053,1.977033,0.975397,0.028609,0.005422,-0.218524
1640841538792239872,1.679997,0.673358,1.976412,0.975364,0.028660,0.005434,-0.218667
1640841538796419840,1.683872,0.670358,1.973730,0.975222,0.028843,0.005490,-0.219273
1640841538797829888,1.685178,0.669345,1.972825,0.975175,0.028888,0.005507,-0.219474
1640841538800509952,1.687658,0.667419,1.971103,0.975088,0.028951,0.005534,-0.219851
1640841538802799872,1.689776,0.665773,1.969630,0.975015,0.028985,0.005552,-0.220168
1640841538806659840,1.693343,0.662995,1.967144,0.974894,0.029029,0.005585,-0.220698
1640841538807309824,1.693944,0.662527,1.966725,0.974874,0.029038,0.005592,-0.220788
1640841538812099840,1.698364,0.659075,1.963635,0.974720,0.029141,0.005666,-0.221450
1640841538813089792,1.699277,0.658361,1.962996,0.974687,0.029170,0.005687,-0.221588
1640841538815680000,1.701663,0.656492,1.961322,0.974603,0.029248,0.005751,-0.221949
1640841538817169920,1.703036,0.655416,1.960359,0.974554,0.029290,0.005793,-0.222156
1640841538820499968,1.706101,0.653010,1.958204,0.974446,0.029357,0.005900,-0.222616
1640841538822189824,1.707655,0.651788,1.957110,0.974392,0.029378,0.005959,-0.222848
1640841538825879808,1.711046,0.649118,1.954718,0.974275,0.029410,0.006095,-0.223351
1640841538829139968,1.714040,0.646756,1.952603,0.974172,0.029449,0.006215,-0.223795
1640841538831030016,1.715774,0.645385,1.951375,0.974111,0.029486,0.006281,-0.224053
1640841538832160000,1.716810,0.644566,1.950641,0.974074,0.029515,0.006319,-0.224208
1640841538835650048,1.720009,0.642032,1.948372,0.973958,0.029638,0.006426,-0.224691
1640841538837199872,1.721429,0.640906,1.947364,0.973906,0.029708,0.006468,-0.224908
1640841538840610048,1.724550,0.638427,1.945144,0.973787,0.029900,0.006546,-0.225394
1640841538842329856,1.726123,0.637175,1.944023,0.973725,0.030015,0.006577,-0.225643
1640841538847129856,1.730510,0.633678,1.940893,0.973551,0.030358,0.006656,-0.226347
1640841538847599872,1.730939,0.633336,1.940587,0.973534,0.030391,0.006665,-0.226416
1640841538850569984,1.733650,0.631169,1.938648,0.973427,0.030583,0.006724,-0.226849
1640841538852130048,1.735074,0.630030,1.937629,0.973371,0.030670,0.006762,-0.227073
1640841538855539968,1.738183,0.627538,1.935400,0.973251,0.030838,0.006854,-0.227561
1640841538857729792,1.740178,0.625936,1.933968,0.973175,0.030936,0.006915,-0.227872
1640841538860639744,1.742827,0.623805,1.932064,0.973073,0.031067,0.006990,-0.228287
1640841538864270080,1.746129,0.621144,1.929686,0.972944,0.031245,0.007068,-0.228810
1640841538865749760,1.747474,0.620059,1.928717,0.972891,0.031322,0.007100,-0.229024
1640841538867239936,1.748828,0.618965,1.927740,0.972837,0.031403,0.007137,-0.229240
1640841538870640128,1.751916,0.616466,1.925511,0.972714,0.031591,0.007248,-0.229733
1640841538872169984,1.753304,0.615341,1.924507,0.972658,0.031676,0.007312,-0.229955
1640841538875660032,1.756469,0.612772,1.922216,0.972530,0.031865,0.007477,-0.230464
1640841538877600000,1.758227,0.611343,1.920942,0.972459,0.031963,0.007572,-0.230749
1640841538880829696,1.761153,0.608960,1.918820,0.972339,0.032109,0.007724,-0.231229
1640841538882339840,1.762519,0.607846,1.917828,0.972282,0.032171,0.007789,-0.231455
1640841538885589760,1.765459,0.605444,1.915691,0.972160,0.032301,0.007921,-0.231944
1640841538887149824,1.766869,0.604290,1.914665,0.972102,0.032369,0.007982,-0.232178
1640841538890640128,1.770022,0.601706,1.912369,0.971970,0.032546,0.008121,-0.232698
1640841538892179968,1.771412,0.600565,1.911355,0.971912,0.032639,0.008184,-0.232925
1640841538895599872,1.774497,0.598028,1.909104,0.971781,0.032873,0.008326,-0.233433
1640841538897270016,1.776003,0.596788,1.908004,0.971716,0.032999,0.008395,-0.233684
1640841538900559872,1.778966,0.594342,1.905837,0.971583,0.033262,0.008530,-0.234195
1640841538902169856,1.780416,0.593144,1.904776,0.971516,0.033397,0.008594,-0.234452
1640841538906309888,1.784140,0.590060,1.902048,0.971339,0.033755,0.008747,-0.235128
1640841538907209984,1.784949,0.589389,1.901455,0.971300,0.033834,0.008778,-0.235277
1640841538910909952,1.788274,0.586627,1.899016,0.971141,0.034159,0.008893,-0.235881
1640841538912189952,1.789423,0.585671,1.898172,0.971086,0.034271,0.008928,-0.236087
1640841538915619840,1.792500,0.583105,1.895910,0.970942,0.034565,0.009022,-0.236632
1640841538917239808,1.793953,0.581892,1.894842,0.970875,0.034701,0.009070,-0.236886
1640841538920589824,1.796954,0.579381,1.892632,0.970738,0.034971,0.009184,-0.237404
1640841538922780160,1.798915,0.577738,1.891187,0.970649,0.035140,0.009268,-0.237739
1640841538925590016,1.801429,0.575627,1.889334,0.970534,0.035347,0.009382,-0.238171
1640841538927500032,1.803136,0.574190,1.888074,0.970456,0.035481,0.009459,-0.238468
1640841538930699776,1.805995,0.571781,1.885963,0.970322,0.035692,0.009581,-0.238976
1640841538932160000,1.807299,0.570681,1.885000,0.970260,0.035785,0.009633,-0.239212
1640841538935569920,1.810341,0.568108,1.882751,0.970113,0.035999,0.009746,-0.239768
1640841538937289984,1.811874,0.566809,1.881617,0.970039,0.036111,0.009799,-0.240050
1640841538940549888,1.814779,0.564345,1.879467,0.969899,0.036336,0.009894,-0.240579
1640841538942139904,1.816194,0.563141,1.878418,0.969831,0.036456,0.009939,-0.240834
1640841538945600000,1.819272,0.560519,1.876137,0.969683,0.036732,0.010038,-0.241381
1640841538947239936,1.820730,0.559275,1.875056,0.969613,0.036864,0.010088,-0.241639
1640841538950589952,1.823705,0.556730,1.872849,0.969470,0.037127,0.010204,-0.242168
1640841538952960000,1.825809,0.554928,1.871287,0.969368,0.037302,0.010300,-0.242547
1640841538955809792,1.828336,0.552758,1.869410,0.969244,0.037509,0.010422,-0.243005
1640841538957190144,1.829559,0.551706,1.868501,0.969183,0.037612,0.010481,-0.243227
1640841538960790016,1.832747,0.548959,1.866132,0.969025,0.037901,0.010624,-0.243807
1640841538962119936,1.833923,0.547942,1.865256,0.968966,0.038016,0.010672,-0.244022
1640841538965619968,1.837018,0.545265,1.862954,0.968809,0.038328,0.010779,-0.244588
1640841538967299840,1.838502,0.543979,1.861849,0.968734,0.038480,0.010820,-0.244862
1640841538971789824,1.842465,0.540535,1.858898,0.968529,0.038884,0.010896,-0.245603
1640841538972809984,1.843365,0.539752,1.858228,0.968482,0.038974,0.010908,-0.245772
1640841538975780096,1.845982,0.537469,1.856278,0.968347,0.039237,0.010939,-0.246264
1640841538977219840,1.847250,0.536361,1.855333,0.968281,0.039364,0.010954,-0.246501
1640841538980509952,1.850146,0.533826,1.853174,0.968132,0.039655,0.010996,-0.247036
1640841538982119936,1.851561,0.532584,1.852119,0.968060,0.039797,0.011023,-0.247295
1640841538985649920,1.854662,0.529857,1.849806,0.967902,0.040096,0.011090,-0.247859
1640841538987639808,1.856409,0.528318,1.848502,0.967814,0.040249,0.011130,-0.248179
1640841538990550016,1.858962,0.526064,1.846598,0.967684,0.040448,0.011187,-0.248650
1640841538992219904,1.860425,0.524769,1.845506,0.967609,0.040550,0.011219,-0.248923
1640841538995579904,1.863367,0.522161,1.843309,0.967458,0.040743,0.011281,-0.249473
1640841538997280000,1.864855,0.520839,1.842199,0.967383,0.040841,0.011311,-0.249750
1640841539000550144,1.867713,0.518294,1.840065,0.967237,0.041041,0.011367,-0.250276
1640841539002650112,1.869547,0.516657,1.838696,0.967145,0.041182,0.011402,-0.250610
1640841539006539776,1.872941,0.513620,1.836161,0.966972,0.041462,0.011467,-0.251225
1640841539009039872,1.875120,0.511664,1.834534,0.966860,0.041649,0.011511,-0.251625
1640841539010520064,1.876409,0.510505,1.833572,0.966792,0.041761,0.011538,-0.251865
1640841539012219904,1.877889,0.509173,1.832467,0.966714,0.041891,0.011571,-0.252143
1640841539015650048,1.880872,0.506481,1.830240,0.966553,0.042161,0.011642,-0.252709
1640841539017220096,1.882236,0.505248,1.829221,0.966479,0.042288,0.011678,-0.252970
1640841539020689920,1.885248,0.502517,1.826972,0.966313,0.042581,0.011766,-0.253550
1640841539022219776,1.886575,0.501311,1.825982,0.966239,0.042715,0.011808,-0.253806
1640841539025590016,1.889496,0.498652,1.823802,0.966077,0.043014,0.011897,-0.254370
1640841539027229952,1.890915,0.497356,1.822742,0.965998,0.043161,0.011937,-0.254643
1640841539030540032,1.893779,0.494736,1.820605,0.965839,0.043453,0.012000,-0.255191
1640841539032150016,1.895170,0.493460,1.819567,0.965763,0.043592,0.012022,-0.255456
1640841539035609856,1.898157,0.490714,1.817339,0.965598,0.043890,0.012051,-0.256024
1640841539037319936,1.899632,0.489355,1.816239,0.965516,0.044039,0.012058,-0.256307
1640841539040750080,1.902588,0.486624,1.814035,0.965349,0.044346,0.012066,-0.256882
1640841539042259968,1.903888,0.485420,1.813066,0.965275,0.044485,0.012068,-0.257138
1640841539045609984,1.906769,0.482745,1.810919,0.965109,0.044794,0.012071,-0.257707
1640841539048589824,1.909329,0.480361,1.809012,0.964962,0.045061,0.012075,-0.258208
1640841539050789888,1.911217,0.478599,1.807606,0.964856,0.045250,0.012080,-0.258571
1640841539052179712,1.912409,0.477484,1.806719,0.964790,0.045367,0.012083,-0.258797
1640841539055559936,1.915306,0.474769,1.804563,0.964631,0.045647,0.012085,-0.259342
1640841539057240064,1.916744,0.473417,1.803493,0.964551,0.045788,0.012079,-0.259612
1640841539060600064,1.919617,0.470709,1.801357,0.964392,0.046080,0.012050,-0.260153
1640841539062249984,1.921027,0.469378,1.800309,0.964313,0.046230,0.012026,-0.260422
1640841539065609984,1.923894,0.466662,1.798179,0.964149,0.046544,0.011963,-0.260973
1640841539067350016,1.925378,0.465253,1.797078,0.964064,0.046708,0.011928,-0.261261
1640841539070569984,1.928120,0.462641,1.795042,0.963904,0.047008,0.011865,-0.261799
1640841539072160000,1.929473,0.461350,1.794038,0.963824,0.047155,0.011837,-0.262066
1640841539075549952,1.932355,0.458592,1.791902,0.963654,0.047466,0.011790,-0.262637
1640841539077230080,1.933781,0.457223,1.790845,0.963570,0.047621,0.011774,-0.262918
1640841539081139968,1.937098,0.454031,1.788390,0.963375,0.047991,0.011762,-0.263566
1640841539082279936,1.938064,0.453099,1.787675,0.963318,0.048102,0.011765,-0.263753
1640841539085530112,1.940815,0.450438,1.785640,0.963156,0.048427,0.011774,-0.264284
1640841539087200000,1.942227,0.449068,1.784596,0.963073,0.048599,0.011770,-0.264558
1640841539090599936,1.945099,0.446274,1.782475,0.962899,0.048961,0.011725,-0.265125
1640841539092219904,1.946466,0.444941,1.781466,0.962815,0.049138,0.011686,-0.265400
1640841539095670016,1.949374,0.442097,1.779322,0.962634,0.049518,0.011579,-0.265989
1640841539097389824,1.950823,0.440677,1.778254,0.962544,0.049707,0.011522,-0.266282
1640841539102589952,1.955194,0.436372,1.775037,0.962275,0.050263,0.011382,-0.267152
1640841539103559936,1.956009,0.435567,1.774438,0.962226,0.050363,0.011364,-0.267311
1640841539105619968,1.957737,0.433857,1.773167,0.962123,0.050572,0.011332,-0.267645
1640841539107229952,1.959087,0.432518,1.772176,0.962042,0.050733,0.011306,-0.267904
1640841539110579968,1.961893,0.429727,1.770117,0.961875,0.051064,0.011235,-0.268445
1640841539112219904,1.963265,0.428359,1.769111,0.961793,0.051225,0.011189,-0.268710
1640841539116229888,1.966615,0.425007,1.766658,0.961591,0.051613,0.011058,-0.269363
1640841539117479936,1.967658,0.423960,1.765895,0.961528,0.051733,0.011015,-0.269567
1640841539120689920,1.970334,0.421267,1.763939,0.961366,0.052034,0.010909,-0.270092
1640841539122190080,1.971583,0.420006,1.763026,0.961290,0.052171,0.010862,-0.270337
1640841539125499904,1.974337,0.417220,1.761018,0.961122,0.052464,0.010770,-0.270880
1640841539127269888,1.975807,0.415728,1.759946,0.961032,0.052614,0.010729,-0.271171
1640841539130729984,1.978679,0.412804,1.757856,0.960857,0.052892,0.010670,-0.271741
1640841539135539968,1.982663,0.408728,1.754962,0.960611,0.053262,0.010623,-0.272536
1640841539136600064,1.983539,0.407828,1.754326,0.960557,0.053346,0.010616,-0.272712
1640841539137270016,1.984093,0.407259,1.753924,0.960523,0.053401,0.010612,-0.272822
1640841539140669696,1.986901,0.404366,1.751890,0.960347,0.053697,0.010586,-0.273382
1640841539142179840,1.988147,0.403078,1.750989,0.960269,0.053841,0.010571,-0.273631
1640841539146019840,1.991311,0.399798,1.748703,0.960067,0.054223,0.010513,-0.274263
1640841539147229952,1.992307,0.398763,1.747984,0.960003,0.054345,0.010487,-0.274463
1640841539150840064,1.995274,0.395668,1.745846,0.959812,0.054695,0.010379,-0.275068
1640841539152549888,1.996678,0.394199,1.744836,0.959720,0.054849,0.010311,-0.275358
1640841539155559936,1.999146,0.391609,1.743063,0.959560,0.055100,0.010182,-0.275871
1640841539157250048,2.000530,0.390152,1.742070,0.959470,0.055231,0.010113,-0.276159
1640841539160519936,2.003204,0.387328,1.740153,0.959299,0.055466,0.010012,-0.276710
1640841539162720000,2.005001,0.385424,1.738868,0.959186,0.055612,0.009973,-0.277074
1640841539166249984,2.007880,0.382362,1.736812,0.959008,0.055832,0.009933,-0.277648
1640841539167239936,2.008687,0.381502,1.736237,0.958958,0.055892,0.009923,-0.277807
1640841539170670080,2.011478,0.378517,1.734250,0.958789,0.056095,0.009870,-0.278351
1640841539172309760,2.012811,0.377088,1.733303,0.958709,0.056192,0.009834,-0.278609
1640841539175709952,2.015570,0.374117,1.731345,0.958542,0.056393,0.009741,-0.279145
1640841539177339904,2.016891,0.372691,1.730409,0.958461,0.056491,0.009690,-0.279404
1640841539180669952,2.019586,0.369770,1.728504,0.958293,0.056696,0.009577,-0.279944
1640841539182309888,2.020912,0.368329,1.727568,0.958208,0.056800,0.009520,-0.280215
1640841539185590016,2.023559,0.365442,1.725703,0.958036,0.057009,0.009410,-0.280763
1640841539187199744,2.024857,0.364022,1.724790,0.957952,0.057111,0.009362,-0.281033
1640841539190759936,2.027723,0.360876,1.722779,0.957765,0.057333,0.009277,-0.281626
1640841539192169984,2.028856,0.359627,1.721986,0.957692,0.057420,0.009250,-0.281858
1640841539196329728,2.032194,0.355936,1.719652,0.957475,0.057699,0.009169,-0.282540
1640841539197239808,2.032924,0.355127,1.719144,0.957427,0.057767,0.009147,-0.282688
1640841539200579840,2.035597,0.352152,1.717283,0.957251,0.058049,0.009040,-0.283230
1640841539202259968,2.036940,0.350652,1.716350,0.957161,0.058212,0.008966,-0.283503
1640841539206669824,2.040458,0.346708,1.713913,0.956921,0.058667,0.008735,-0.284224
1640841539209869824,2.043005,0.343836,1.712154,0.956745,0.058971,0.008565,-0.284761
1640841539212899840,2.045412,0.341111,1.710497,0.956576,0.059212,0.008422,-0.285280
1640841539213369856,2.045785,0.340688,1.710240,0.956550,0.059246,0.008401,-0.285361
1640841539216300032,2.048108,0.338045,1.708646,0.956389,0.059443,0.008279,-0.285863
1640841539217319936,2.048916,0.337123,1.708093,0.956334,0.059507,0.008239,-0.286035
1640841539220609792,2.051518,0.334146,1.706315,0.956161,0.059707,0.008117,-0.286576
1640841539222159872,2.052742,0.332741,1.705481,0.956081,0.059798,0.008062,-0.286825
1640841539225929984,2.055714,0.329315,1.703460,0.955890,0.060015,0.007929,-0.287418
1640841539227789824,2.057177,0.327621,1.702468,0.955797,0.060120,0.007861,-0.287708
1640841539230919936,2.059636,0.324765,1.700805,0.955639,0.060292,0.007739,-0.288199
1640841539232199936,2.060640,0.323595,1.700128,0.955574,0.060361,0.007686,-0.288401
1640841539235620096,2.063319,0.320463,1.698325,0.955400,0.060538,0.007540,-0.288945
1640841539237249792,2.064593,0.318967,1.697470,0.955317,0.060616,0.007469,-0.289205
1640841539240539904,2.067162,0.315942,1.695752,0.955149,0.060758,0.007325,-0.289732
1640841539242429952,2.068635,0.314200,1.694769,0.955054,0.060827,0.007245,-0.290034
1640841539245629952,2.071124,0.311246,1.693114,0.954893,0.060930,0.007117,-0.290544
1640841539247419904,2.072514,0.309590,1.692192,0.954804,0.060990,0.007049,-0.290827
1640841539250700032,2.075057,0.306548,1.690511,0.954640,0.061122,0.006936,-0.291338
1640841539252169728,2.076195,0.305183,1.689761,0.954567,0.061193,0.006889,-0.291565
1640841539255589888,2.078838,0.302000,1.688025,0.954395,0.061378,0.006774,-0.292090
1640841539257380096,2.080218,0.300330,1.687121,0.954304,0.061482,0.006706,-0.292367
1640841539261109760,2.083089,0.296843,1.685248,0.954113,0.061701,0.006536,-0.292950
1640841539262339840,2.084034,0.295691,1.684633,0.954048,0.061773,0.006469,-0.293145
1640841539265559808,2.086505,0.292669,1.683032,0.953879,0.061963,0.006275,-0.293661
1640841539267229952,2.087784,0.291099,1.682206,0.953790,0.062064,0.006165,-0.293931
1640841539270619904,2.090375,0.287905,1.680537,0.953607,0.062278,0.005926,-0.294482
1640841539272229888,2.091603,0.286385,1.679749,0.953520,0.062382,0.005808,-0.294744
1640841539275939840,2.094428,0.282874,1.677944,0.953320,0.062627,0.005529,-0.295346
1640841539277279744,2.095446,0.281603,1.677296,0.953248,0.062713,0.005427,-0.295561
1640841539281049856,2.098306,0.278021,1.675482,0.953048,0.062948,0.005145,-0.296160
1640841539282230016,2.099199,0.276898,1.674918,0.952986,0.063017,0.005059,-0.296345
1640841539285580032,2.101731,0.273702,1.673324,0.952812,0.063198,0.004815,-0.296869
1640841539287190016,2.102945,0.272163,1.672562,0.952729,0.063276,0.004699,-0.297123
1640841539290649856,2.105550,0.268849,1.670935,0.952548,0.063422,0.004449,-0.297676
1640841539292229888,2.106737,0.267333,1.670197,0.952464,0.063481,0.004333,-0.297932
1640841539295609856,2.109272,0.264082,1.668627,0.952285,0.063603,0.004079,-0.298482
1640841539297550080,2.110724,0.262212,1.667732,0.952182,0.063677,0.003926,-0.298796
1640841539302779904,2.114626,0.257157,1.665340,0.951906,0.063918,0.003482,-0.299628
1640841539303369984,2.115065,0.256585,1.665072,0.951875,0.063948,0.003430,-0.299721
1640841539305899776,2.116946,0.254130,1.663929,0.951744,0.064071,0.003208,-0.300114
1640841539307279872,2.117971,0.252789,1.663308,0.951673,0.064132,0.003090,-0.300328
1640841539310609920,2.120438,0.249547,1.661820,0.951503,0.064248,0.002822,-0.300841
1640841539312269824,2.121665,0.247927,1.661083,0.951420,0.064284,0.002700,-0.301098
1640841539315630080,2.124144,0.244642,1.659601,0.951252,0.064335,0.002463,-0.301620
1640841539317349888,2.125411,0.242957,1.658848,0.951165,0.064363,0.002337,-0.301890
1640841539320549888,2.127762,0.239815,1.657456,0.950998,0.064445,0.002078,-0.302401
1640841539322180096,2.128957,0.238211,1.656752,0.950910,0.064506,0.001932,-0.302664
1640841539325579776,2.131445,0.234860,1.655294,0.950722,0.064667,0.001609,-0.303220
1640841539327719936,2.133008,0.232745,1.654384,0.950602,0.064787,0.001398,-0.303573
1640841539330999808,2.135397,0.229497,1.653000,0.950416,0.064990,0.001078,-0.304113
1640841539332269824,2.136320,0.228237,1.652467,0.950343,0.065072,0.000956,-0.304323
1640841539335589888,2.138729,0.224937,1.651085,0.950153,0.065284,0.000645,-0.304870
1640841539337600000,2.140184,0.222934,1.650255,0.950039,0.065403,0.000463,-0.305203
1640841539340760064,2.142466,0.219780,1.648961,0.949859,0.065562,0.000187,-0.305729
1640841539342200064,2.143504,0.218339,1.648375,0.949777,0.065622,0.000065,-0.305969
1640841539345619968,2.145964,0.214912,1.646995,0.949583,0.065752,-0.000223,-0.306543
1640841539347569920,2.147363,0.212953,1.646215,0.949472,0.065825,-0.000390,-0.306871
1640841539350599936,2.149533,0.209903,1.645012,0.949298,0.065951,-0.000661,-0.307381
1640841539352249856,2.150711,0.208239,1.644363,0.949202,0.066033,-0.000816,-0.307659
1640841539355709952,2.153178,0.204742,1.643011,0.949002,0.066207,-0.001143,-0.308238
1640841539357240064,2.154266,0.203192,1.642419,0.948915,0.066269,-0.001277,-0.308490
1640841539360479744,2.156566,0.199905,1.641175,0.948740,0.066332,-0.001511,-0.309013
1640841539362239744,2.157812,0.198115,1.640504,0.948651,0.066317,-0.001604,-0.309291
1640841539367089920,2.161237,0.193170,1.638679,0.948410,0.066209,-0.001803,-0.310050
1640841539367739904,2.161694,0.192506,1.638437,0.948377,0.066198,-0.001830,-0.310154
1640841539370880000,2.163902,0.189292,1.637274,0.948210,0.066192,-0.001984,-0.310665
1640841539372209920,2.164835,0.187928,1.636786,0.948136,0.066211,-0.002059,-0.310886
1640841539375629824,2.167229,0.184414,1.635542,0.947941,0.066297,-0.002268,-0.311461
1640841539377240064,2.168354,0.182756,1.634961,0.947847,0.066351,-0.002372,-0.311733
1640841539380930048,2.170925,0.178949,1.633644,0.947634,0.066487,-0.002606,-0.312351
1640841539382210048,2.171814,0.177625,1.633192,0.947560,0.066535,-0.002685,-0.312564
1640841539385740032,2.174262,0.173968,1.631955,0.947356,0.066667,-0.002897,-0.313150
1640841539387290112,2.175335,0.172359,1.631418,0.947267,0.066724,-0.002986,-0.313409
1640841539390679808,2.177674,0.168833,1.630254,0.947068,0.066844,-0.003174,-0.313982
1640841539392199936,2.178721,0.167248,1.629738,0.946977,0.066897,-0.003255,-0.314242
1640841539395619840,2.181070,0.163676,1.628587,0.946772,0.067020,-0.003438,-0.314832
1640841539397590016,2.182420,0.161614,1.627932,0.946653,0.067097,-0.003545,-0.315172
1640841539400649984,2.184511,0.158404,1.626925,0.946468,0.067232,-0.003720,-0.315698
1640841539402550016,2.185806,0.156407,1.626306,0.946352,0.067328,-0.003835,-0.316021
1640841539405649920,2.187914,0.153143,1.625307,0.946166,0.067496,-0.004033,-0.316542
1640841539407219968,2.188980,0.151486,1.624807,0.946072,0.067578,-0.004132,-0.316802
1640841539410629888,2.191288,0.147881,1.623732,0.945873,0.067717,-0.004332,-0.317363
1640841539412199936,2.192348,0.146217,1.623243,0.945784,0.067759,-0.004414,-0.317619
1640841539415670016,2.194685,0.142534,1.622173,0.945589,0.067823,-0.004574,-0.318182
1640841539417280000,2.195766,0.140821,1.621683,0.945499,0.067851,-0.004639,-0.318444
1640841539420800000,2.198124,0.137069,1.620625,0.945298,0.067938,-0.004766,-0.319018
1640841539422200064,2.199060,0.135574,1.620209,0.945217,0.067992,-0.004812,-0.319248
1640841539425580032,2.201313,0.131957,1.619216,0.945013,0.068183,-0.004914,-0.319810
1640841539427239936,2.202417,0.130178,1.618735,0.944911,0.068288,-0.004963,-0.320086
1640841539430639872,2.204672,0.126525,1.617761,0.944710,0.068443,-0.005066,-0.320643
1640841539432329984,2.205789,0.124706,1.617284,0.944616,0.068472,-0.005120,-0.320914
1640841539438880000,2.210103,0.117632,1.615472,0.944259,0.068478,-0.005334,-0.321959
1640841539439839744,2.210733,0.116592,1.615212,0.944205,0.068491,-0.005364,-0.322115
1640841539440539904,2.211191,0.115834,1.615024,0.944164,0.068504,-0.005385,-0.322229
1640841539442409984,2.212415,0.113805,1.614523,0.944055,0.068555,-0.005441,-0.322538
1640841539445900032,2.214693,0.110010,1.613602,0.943845,0.068690,-0.005540,-0.323122
1640841539447269888,2.215585,0.108518,1.613246,0.943762,0.068751,-0.005577,-0.323352
1640841539451119872,2.218084,0.104316,1.612259,0.943527,0.068930,-0.005678,-0.323996
1640841539452359936,2.218886,0.102960,1.611946,0.943451,0.068987,-0.005711,-0.324203
1640841539455549952,2.220946,0.099465,1.611151,0.943257,0.069131,-0.005798,-0.324737
1640841539458720000,2.222986,0.095984,1.610377,0.943062,0.069270,-0.005892,-0.325272
1640841539460480000,2.224116,0.094047,1.609954,0.942952,0.069345,-0.005950,-0.325572
1640841539462199808,2.225218,0.092153,1.609545,0.942844,0.069415,-0.006009,-0.325868
1640841539465859840,2.227555,0.088112,1.608689,0.942616,0.069549,-0.006131,-0.326497
1640841539467360000,2.228511,0.086453,1.608345,0.942524,0.069596,-0.006176,-0.326752
1640841539471259904,2.230987,0.082131,1.607465,0.942289,0.069690,-0.006267,-0.327408
1640841539472369920,2.231689,0.080898,1.607219,0.942223,0.069710,-0.006287,-0.327592
1640841539475539968,2.233692,0.077372,1.606526,0.942037,0.069759,-0.006328,-0.328116
1640841539477239808,2.234762,0.075478,1.606161,0.941937,0.069783,-0.006345,-0.328397
1640841539480640000,2.236898,0.071682,1.605445,0.941736,0.069832,-0.006368,-0.328964
1640841539482759936,2.238225,0.069310,1.605007,0.941608,0.069865,-0.006379,-0.329321
1640841539485570048,2.239980,0.066161,1.604438,0.941438,0.069907,-0.006390,-0.329797
1640841539487320064,2.241070,0.064197,1.604090,0.941333,0.069929,-0.006396,-0.330092
1640841539490540032,2.243069,0.060575,1.603462,0.941142,0.069954,-0.006406,-0.330631
1640841539492229888,2.244115,0.058671,1.603139,0.941043,0.069962,-0.006413,-0.330912
1640841539495569920,2.246177,0.054901,1.602514,0.940845,0.069981,-0.006431,-0.331468
1640841539497959936,2.247648,0.052197,1.602077,0.940701,0.070012,-0.006452,-0.331871
1640841539502840064,2.250638,0.046662,1.601214,0.940391,0.070150,-0.006518,-0.332718
1640841539503640064,2.251127,0.045753,1.601076,0.940339,0.070178,-0.006530,-0.332859
1640841539505659904,2.252358,0.043455,1.600733,0.940207,0.070249,-0.006556,-0.333215
1640841539507299840,2.253356,0.041587,1.600459,0.940101,0.070301,-0.006571,-0.333504
1640841539510680064,2.255406,0.037730,1.599908,0.939886,0.070374,-0.006577,-0.334093
1640841539512270080,2.256367,0.035912,1.599655,0.939789,0.070383,-0.006562,-0.334364
1640841539515599872,2.258375,0.032098,1.599138,0.939592,0.070360,-0.006509,-0.334923
1640841539517259776,2.259373,0.030194,1.598887,0.939495,0.070338,-0.006481,-0.335200
1640841539520560128,2.261350,0.026401,1.598402,0.939301,0.070300,-0.006441,-0.335753
1640841539522320128,2.262402,0.024374,1.598150,0.939196,0.070286,-0.006430,-0.336050
1640841539525529856,2.264314,0.020672,1.597704,0.939002,0.070270,-0.006420,-0.336595
1640841539527249920,2.265336,0.018685,1.597472,0.938898,0.070265,-0.006413,-0.336887
1640841539531079936,2.267602,0.014251,1.596972,0.938665,0.070260,-0.006382,-0.337537
1640841539532800000,2.268617,0.012256,1.596756,0.938560,0.070258,-0.006357,-0.337828
1640841539536239872,2.270639,0.008259,1.596337,0.938351,0.070253,-0.006293,-0.338412
1640841539537220096,2.271214,0.007118,1.596222,0.938291,0.070251,-0.006272,-0.338578
1640841539540599808,2.273190,0.003179,1.595835,0.938084,0.070239,-0.006194,-0.339156
1640841539542240000,2.274146,0.001264,1.595654,0.937983,0.070230,-0.006155,-0.339438
1640841539546010112,2.276337,-0.003145,1.595255,0.937749,0.070202,-0.006067,-0.340089
1640841539548300032,2.277662,-0.005829,1.595023,0.937607,0.070182,-0.006020,-0.340486
1640841539550579968,2.278977,-0.008506,1.594802,0.937466,0.070159,-0.005980,-0.340881
1640841539552219904,2.279921,-0.010433,1.594648,0.937364,0.070140,-0.005954,-0.341164
1640841539555539968,2.281826,-0.014342,1.594350,0.937160,0.070085,-0.005895,-0.341736
1640841539557289728,2.282827,-0.016406,1.594200,0.937054,0.070044,-0.005854,-0.342036
1640841539560570112,2.284697,-0.020281,1.593933,0.936859,0.069933,-0.005745,-0.342596
1640841539563000064,2.286077,-0.023157,1.593747,0.936717,0.069818,-0.005630,-0.343008
1640841539565809920,2.287667,-0.026489,1.593543,0.936557,0.069665,-0.005476,-0.343479
1640841539567289856,2.288502,-0.028246,1.593441,0.936473,0.069586,-0.005397,-0.343726
1640841539571389952,2.290808,-0.033123,1.593178,0.936238,0.069404,-0.005225,-0.344404
1640841539572229888,2.291278,-0.034123,1.593128,0.936189,0.069373,-0.005198,-0.344543
1640841539575579904,2.293151,-0.038120,1.592938,0.935994,0.069263,-0.005105,-0.345096
1640841539577629952,2.294293,-0.040570,1.592831,0.935873,0.069199,-0.005052,-0.345438
1640841539580699904,2.295997,-0.044245,1.592684,0.935689,0.069097,-0.004963,-0.345957
1640841539582710016,2.297108,-0.046655,1.592596,0.935567,0.069028,-0.004897,-0.346302
1640841539585539840,2.298669,-0.050053,1.592483,0.935394,0.068935,-0.004799,-0.346791
1640841539587319808,2.299647,-0.052193,1.592420,0.935283,0.068883,-0.004734,-0.347100
1640841539590560000,2.301422,-0.056095,1.592317,0.935080,0.068812,-0.004617,-0.347663
1640841539592189952,2.302312,-0.058062,1.592271,0.934976,0.068787,-0.004558,-0.347946
1640841539595709952,2.304226,-0.062314,1.592189,0.934752,0.068743,-0.004434,-0.348558
1640841539597999872,2.305467,-0.065086,1.592146,0.934606,0.068711,-0.004355,-0.348957
1640841539600649728,2.306898,-0.068298,1.592107,0.934438,0.068657,-0.004265,-0.349420
1640841539602819840,2.308066,-0.070932,1.592084,0.934300,0.068595,-0.004192,-0.349800
1640841539605609984,2.309562,-0.074324,1.592066,0.934126,0.068489,-0.004096,-0.350288
1640841539608320000,2.311010,-0.077624,1.592060,0.933959,0.068359,-0.003996,-0.350759
1640841539610699776,2.312277,-0.080527,1.592065,0.933815,0.068223,-0.003900,-0.351168
1640841539612329984,2.313143,-0.082517,1.592074,0.933719,0.068119,-0.003829,-0.351446
1640841539615609856,2.314878,-0.086528,1.592105,0.933527,0.067896,-0.003680,-0.351999
1640841539617270016,2.315753,-0.088561,1.592127,0.933431,0.067781,-0.003602,-0.352277
1640841539620729856,2.317571,-0.092804,1.592188,0.933230,0.067551,-0.003445,-0.352855
1640841539622220032,2.318351,-0.094634,1.592221,0.933143,0.067458,-0.003380,-0.353103
1640841539625639936,2.320134,-0.098840,1.592308,0.932941,0.067260,-0.003245,-0.353677
1640841539627259904,2.320976,-0.100836,1.592356,0.932843,0.067175,-0.003189,-0.353951
1640841539630720000,2.322768,-0.105103,1.592473,0.932629,0.067013,-0.003093,-0.354546
1640841539632279808,2.323573,-0.107030,1.592532,0.932530,0.066947,-0.003060,-0.354818
1640841539636139776,2.325557,-0.111805,1.592695,0.932283,0.066790,-0.002989,-0.355498
1640841539638979840,2.327009,-0.115325,1.592830,0.932101,0.066665,-0.002931,-0.355997
1640841539641870080,2.328481,-0.118912,1.592981,0.931919,0.066519,-0.002856,-0.356501
1640841539642899968,2.329004,-0.120192,1.593038,0.931855,0.066463,-0.002826,-0.356680
1640841539645530112,2.330336,-0.123463,1.593191,0.931692,0.066314,-0.002749,-0.357134
1640841539647279872,2.331220,-0.125643,1.593299,0.931584,0.066214,-0.002701,-0.357436
1640841539650550016,2.332864,-0.129720,1.593513,0.931381,0.066029,-0.002628,-0.357998
1640841539652449792,2.333816,-0.132093,1.593646,0.931263,0.065923,-0.002596,-0.358326
1640841539655739904,2.335458,-0.136207,1.593888,0.931057,0.065737,-0.002553,-0.358895
1640841539657229824,2.336199,-0.138072,1.594003,0.930963,0.065649,-0.002536,-0.359154
1640841539660529920,2.337835,-0.142209,1.594271,0.930755,0.065439,-0.002499,-0.359731
1640841539662240000,2.338679,-0.144356,1.594417,0.930647,0.065321,-0.002478,-0.360032
1640841539665560064,2.340312,-0.148528,1.594712,0.930440,0.065075,-0.002434,-0.360612
1640841539667289856,2.341159,-0.150705,1.594873,0.930334,0.064938,-0.002408,-0.360910
1640841539672019968,2.343466,-0.156668,1.595335,0.930056,0.064541,-0.002326,-0.361697
1640841539672859904,2.343874,-0.157728,1.595421,0.930008,0.064467,-0.002311,-0.361833
1640841539675739904,2.345268,-0.161367,1.595723,0.929844,0.064213,-0.002261,-0.362301
1640841539677789952,2.346257,-0.163960,1.595945,0.929725,0.064033,-0.002232,-0.362638
1640841539680620032,2.347617,-0.167544,1.596262,0.929555,0.063791,-0.002203,-0.363116
1640841539682230016,2.348388,-0.169586,1.596448,0.929456,0.063657,-0.002192,-0.363392
1640841539685720064,2.350053,-0.174016,1.596865,0.929238,0.063379,-0.002180,-0.363999
1640841539687990016,2.351131,-0.176902,1.597145,0.929095,0.063209,-0.002178,-0.364393
1640841539690830080,2.352475,-0.180517,1.597506,0.928917,0.063010,-0.002179,-0.364882
1640841539692549888,2.353286,-0.182709,1.597731,0.928809,0.062898,-0.002182,-0.365176
1640841539695590144,2.354714,-0.186587,1.598138,0.928617,0.062719,-0.002192,-0.365695
1640841539697259776,2.355496,-0.188719,1.598368,0.928509,0.062631,-0.002201,-0.365982
1640841539700769792,2.357132,-0.193207,1.598863,0.928277,0.062475,-0.002229,-0.366596
1640841539702299904,2.357843,-0.195165,1.599084,0.928174,0.062416,-0.002245,-0.366868
1640841539705769984,2.359448,-0.199613,1.599599,0.927937,0.062287,-0.002292,-0.367488
1640841539708750080,2.360820,-0.203437,1.600054,0.927735,0.062162,-0.002343,-0.368018
1640841539710579968,2.361659,-0.205788,1.600339,0.927614,0.062072,-0.002379,-0.368340
1640841539712260096,2.362427,-0.207948,1.600606,0.927503,0.061981,-0.002414,-0.368633
1640841539715510016,2.363908,-0.212131,1.601132,0.927293,0.061786,-0.002483,-0.369194
1640841539717469952,2.364797,-0.214657,1.601456,0.927168,0.061659,-0.002524,-0.369529
1640841539723079936,2.367328,-0.221898,1.602412,0.926815,0.061273,-0.002620,-0.370476
1640841539723849984,2.367674,-0.222894,1.602547,0.926767,0.061219,-0.002631,-0.370605
1640841539725699840,2.368503,-0.225286,1.602873,0.926652,0.061087,-0.002654,-0.370915
1640841539727289856,2.369213,-0.227343,1.603157,0.926552,0.060972,-0.002673,-0.371182
1640841539730639872,2.370704,-0.231683,1.603767,0.926343,0.060730,-0.002710,-0.371744
1640841539732229888,2.371409,-0.233745,1.604061,0.926243,0.060614,-0.002728,-0.372012
1640841539735569920,2.372884,-0.238081,1.604690,0.926031,0.060371,-0.002770,-0.372577
1640841539737799936,2.373865,-0.240978,1.605118,0.925890,0.060209,-0.002805,-0.372954
1640841539740579840,2.375083,-0.244594,1.605660,0.925713,0.060007,-0.002860,-0.373426
1640841539742249984,2.375813,-0.246769,1.605990,0.925606,0.059886,-0.002899,-0.373710
1640841539745519872,2.377235,-0.251030,1.606647,0.925395,0.059655,-0.002979,-0.374267
1640841539747409920,2.378054,-0.253495,1.607032,0.925272,0.059527,-0.003023,-0.374592
1640841539750520064,2.379396,-0.257556,1.607676,0.925066,0.059329,-0.003084,-0.375130
1640841539752260096,2.380144,-0.259830,1.608041,0.924950,0.059225,-0.003111,-0.375434
1640841539755650048,2.381596,-0.264264,1.608762,0.924721,0.059029,-0.003158,-0.376027
1640841539757349888,2.382321,-0.266489,1.609129,0.924607,0.058932,-0.003183,-0.376323
1640841539760569856,2.383690,-0.270708,1.609833,0.924393,0.058742,-0.003241,-0.376877
1640841539762220032,2.384389,-0.272872,1.610199,0.924285,0.058641,-0.003278,-0.377159
1640841539765570048,2.385802,-0.277270,1.610950,0.924065,0.058430,-0.003363,-0.377727
1640841539767539968,2.386630,-0.279858,1.611398,0.923936,0.058303,-0.003419,-0.378062
1640841539771079936,2.388111,-0.284512,1.612213,0.923702,0.058069,-0.003523,-0.378668
1640841539772249856,2.388599,-0.286052,1.612485,0.923624,0.057990,-0.003558,-0.378871
1640841539775739904,2.390049,-0.290648,1.613306,0.923389,0.057749,-0.003660,-0.379478
1640841539777319936,2.390702,-0.292730,1.613682,0.923283,0.057635,-0.003703,-0.379754
1640841539780679936,2.392088,-0.297161,1.614490,0.923057,0.057382,-0.003786,-0.380340
1640841539782549760,2.392856,-0.299629,1.614945,0.922932,0.057236,-0.003826,-0.380666
1640841539785590016,2.394100,-0.303645,1.615692,0.922729,0.056990,-0.003887,-0.381193
1640841539787659776,2.394944,-0.306381,1.616206,0.922592,0.056821,-0.003929,-0.381550
1640841539790619904,2.396146,-0.310296,1.616948,0.922397,0.056576,-0.003991,-0.382056
1640841539792269824,2.396814,-0.312480,1.617366,0.922289,0.056440,-0.004029,-0.382336
1640841539795569920,2.398144,-0.316850,1.618208,0.922073,0.056164,-0.004106,-0.382897
1640841539797269760,2.398827,-0.319103,1.618646,0.921961,0.056018,-0.004145,-0.383188
1640841539801270016,2.400428,-0.324407,1.619688,0.921692,0.055661,-0.004229,-0.383885
1640841539802779904,2.401029,-0.326411,1.620084,0.921589,0.055522,-0.004259,-0.384152
1640841539805639936,2.402165,-0.330208,1.620842,0.921391,0.055257,-0.004320,-0.384664
1640841539807219968,2.402791,-0.332307,1.621263,0.921280,0.055111,-0.004357,-0.384950
1640841539811169792,2.404348,-0.337556,1.622326,0.921000,0.054756,-0.004471,-0.385669
1640841539812229888,2.404765,-0.338966,1.622613,0.920924,0.054662,-0.004505,-0.385863
1640841539815869696,2.406190,-0.343808,1.623608,0.920665,0.054332,-0.004625,-0.386527
1640841539817609984,2.406868,-0.346124,1.624087,0.920542,0.054166,-0.004678,-0.386842
1640841539820509952,2.407995,-0.349986,1.624891,0.920341,0.053871,-0.004753,-0.387360
1640841539822269952,2.408677,-0.352330,1.625382,0.920222,0.053678,-0.004786,-0.387668
1640841539825510144,2.409928,-0.356648,1.626292,0.920008,0.053298,-0.004832,-0.388229
1640841539827309824,2.410620,-0.359048,1.626801,0.919890,0.053080,-0.004854,-0.388538
1640841539830629888,2.411893,-0.363475,1.627747,0.919671,0.052673,-0.004902,-0.389110
1640841539832229888,2.412504,-0.365610,1.628205,0.919565,0.052478,-0.004932,-0.389388
1640841539835640064,2.413801,-0.370161,1.629188,0.919335,0.052067,-0.005009,-0.389983
1640841539837859840,2.414643,-0.373124,1.629832,0.919184,0.051802,-0.005066,-0.390373
1640841539840539904,2.415655,-0.376703,1.630615,0.919001,0.051484,-0.005140,-0.390846
1640841539842229760,2.416291,-0.378960,1.631110,0.918885,0.051285,-0.005189,-0.391144
1640841539845569792,2.417545,-0.383422,1.632095,0.918656,0.050889,-0.005290,-0.391731
1640841539847369984,2.418218,-0.385828,1.632629,0.918534,0.050675,-0.005347,-0.392044
1640841539851099904,2.419607,-0.390812,1.633741,0.918286,0.050222,-0.005471,-0.392681
1640841539852849920,2.420257,-0.393152,1.634266,0.918172,0.050006,-0.005532,-0.392975
1640841539855639808,2.421289,-0.396881,1.635106,0.917989,0.049658,-0.005634,-0.393443
1640841539857309696,2.421905,-0.399114,1.635610,0.917879,0.049448,-0.005698,-0.393725
1640841539860519936,2.423085,-0.403405,1.636585,0.917663,0.049044,-0.005827,-0.394277
1640841539862219776,2.423708,-0.405678,1.637103,0.917546,0.048828,-0.005899,-0.394575
1640841539865659904,2.424964,-0.410278,1.638156,0.917307,0.048379,-0.006049,-0.395184
1640841539867689728,2.425703,-0.412992,1.638781,0.917167,0.048101,-0.006139,-0.395542
1640841539870659840,2.426780,-0.416963,1.639697,0.916965,0.047672,-0.006268,-0.396060
1640841539873109760,2.427665,-0.420238,1.640456,0.916802,0.047296,-0.006374,-0.396480
1640841539875579904,2.428555,-0.423540,1.641224,0.916641,0.046900,-0.006480,-0.396898
1640841539877729792,2.429327,-0.426414,1.641895,0.916502,0.046543,-0.006574,-0.397260
1640841539880519936,2.430326,-0.430142,1.642767,0.916322,0.046064,-0.006696,-0.397727
1640841539882400000,2.430997,-0.432655,1.643357,0.916202,0.045731,-0.006779,-0.398041
1640841539885759744,2.432193,-0.437143,1.644414,0.915988,0.045116,-0.006922,-0.398602
1640841539887349760,2.432757,-0.439267,1.644916,0.915886,0.044815,-0.006986,-0.398868
1640841539891980032,2.434392,-0.445448,1.646381,0.915589,0.043895,-0.007151,-0.399649
1640841539892539904,2.434590,-0.446196,1.646558,0.915553,0.043780,-0.007170,-0.399744
1640841539895500032,2.435630,-0.450145,1.647499,0.915362,0.043161,-0.007273,-0.400246
1640841539897369856,2.436285,-0.452640,1.648094,0.915241,0.042764,-0.007348,-0.400563
1640841539900589824,2.437410,-0.456934,1.649121,0.915034,0.042072,-0.007509,-0.401107
1640841539902360064,2.438026,-0.459293,1.649686,0.914920,0.041690,-0.007613,-0.401404
1640841539905519872,2.439123,-0.463503,1.650698,0.914718,0.040999,-0.007809,-0.401932
1640841539907699712,2.439878,-0.466406,1.651396,0.914580,0.040514,-0.007938,-0.402293
1640841539910660096,2.440899,-0.470345,1.652346,0.914394,0.039844,-0.008089,-0.402779
1640841539912229888,2.441440,-0.472434,1.652850,0.914295,0.039483,-0.008160,-0.403037
1640841539915589888,2.442593,-0.476901,1.653931,0.914083,0.038701,-0.008301,-0.403591
1640841539917329920,2.443188,-0.479213,1.654491,0.913971,0.038291,-0.008375,-0.403881
1640841539920569856,2.444294,-0.483516,1.655534,0.913758,0.037521,-0.008524,-0.404432
1640841539922560000,2.444971,-0.486157,1.656175,0.913625,0.037041,-0.008625,-0.404776
1640841539925659904,2.446023,-0.490267,1.657174,0.913415,0.036274,-0.008788,-0.405314
1640841539927269888,2.446567,-0.492401,1.657693,0.913307,0.035860,-0.008871,-0.405592
1640841539930539776,2.447671,-0.496731,1.658747,0.913093,0.034979,-0.009029,-0.406147
1640841539932199936,2.448230,-0.498928,1.659282,0.912987,0.034509,-0.009102,-0.406424
1640841539936440064,2.449653,-0.504533,1.660648,0.912723,0.033254,-0.009275,-0.407119
1640841539937530112,2.450017,-0.505973,1.660998,0.912655,0.032921,-0.009317,-0.407296
1640841539940579840,2.451035,-0.509998,1.661980,0.912467,0.031968,-0.009432,-0.407790
1640841539942279936,2.451602,-0.512239,1.662526,0.912362,0.031425,-0.009494,-0.408065
1640841539946019840,2.452844,-0.517166,1.663728,0.912130,0.030199,-0.009618,-0.408673
1640841539948649984,2.453714,-0.520627,1.664571,0.911966,0.029308,-0.009688,-0.409104
1640841539950479872,2.454318,-0.523032,1.665157,0.911850,0.028673,-0.009726,-0.409405
1640841539952679936,2.455044,-0.525922,1.665861,0.911710,0.027896,-0.009764,-0.409769
1640841539955559936,2.455990,-0.529700,1.666780,0.911527,0.026865,-0.009811,-0.410245
1640841539957319936,2.456568,-0.532007,1.667342,0.911415,0.026232,-0.009845,-0.410534
1640841539961189888,2.457833,-0.537073,1.668572,0.911169,0.024851,-0.009957,-0.411162
1640841539962869760,2.458381,-0.539269,1.669105,0.911063,0.024255,-0.010017,-0.411432
1640841539965519872,2.459244,-0.542730,1.669944,0.910892,0.023315,-0.010120,-0.411861
1640841539967340032,2.459835,-0.545104,1.670519,0.910773,0.022669,-0.010192,-0.412158
1640841539971079936,2.461047,-0.549976,1.671697,0.910520,0.021330,-0.010328,-0.412785
1640841539972260096,2.461428,-0.551511,1.672067,0.910438,0.020904,-0.010369,-0.412986
1640841539975630080,2.462515,-0.555890,1.673122,0.910201,0.019674,-0.010488,-0.413566
1640841539977440000,2.463097,-0.558239,1.673687,0.910073,0.019006,-0.010559,-0.413877
1640841539980559872,2.464099,-0.562282,1.674657,0.909853,0.017838,-0.010703,-0.414408
1640841539982380032,2.464682,-0.564637,1.675221,0.909726,0.017147,-0.010800,-0.414715
1640841539985560064,2.465698,-0.568746,1.676202,0.909503,0.015929,-0.010992,-0.415246
1640841539987299840,2.466253,-0.570991,1.676736,0.909381,0.015258,-0.011108,-0.415536
1640841539990589952,2.467299,-0.575229,1.677743,0.909146,0.013985,-0.011342,-0.416089
1640841539992369920,2.467864,-0.577519,1.678285,0.909016,0.013294,-0.011475,-0.416390
1640841539995640064,2.468900,-0.581718,1.679276,0.908776,0.012011,-0.011723,-0.416946
1640841539997349888,2.469440,-0.583911,1.679792,0.908651,0.011328,-0.011852,-0.417235
1640841540000730112,2.470506,-0.588237,1.680806,0.908405,0.009937,-0.012096,-0.417799
1640841540002299904,2.471001,-0.590243,1.681274,0.908292,0.009273,-0.012204,-0.418056
1640841540005879808,2.472125,-0.594809,1.682336,0.908036,0.007726,-0.012444,-0.418636
1640841540007319808,2.472576,-0.596643,1.682761,0.907934,0.007097,-0.012541,-0.418866
1640841540011139840,2.473770,-0.601497,1.683880,0.907660,0.005417,-0.012806,-0.419475
1640841540012249856,2.474117,-0.602905,1.684203,0.907580,0.004926,-0.012885,-0.419652
1640841540015589888,2.475157,-0.607135,1.685170,0.907339,0.003435,-0.013132,-0.420181
1640841540017400064,2.475720,-0.609423,1.685690,0.907206,0.002616,-0.013271,-0.420468
1640841540020519936,2.476688,-0.613359,1.686580,0.906976,0.001178,-0.013520,-0.420963
1640841540022670080,2.477354,-0.616066,1.687189,0.906816,0.000166,-0.013698,-0.421305
1640841540025649920,2.478274,-0.619810,1.688026,0.906591,-0.001257,-0.013946,-0.421779
1640841540027379968,2.478808,-0.621979,1.688508,0.906459,-0.002088,-0.014085,-0.422053
1640841540030799872,2.479861,-0.626259,1.689454,0.906199,-0.003727,-0.014341,-0.422592
1640841540032259840,2.480309,-0.628082,1.689854,0.906087,-0.004423,-0.014443,-0.422822
1640841540036109824,2.481490,-0.632879,1.690900,0.905788,-0.006257,-0.014718,-0.423430
1640841540037499904,2.481915,-0.634607,1.691274,0.905677,-0.006922,-0.014830,-0.423653
1640841540040560128,2.482850,-0.638403,1.692090,0.905426,-0.008395,-0.015115,-0.424151
1640841540042479872,2.483435,-0.640780,1.692598,0.905265,-0.009327,-0.015320,-0.424468
1640841540045590016,2.484382,-0.644621,1.693411,0.905000,-0.010849,-0.015678,-0.424985
1640841540047369984,2.484923,-0.646815,1.693872,0.904846,-0.011726,-0.015891,-0.425280
1640841540050540032,2.485884,-0.650712,1.694684,0.904573,-0.013298,-0.016273,-0.425800
1640841540052300032,2.486417,-0.652871,1.695130,0.904422,-0.014175,-0.016482,-0.426085
1640841540055909888,2.487508,-0.657287,1.696033,0.904111,-0.015984,-0.016916,-0.426663
1640841540057379840,2.487951,-0.659081,1.696397,0.903984,-0.016724,-0.017096,-0.426898
1640841540060559872,2.488909,-0.662953,1.697174,0.903705,-0.018327,-0.017504,-0.427405
1640841540062309888,2.489435,-0.665078,1.697597,0.903549,-0.019213,-0.017739,-0.427686
1640841540065559808,2.490410,-0.669015,1.698372,0.903255,-0.020870,-0.018190,-0.428209
1640841540067659776,2.491039,-0.671553,1.698865,0.903062,-0.021954,-0.018487,-0.428549
1640841540071219968,2.492104,-0.675841,1.699688,0.902729,-0.023826,-0.018992,-0.429129
1640841540072310016,2.492429,-0.677150,1.699937,0.902626,-0.024407,-0.019147,-0.429307
1640841540075939840,2.493511,-0.681501,1.700754,0.902280,-0.026353,-0.019665,-0.429896
1640841540077299712,2.493915,-0.683126,1.701055,0.902149,-0.027084,-0.019861,-0.430115
1640841540080580096,2.494890,-0.687037,1.701771,0.901836,-0.028845,-0.020340,-0.430635
1640841540082309888,2.495403,-0.689094,1.702143,0.901670,-0.029769,-0.020597,-0.430906
1640841540085530112,2.496356,-0.692911,1.702823,0.901362,-0.031484,-0.021087,-0.431406
1640841540087539968,2.496950,-0.695287,1.703240,0.901167,-0.032553,-0.021402,-0.431718
1640841540092909824,2.498533,-0.701606,1.704325,0.900632,-0.035412,-0.022286,-0.432564
1640841540093329920,2.498657,-0.702099,1.704408,0.900589,-0.035636,-0.022357,-0.432631
1640841540095520000,2.499301,-0.704663,1.704836,0.900364,-0.036806,-0.022733,-0.432981
1640841540097299712,2.499824,-0.706743,1.705179,0.900180,-0.037758,-0.023039,-0.433265
1640841540100509952,2.500765,-0.710481,1.705784,0.899847,-0.039478,-0.023587,-0.433776
1640841540102399744,2.501318,-0.712675,1.706133,0.899650,-0.040490,-0.023908,-0.434073
1640841540106139904,2.502410,-0.717002,1.706806,0.899259,-0.042485,-0.024550,-0.434655
1640841540107909888,2.502927,-0.719042,1.707116,0.899075,-0.043422,-0.024863,-0.434926
1640841540110529792,2.503690,-0.722054,1.707566,0.898802,-0.044796,-0.025343,-0.435323
1640841540112259840,2.504193,-0.724037,1.707857,0.898622,-0.045694,-0.025670,-0.435583
1640841540115569920,2.505154,-0.727818,1.708399,0.898276,-0.047395,-0.026309,-0.436075
1640841540117369856,2.505676,-0.729867,1.708686,0.898088,-0.048310,-0.026661,-0.436341
1640841540120579840,2.506605,-0.733509,1.709184,0.897749,-0.049928,-0.027290,-0.436816
1640841540122850048,2.507261,-0.736075,1.709525,0.897508,-0.051062,-0.027733,-0.437153
1640841540126019840,2.508175,-0.739645,1.709986,0.897169,-0.052638,-0.028354,-0.437622
1640841540127399936,2.508572,-0.741193,1.710182,0.897021,-0.053323,-0.028627,-0.437825
1640841540130479872,2.509458,-0.744639,1.710604,0.896688,-0.054851,-0.029245,-0.438276
1640841540132249856,2.509966,-0.746613,1.710839,0.896497,-0.055731,-0.029606,-0.438533
1640841540135729920,2.510964,-0.750478,1.711285,0.896120,-0.057463,-0.030326,-0.439031
1640841540137789952,2.511554,-0.752756,1.711538,0.895896,-0.058489,-0.030754,-0.439321
1640841540140790016,2.512411,-0.756061,1.711891,0.895572,-0.059981,-0.031376,-0.439737
1640841540143280128,2.513121,-0.758793,1.712172,0.895303,-0.061215,-0.031891,-0.440077
1640841540145570048,2.513773,-0.761296,1.712420,0.895056,-0.062343,-0.032364,-0.440388
1640841540147539968,2.514334,-0.763442,1.712624,0.894843,-0.063304,-0.032773,-0.440653
1640841540150480128,2.515169,-0.766632,1.712916,0.894523,-0.064722,-0.033387,-0.441049
1640841540152359936,2.515702,-0.768664,1.713093,0.894318,-0.065618,-0.033783,-0.441303
1640841540155979776,2.516726,-0.772559,1.713414,0.893920,-0.067333,-0.034560,-0.441790
1640841540157430016,2.517136,-0.774113,1.713536,0.893759,-0.068020,-0.034878,-0.441986
1640841540160519936,2.518008,-0.777411,1.713780,0.893413,-0.069491,-0.035571,-0.442400
1640841540162299904,2.518510,-0.779304,1.713912,0.893212,-0.070346,-0.035982,-0.442638
1640841540165519872,2.519416,-0.782712,1.714134,0.892845,-0.071895,-0.036746,-0.443067
1640841540167310080,2.519918,-0.784598,1.714248,0.892641,-0.072753,-0.037183,-0.443303
1640841540170799872,2.520897,-0.788258,1.714451,0.892241,-0.074403,-0.038058,-0.443759
1640841540172339968,2.521328,-0.789866,1.714532,0.892065,-0.075117,-0.038455,-0.443959
1640841540175649792,2.522253,-0.793307,1.714690,0.891688,-0.076612,-0.039328,-0.444382
1640841540177359872,2.522730,-0.795076,1.714763,0.891494,-0.077371,-0.039787,-0.444600
1640841540180659968,2.523650,-0.798475,1.714884,0.891114,-0.078850,-0.040677,-0.445021
1640841540182279936,2.524101,-0.800136,1.714935,0.890924,-0.079595,-0.041114,-0.445230
1640841540185619712,2.525028,-0.803543,1.715023,0.890523,-0.081172,-0.042018,-0.445662
1640841540187379712,2.525516,-0.805330,1.715059,0.890308,-0.082022,-0.042502,-0.445891
1640841540190539776,2.526391,-0.808522,1.715107,0.889915,-0.083576,-0.043389,-0.446299
1640841540192379904,2.526900,-0.810372,1.715124,0.889684,-0.084495,-0.043921,-0.446536
1640841540195539968,2.527772,-0.813532,1.715137,0.889282,-0.086092,-0.044867,-0.446936
1640841540197329920,2.528265,-0.815314,1.715134,0.889055,-0.086999,-0.045411,-0.447158
1640841540200460032,2.529126,-0.818413,1.715111,0.888666,-0.088570,-0.046341,-0.447527
1640841540202579968,2.529708,-0.820500,1.715083,0.888410,-0.089617,-0.046946,-0.447764
1640841540205609984,2.530538,-0.823467,1.715025,0.888047,-0.091098,-0.047799,-0.448095
1640841540207340032,2.531011,-0.825152,1.714983,0.887837,-0.091942,-0.048291,-0.448286
1640841540211049984,2.532025,-0.828745,1.714868,0.887369,-0.093764,-0.049390,-0.448714
1640841540212440064,2.532404,-0.830084,1.714817,0.887187,-0.094452,-0.049823,-0.448883
1640841540215689984,2.533288,-0.833197,1.714681,0.886749,-0.096060,-0.050865,-0.449289
1640841540217479936,2.533775,-0.834902,1.714595,0.886505,-0.096940,-0.051452,-0.449514
1640841540220519936,2.534599,-0.837782,1.714431,0.886093,-0.098412,-0.052457,-0.449892
1640841540222279936,2.535076,-0.839440,1.714327,0.885857,-0.099249,-0.053039,-0.450105
1640841540225629952,2.535982,-0.842577,1.714108,0.885413,-0.100815,-0.054150,-0.450496
1640841540227399936,2.536459,-0.844225,1.713982,0.885182,-0.101633,-0.054740,-0.450696
1640841540230559744,2.537310,-0.847148,1.713737,0.884774,-0.103085,-0.055804,-0.451037
1640841540235509760,2.538640,-0.851683,1.713307,0.884135,-0.105350,-0.057502,-0.451553
1640841540236140032,2.538808,-0.852256,1.713248,0.884052,-0.105639,-0.057721,-0.451619
1640841540237779968,2.539248,-0.853744,1.713090,0.883835,-0.106389,-0.058296,-0.451796
1640841540240800000,2.540055,-0.856467,1.712781,0.883420,-0.107773,-0.059367,-0.452139
1640841540242390016,2.540479,-0.857893,1.712610,0.883196,-0.108503,-0.059938,-0.452328
1640841540245689856,2.541358,-0.860832,1.712236,0.882722,-0.110021,-0.061131,-0.452725
1640841540247330048,2.541794,-0.862284,1.712040,0.882486,-0.110776,-0.061726,-0.452921
1640841540253239808,2.543360,-0.867462,1.711280,0.881653,-0.113500,-0.063866,-0.453572
1640841540253669888,2.543474,-0.867836,1.711221,0.881593,-0.113698,-0.064022,-0.453616
1640841540255529984,2.543965,-0.869447,1.710963,0.881335,-0.114557,-0.064691,-0.453807
1640841540257580032,2.544505,-0.871212,1.710668,0.881050,-0.115503,-0.065428,-0.454015
1640841540260569856,2.545292,-0.873770,1.710219,0.880629,-0.116883,-0.066497,-0.454322
1640841540262259968,2.545736,-0.875206,1.709956,0.880388,-0.117662,-0.067100,-0.454500
1640841540265529856,2.546593,-0.877964,1.709427,0.879916,-0.119158,-0.068264,-0.454852
1640841540267619840,2.547139,-0.879714,1.709075,0.879612,-0.120101,-0.069008,-0.455079
1640841540270669824,2.547935,-0.882248,1.708542,0.879168,-0.121448,-0.070099,-0.455412
1640841540272310016,2.548362,-0.883601,1.708246,0.878930,-0.122158,-0.070688,-0.455590
1640841540275519744,2.549195,-0.886231,1.707648,0.878467,-0.123518,-0.071848,-0.455935
1640841540277359872,2.549672,-0.887726,1.707293,0.878204,-0.124282,-0.072517,-0.456128
1640841540280599808,2.550510,-0.890339,1.706649,0.877744,-0.125604,-0.073703,-0.456461
1640841540284969728,2.551635,-0.893822,1.705740,0.877130,-0.127339,-0.075320,-0.456896
1640841540285539840,2.551782,-0.894273,1.705618,0.877050,-0.127562,-0.075532,-0.456952
1640841540287409920,2.552262,-0.895746,1.705211,0.876788,-0.128285,-0.076230,-0.457137
1640841540290949888,2.553168,-0.898509,1.704419,0.876289,-0.129625,-0.077559,-0.457492
1640841540292249856,2.553500,-0.899516,1.704120,0.876105,-0.130108,-0.078049,-0.457625
1640841540295660032,2.554369,-0.902137,1.703317,0.875618,-0.131361,-0.079338,-0.457976
1640841540297420032,2.554816,-0.903478,1.702892,0.875366,-0.132002,-0.080002,-0.458158
1640841540300679936,2.555641,-0.905940,1.702083,0.874899,-0.133190,-0.081227,-0.458492
1640841540302350080,2.556063,-0.907191,1.701659,0.874660,-0.133801,-0.081851,-0.458659
1640841540305600000,2.556882,-0.909604,1.700814,0.874195,-0.135005,-0.083053,-0.458975
1640841540307449856,2.557347,-0.910966,1.700321,0.873931,-0.135696,-0.083732,-0.459151
1640841540310550016,2.558124,-0.913227,1.699477,0.873486,-0.136847,-0.084866,-0.459448
1640841540312259840,2.558551,-0.914463,1.699002,0.873239,-0.137473,-0.085493,-0.459615
1640841540315810048,2.559435,-0.917005,1.697992,0.872724,-0.138746,-0.086797,-0.459965
1640841540317529856,2.559862,-0.918224,1.697491,0.872477,-0.139350,-0.087429,-0.460133
1640841540320479744,2.560592,-0.920297,1.696616,0.872058,-0.140366,-0.088512,-0.460411
1640841540322289920,2.561039,-0.921557,1.696069,0.871805,-0.140977,-0.089176,-0.460575
1640841540326069760,2.561968,-0.924161,1.694901,0.871277,-0.142225,-0.090564,-0.460919
1640841540327309824,2.562272,-0.925006,1.694511,0.871102,-0.142628,-0.091021,-0.461036
1640841540330839808,2.563134,-0.927391,1.693378,0.870588,-0.143757,-0.092328,-0.461396
1640841540332339968,2.563499,-0.928393,1.692888,0.870363,-0.144229,-0.092885,-0.461560
1640841540335629824,2.564297,-0.930571,1.691794,0.869869,-0.145243,-0.094102,-0.461928
1640841540337430016,2.564732,-0.931751,1.691185,0.869602,-0.145782,-0.094761,-0.462126
1640841540340899840,2.565567,-0.933998,1.689989,0.869106,-0.146785,-0.096007,-0.462485
1640841540342299904,2.565903,-0.934896,1.689498,0.868913,-0.147175,-0.096502,-0.462620
1640841540345569792,2.566684,-0.936970,1.688334,0.868472,-0.148060,-0.097652,-0.462925
1640841540347409920,2.567122,-0.938125,1.687668,0.868225,-0.148543,-0.098301,-0.463094
1640841540350619904,2.567883,-0.940116,1.686488,0.867791,-0.149364,-0.099453,-0.463399
1640841540352320000,2.568284,-0.941158,1.685853,0.867556,-0.149788,-0.100075,-0.463568
1640841540355589888,2.569053,-0.943141,1.684612,0.867096,-0.150587,-0.101284,-0.463907
1640841540358049792,2.569628,-0.944613,1.683663,0.866748,-0.151173,-0.102187,-0.464168
1640841540360719872,2.570250,-0.946191,1.682617,0.866374,-0.151794,-0.103144,-0.464453
1640841540362540032,2.570672,-0.947255,1.681894,0.866121,-0.152208,-0.103780,-0.464646
1640841540365489920,2.571353,-0.948959,1.680708,0.865720,-0.152858,-0.104792,-0.464954
1640841540367360000,2.571782,-0.950026,1.679945,0.865470,-0.153252,-0.105426,-0.465145
1640841540370659840,2.572537,-0.951886,1.678580,0.865042,-0.153910,-0.106544,-0.465470
1640841540372310016,2.572912,-0.952803,1.677888,0.864832,-0.154222,-0.107104,-0.465628
1640841540375959808,2.573738,-0.954805,1.676337,0.864374,-0.154874,-0.108349,-0.465975
1640841540377679872,2.574125,-0.955735,1.675596,0.864158,-0.155166,-0.108938,-0.466140
1640841540380579840,2.574774,-0.957284,1.674331,0.863792,-0.155641,-0.109939,-0.466425
1640841540382269952,2.575151,-0.958175,1.673585,0.863577,-0.155907,-0.110524,-0.466596
1640841540385519872,2.575871,-0.959865,1.672134,0.863164,-0.156383,-0.111645,-0.466934
1640841540388379904,2.576500,-0.961326,1.670838,0.862804,-0.156750,-0.112616,-0.467243
1640841540390769920,2.577022,-0.962529,1.669741,0.862510,-0.157013,-0.113408,-0.467506
1640841540392299776,2.577355,-0.963290,1.669032,0.862325,-0.157161,-0.113906,-0.467677
1640841540395990016,2.578153,-0.965097,1.667303,0.861890,-0.157468,-0.115088,-0.468085
1640841540397359872,2.578447,-0.965757,1.666654,0.861733,-0.157570,-0.115522,-0.468233
1640841540400489728,2.579116,-0.967245,1.665155,0.861383,-0.157785,-0.116513,-0.468560
1640841540402329856,2.579506,-0.968106,1.664265,0.861181,-0.157901,-0.117095,-0.468746
1640841540405570048,2.580189,-0.969598,1.662680,0.860832,-0.158076,-0.118118,-0.469072
1640841540407339776,2.580560,-0.970399,1.661805,0.860642,-0.158154,-0.118677,-0.469252
1640841540411039744,2.581328,-0.972043,1.659955,0.860247,-0.158266,-0.119844,-0.469643
1640841540412329984,2.581594,-0.972607,1.659304,0.860108,-0.158287,-0.120250,-0.469786
1640841540415569920,2.582258,-0.974000,1.657652,0.859761,-0.158306,-0.121265,-0.470153
1640841540417349888,2.582619,-0.974751,1.656736,0.859574,-0.158302,-0.121817,-0.470355
1640841540420809984,2.583317,-0.976185,1.654938,0.859221,-0.158281,-0.122870,-0.470733
1640841540422839808,2.583722,-0.977008,1.653871,0.859021,-0.158261,-0.123477,-0.470945
1640841540426429952,2.584433,-0.978434,1.651966,0.858679,-0.158197,-0.124535,-0.471311
1640841540428969984,2.584931,-0.979419,1.650602,0.858443,-0.158119,-0.125279,-0.471572
1640841540430560000,2.585240,-0.980025,1.649743,0.858296,-0.158051,-0.125745,-0.471738
1640841540432379904,2.585592,-0.980710,1.648753,0.858128,-0.157954,-0.126280,-0.471933
1640841540435559936,2.586201,-0.981881,1.647008,0.857836,-0.157744,-0.127208,-0.472284
1640841540437379840,2.586547,-0.982537,1.646001,0.857670,-0.157605,-0.127732,-0.472490
1640841540440630016,2.587158,-0.983683,1.644187,0.857377,-0.157334,-0.128642,-0.472867
1640841540442729984,2.587548,-0.984405,1.643004,0.857189,-0.157146,-0.129213,-0.473113
1640841540445529856,2.588064,-0.985348,1.641415,0.856945,-0.156880,-0.129958,-0.473440
1640841540447399936,2.588405,-0.985963,1.640346,0.856785,-0.156691,-0.130449,-0.473656
1640841540450549760,2.588973,-0.986975,1.638531,0.856527,-0.156354,-0.131267,-0.474009
1640841540452349952,2.589295,-0.987539,1.637485,0.856384,-0.156149,-0.131729,-0.474205
1640841540455489792,2.589849,-0.988499,1.635648,0.856146,-0.155766,-0.132521,-0.474541
1640841540458959872,2.590452,-0.989523,1.633598,0.855896,-0.155302,-0.133361,-0.474909
1640841540460519936,2.590720,-0.989972,1.632670,0.855787,-0.155078,-0.133723,-0.475077
1640841540462329856,2.591029,-0.990482,1.631587,0.855664,-0.154804,-0.134128,-0.475273
1640841540465479936,2.591559,-0.991345,1.629690,0.855457,-0.154297,-0.134797,-0.475621
1640841540467889920,2.591958,-0.991984,1.628228,0.855306,-0.153891,-0.135286,-0.475885
1640841540470670080,2.592413,-0.992698,1.626529,0.855140,-0.153411,-0.135833,-0.476184
1640841540472309760,2.592678,-0.993107,1.625521,0.855045,-0.153125,-0.136150,-0.476354
1640841540476130048,2.593286,-0.994028,1.623156,0.854837,-0.152445,-0.136890,-0.476734
1640841540477419776,2.593488,-0.994328,1.622352,0.854770,-0.152205,-0.137143,-0.476858
1640841540480529920,2.593969,-0.995030,1.620403,0.854612,-0.151591,-0.137770,-0.477155
1640841540482349824,2.594246,-0.995427,1.619255,0.854524,-0.151204,-0.138148,-0.477327
1640841540485529856,2.594723,-0.996094,1.617238,0.854381,-0.150479,-0.138818,-0.477618
1640841540487340032,2.594990,-0.996459,1.616083,0.854308,-0.150037,-0.139199,-0.477777
1640841540491439872,2.595582,-0.997248,1.613449,0.854171,-0.148958,-0.140052,-0.478110
1640841540492839936,2.595780,-0.997505,1.612543,0.854132,-0.148566,-0.140340,-0.478217
1640841540496229888,2.596253,-0.998100,1.610339,0.854046,-0.147578,-0.141036,-0.478471
1640841540497390080,2.596411,-0.998295,1.609582,0.854019,-0.147230,-0.141276,-0.478557
1640841540500559872,2.596838,-0.998807,1.607501,0.853941,-0.146255,-0.141940,-0.478797
1640841540502390016,2.597080,-0.999087,1.606293,0.853897,-0.145680,-0.142325,-0.478938
1640841540506759936,2.597641,-0.999713,1.603391,0.853800,-0.144287,-0.143227,-0.479263
1640841540507689984,2.597758,-0.999839,1.602770,0.853782,-0.143989,-0.143411,-0.479329
1640841540510799872,2.598142,-1.000237,1.600686,0.853737,-0.142989,-0.144000,-0.479533
1640841540512300032,2.598323,-1.000418,1.599675,0.853722,-0.142506,-0.144268,-0.479622
1640841540515780096,2.598734,-1.000810,1.597321,0.853704,-0.141366,-0.144862,-0.479812
1640841540517329920,2.598912,-1.000972,1.596268,0.853702,-0.140845,-0.145120,-0.479891
1640841540520609792,2.599280,-1.001290,1.594028,0.853708,-0.139698,-0.145664,-0.480052
1640841540522919936,2.599531,-1.001492,1.592444,0.853717,-0.138844,-0.146056,-0.480163
1640841540526409984,2.599899,-1.001765,1.590037,0.853737,-0.137483,-0.146668,-0.480334
1640841540527330048,2.599994,-1.001831,1.589400,0.853742,-0.137122,-0.146827,-0.480379
1640841540530579968,2.600319,-1.002040,1.587143,0.853759,-0.135906,-0.147351,-0.480533
1640841540532379904,2.600494,-1.002141,1.585888,0.853767,-0.135287,-0.147607,-0.480615
1640841540538769920,2.601080,-1.002417,1.581404,0.853817,-0.133088,-0.148462,-0.480878
1640841540539539712,2.601147,-1.002441,1.580860,0.853828,-0.132791,-0.148575,-0.480906
1640841540544450048,2.601557,-1.002551,1.577381,0.853927,-0.130646,-0.149372,-0.481070
1640841540546949888,2.601753,-1.002577,1.575601,0.853993,-0.129464,-0.149793,-0.481142
1640841540547340032,2.601783,-1.002579,1.575323,0.854003,-0.129278,-0.149857,-0.481153
1640841540547649792,2.601806,-1.002581,1.575101,0.854012,-0.129130,-0.149908,-0.481161
1640841540550700032,2.602031,-1.002578,1.572919,0.854101,-0.127700,-0.150378,-0.481238
1640841540552620032,2.602167,-1.002562,1.571541,0.854160,-0.126818,-0.150651,-0.481283
1640841540555749888,2.602376,-1.002510,1.569287,0.854257,-0.125398,-0.151066,-0.481351
1640841540557789952,2.602505,-1.002459,1.567813,0.854322,-0.124477,-0.151326,-0.481394
1640841540560629760,2.602675,-1.002365,1.565756,0.854412,-0.123190,-0.151684,-0.481453
1640841540562609920,2.602787,-1.002285,1.564317,0.854475,-0.122283,-0.151933,-0.481493
1640841540565609984,2.602945,-1.002140,1.562132,0.854579,-0.120887,-0.152311,-0.481542
1640841540567430144,2.603035,-1.002038,1.560802,0.854648,-0.120025,-0.152539,-0.481562
1640841540571419904,2.603214,-1.001778,1.557880,0.854828,-0.118080,-0.153036,-0.481566
1640841540572559872,2.603261,-1.001695,1.557042,0.854888,-0.117510,-0.153177,-0.481555
1640841540575549952,2.603375,-1.001456,1.554842,0.855054,-0.115994,-0.153537,-0.481513
1640841540577529856,2.603443,-1.001283,1.553382,0.855166,-0.114984,-0.153766,-0.481483
1640841540580499968,2.603533,-1.001000,1.551187,0.855328,-0.113474,-0.154091,-0.481449
1640841540582279936,2.603581,-1.000817,1.549868,0.855423,-0.112572,-0.154275,-0.481435
1640841540585899776,2.603663,-1.000414,1.547181,0.855614,-0.110732,-0.154627,-0.481408
1640841540587679744,2.603696,-1.000201,1.545857,0.855710,-0.109820,-0.154791,-0.481393
1640841540590499840,2.603737,-0.999843,1.543756,0.855871,-0.108361,-0.155040,-0.481358
1640841540592339968,2.603757,-0.999597,1.542383,0.855981,-0.107397,-0.155197,-0.481328
1640841540595879936,2.603781,-0.999093,1.539737,0.856206,-0.105505,-0.155490,-0.481251
1640841540597420032,2.603784,-0.998862,1.538584,0.856310,-0.104665,-0.155614,-0.481210
1640841540600539904,2.603780,-0.998371,1.536244,0.856530,-0.102927,-0.155863,-0.481113
1640841540602459904,2.603769,-0.998054,1.534803,0.856671,-0.101836,-0.156013,-0.481045
1640841540606679808,2.603724,-0.997319,1.531629,0.856992,-0.099403,-0.156319,-0.480882
1640841540607460096,2.603712,-0.997177,1.531042,0.857053,-0.098951,-0.156371,-0.480850
1640841540610579968,2.603655,-0.996591,1.528691,0.857297,-0.097144,-0.156556,-0.480723
1640841540612569856,2.603610,-0.996202,1.527190,0.857453,-0.095999,-0.156653,-0.480644
1640841540615520000,2.603530,-0.995603,1.524963,0.857683,-0.094318,-0.156767,-0.480529
1640841540617869824,2.603456,-0.995107,1.523187,0.857868,-0.092982,-0.156845,-0.480433
1640841540620579840,2.603358,-0.994515,1.521138,0.858086,-0.091430,-0.156940,-0.480311
1640841540622370048,2.603286,-0.994112,1.519784,0.858234,-0.090395,-0.157009,-0.480221
1640841540627239936,2.603061,-0.992967,1.516097,0.858654,-0.087542,-0.157200,-0.479936
1640841540629159936,2.602961,-0.992496,1.514642,0.858829,-0.086401,-0.157269,-0.479806
1640841540630579968,2.602883,-0.992141,1.513566,0.858963,-0.085553,-0.157316,-0.479704
1640841540632449792,2.602774,-0.991665,1.512149,0.859143,-0.084429,-0.157371,-0.479562
1640841540635740160,2.602566,-0.990801,1.509655,0.859466,-0.082442,-0.157452,-0.479301
1640841540637489920,2.602447,-0.990329,1.508329,0.859638,-0.081384,-0.157488,-0.479162
1640841540640559872,2.602226,-0.989480,1.506002,0.859934,-0.079532,-0.157541,-0.478926
1640841540642449920,2.602080,-0.988944,1.504569,0.860111,-0.078393,-0.157570,-0.478785
1640841540645900032,2.601797,-0.987938,1.501955,0.860433,-0.076303,-0.157626,-0.478526
1640841540647389952,2.601668,-0.987493,1.500826,0.860573,-0.075392,-0.157653,-0.478410
1640841540650990080,2.601338,-0.986392,1.498099,0.860921,-0.073153,-0.157740,-0.478103
1640841540652320000,2.601209,-0.985976,1.497093,0.861054,-0.072308,-0.157781,-0.477977
1640841540655599872,2.600878,-0.984929,1.494611,0.861393,-0.070198,-0.157894,-0.477643
1640841540657469952,2.600680,-0.984319,1.493197,0.861589,-0.068992,-0.157954,-0.477446
1640841540660539904,2.600339,-0.983295,1.490878,0.861907,-0.067034,-0.158019,-0.477129
1640841540662530048,2.600108,-0.982618,1.489376,0.862110,-0.065788,-0.158035,-0.476932
1640841540666299904,2.599649,-0.981305,1.486533,0.862489,-0.063462,-0.158022,-0.476565
1640841540667349760,2.599516,-0.980932,1.485742,0.862595,-0.062821,-0.158011,-0.476463
1640841540670539776,2.599098,-0.979781,1.483341,0.862917,-0.060880,-0.157965,-0.476146
1640841540672279808,2.598861,-0.979142,1.482033,0.863095,-0.059824,-0.157935,-0.475968
1640841540675639808,2.598386,-0.977884,1.479511,0.863441,-0.057786,-0.157864,-0.475615
1640841540677350144,2.598135,-0.977232,1.478229,0.863619,-0.056746,-0.157822,-0.475431
1640841540680659968,2.597633,-0.975948,1.475751,0.863966,-0.054726,-0.157725,-0.475070
1640841540683620096,2.597164,-0.974776,1.473540,0.864278,-0.052904,-0.157621,-0.474742
1640841540685539840,2.596850,-0.974003,1.472108,0.864482,-0.051714,-0.157544,-0.474527
1640841540687379712,2.596541,-0.973253,1.470737,0.864678,-0.050575,-0.157461,-0.474321
1640841540690479872,2.596005,-0.971970,1.468432,0.865006,-0.048684,-0.157297,-0.473975
1640841540692359936,2.595670,-0.971179,1.467037,0.865202,-0.047569,-0.157182,-0.473768
1640841540695639808,2.595067,-0.969779,1.464609,0.865541,-0.045674,-0.156959,-0.473410
1640841540698109952,2.594598,-0.968706,1.462784,0.865791,-0.044256,-0.156788,-0.473143
1640841540700800000,2.594071,-0.967519,1.460802,0.866059,-0.042688,-0.156615,-0.472854
1640841540702439936,2.593742,-0.966787,1.459595,0.866221,-0.041713,-0.156518,-0.472678
1640841540705550080,2.593102,-0.965380,1.457313,0.866523,-0.039838,-0.156337,-0.472344
1640841540707340032,2.592724,-0.964560,1.456003,0.866697,-0.038752,-0.156227,-0.472152
1640841540711239936,2.591875,-0.962744,1.453156,0.867077,-0.036396,-0.155950,-0.471734
1640841540712409856,2.591614,-0.962192,1.452305,0.867191,-0.035694,-0.155857,-0.471609
1640841540716079872,2.590774,-0.960440,1.449641,0.867544,-0.033518,-0.155555,-0.471218
1640841540717389824,2.590467,-0.959806,1.448693,0.867668,-0.032751,-0.155448,-0.471079
1640841540720659968,2.589683,-0.958207,1.446332,0.867969,-0.030859,-0.155198,-0.470735
1640841540722369792,2.589263,-0.957360,1.445101,0.868121,-0.029885,-0.155075,-0.470557
1640841540725519872,2.588472,-0.955783,1.442841,0.868396,-0.028116,-0.154845,-0.470234
1640841540727379968,2.587995,-0.954840,1.441511,0.868557,-0.027088,-0.154695,-0.470048
1640841540730840064,2.587084,-0.953066,1.439046,0.868854,-0.025208,-0.154367,-0.469710
1640841540732640000,2.586600,-0.952132,1.437768,0.869009,-0.024247,-0.154170,-0.469539
1640841540735599872,2.585786,-0.950580,1.435673,0.869263,-0.022690,-0.153816,-0.469263
1640841540737409792,2.585278,-0.949621,1.434397,0.869418,-0.021753,-0.153584,-0.469096
1640841540740569856,2.584373,-0.947930,1.432177,0.869688,-0.020143,-0.153162,-0.468806
1640841540742409984,2.583835,-0.946934,1.430889,0.869843,-0.019217,-0.152910,-0.468638
1640841540745920000,2.582786,-0.945015,1.428442,0.870132,-0.017469,-0.152430,-0.468327
1640841540747729920,2.582234,-0.944015,1.427186,0.870275,-0.016572,-0.152188,-0.468172
1640841540750599936,2.581341,-0.942414,1.425202,0.870491,-0.015149,-0.151820,-0.467938
1640841540752919808,2.580605,-0.941107,1.423605,0.870657,-0.013998,-0.151535,-0.467759
1640841540755549952,2.579755,-0.939612,1.421802,0.870839,-0.012699,-0.151213,-0.467560
1640841540757639936,2.579067,-0.938414,1.420376,0.870983,-0.011673,-0.150952,-0.467403
1640841540760499968,2.578109,-0.936759,1.418432,0.871183,-0.010286,-0.150573,-0.467184
1640841540762429952,2.577451,-0.935632,1.417126,0.871322,-0.009362,-0.150300,-0.467033
1640841540765580032,2.576356,-0.933777,1.415005,0.871549,-0.007874,-0.149829,-0.466788
1640841540767379968,2.575720,-0.932708,1.413799,0.871676,-0.007033,-0.149550,-0.466654
1640841540770619904,2.574554,-0.930768,1.411638,0.871893,-0.005535,-0.149040,-0.466433
1640841540772320000,2.573932,-0.929741,1.410510,0.871999,-0.004756,-0.148770,-0.466328
1640841540775749888,2.572654,-0.927652,1.408246,0.872202,-0.003209,-0.148226,-0.466135
1640841540777410048,2.572025,-0.926633,1.407155,0.872296,-0.002473,-0.147964,-0.466047
1640841540780979968,2.570649,-0.924424,1.404824,0.872492,-0.000926,-0.147404,-0.465863
1640841540782349824,2.570112,-0.923569,1.403934,0.872566,-0.000344,-0.147189,-0.465793
1640841540785869824,2.568711,-0.921357,1.401660,0.872754,0.001127,-0.146622,-0.465618
1640841540787399936,2.568092,-0.920389,1.400677,0.872836,0.001760,-0.146365,-0.465544
1640841540790720000,2.566728,-0.918272,1.398555,0.873014,0.003122,-0.145775,-0.465389
1640841540792359936,2.566044,-0.917219,1.397513,0.873102,0.003791,-0.145466,-0.465316
1640841540795500032,2.564715,-0.915189,1.395530,0.873266,0.005053,-0.144855,-0.465185
1640841540797369856,2.563911,-0.913972,1.394355,0.873360,0.005787,-0.144487,-0.465115
1640841540800549888,2.562524,-0.911888,1.392371,0.873509,0.006999,-0.143867,-0.465011
1640841540803819776,2.561069,-0.909726,1.390346,0.873648,0.008194,-0.143241,-0.464924
1640841540806669824,2.559779,-0.907826,1.388596,0.873760,0.009209,-0.142698,-0.464861
1640841540807419904,2.559436,-0.907324,1.388137,0.873789,0.009474,-0.142553,-0.464846
1640841540810959872,2.557797,-0.904942,1.385985,0.873920,0.010716,-0.141862,-0.464783
1640841540812649984,2.557003,-0.903796,1.384964,0.873982,0.011308,-0.141525,-0.464756
1640841540815840000,2.555483,-0.901622,1.383051,0.874094,0.012421,-0.140877,-0.464714
1640841540817369856,2.554745,-0.900573,1.382139,0.874146,0.012950,-0.140564,-0.464698
1640841540820499968,2.553215,-0.898416,1.380286,0.874244,0.014017,-0.139922,-0.464675
1640841540822360064,2.552293,-0.897126,1.379192,0.874297,0.014640,-0.139542,-0.464670
1640841540825539840,2.550697,-0.894909,1.377337,0.874379,0.015680,-0.138898,-0.464675
1640841540827520000,2.549689,-0.893520,1.376190,0.874426,0.016308,-0.138498,-0.464685
1640841540830859776,2.547966,-0.891164,1.374271,0.874499,0.017330,-0.137820,-0.464712
1640841540832339968,2.547192,-0.890115,1.373426,0.874530,0.017766,-0.137516,-0.464727
1640841540835650048,2.545442,-0.887755,1.371552,0.874596,0.018704,-0.136824,-0.464771
1640841540837619968,2.544386,-0.886343,1.370446,0.874632,0.019236,-0.136402,-0.464805
1640841540840699904,2.542715,-0.884124,1.368730,0.874685,0.020030,-0.135722,-0.464870
1640841540842690048,2.541621,-0.882683,1.367630,0.874717,0.020517,-0.135267,-0.464922
1640841540845559808,2.540026,-0.880595,1.366057,0.874759,0.021193,-0.134594,-0.465008
1640841540847800064,2.538765,-0.878957,1.364840,0.874789,0.021708,-0.134060,-0.465082
1640841540850519808,2.537216,-0.876958,1.363374,0.874823,0.022326,-0.133409,-0.465175
1640841540852300032,2.536191,-0.875645,1.362422,0.874843,0.022730,-0.132983,-0.465240
1640841540855529984,2.534310,-0.873250,1.360710,0.874874,0.023458,-0.132218,-0.465364
1640841540857440000,2.533185,-0.871827,1.359706,0.874887,0.023887,-0.131773,-0.465444
1640841540860600064,2.531301,-0.869463,1.358061,0.874898,0.024592,-0.131054,-0.465590
1640841540864460032,2.528964,-0.866557,1.356078,0.874893,0.025443,-0.130208,-0.465791
1640841540865479936,2.528339,-0.865786,1.355558,0.874888,0.025665,-0.129989,-0.465848
1640841540867319808,2.527206,-0.864392,1.354626,0.874878,0.026061,-0.129599,-0.465955
1640841540870529792,2.525207,-0.861949,1.353016,0.874852,0.026737,-0.128927,-0.466152
1640841540872439808,2.524004,-0.860490,1.352068,0.874833,0.027127,-0.128529,-0.466274
1640841540876859904,2.521183,-0.857095,1.349900,0.874784,0.027992,-0.127608,-0.466569
1640841540877849856,2.520544,-0.856332,1.349420,0.874772,0.028177,-0.127400,-0.466637
1640841540881159936,2.518388,-0.853770,1.347828,0.874732,0.028768,-0.126695,-0.466866
1640841540882350080,2.517606,-0.852846,1.347261,0.874718,0.028972,-0.126439,-0.466950
1640841540885530112,2.515497,-0.850369,1.345760,0.874670,0.029518,-0.125771,-0.467187
1640841540887409920,2.514237,-0.848899,1.344882,0.874633,0.029844,-0.125392,-0.467336
1640841540890669824,2.512030,-0.846340,1.343377,0.874564,0.030382,-0.124736,-0.467607
1640841540892439808,2.510820,-0.844946,1.342569,0.874526,0.030647,-0.124372,-0.467757
1640841540895569920,2.508659,-0.842473,1.341155,0.874460,0.031072,-0.123712,-0.468027
1640841540897649920,2.507209,-0.840823,1.340227,0.874416,0.031327,-0.123265,-0.468210
1640841540900659968,2.505089,-0.838428,1.338900,0.874353,0.031666,-0.122606,-0.468479
1640841540902809856,2.503561,-0.836712,1.337963,0.874307,0.031892,-0.122129,-0.468674
1640841540905969920,2.501292,-0.834180,1.336604,0.874236,0.032208,-0.121423,-0.468968
1640841540910299904,2.498139,-0.830695,1.334776,0.874129,0.032629,-0.120454,-0.469388
1640841540911289856,2.497411,-0.829896,1.334363,0.874102,0.032726,-0.120234,-0.469488
1640841540912320000,2.496651,-0.829063,1.333936,0.874073,0.032829,-0.120005,-0.469593
1640841540915849984,2.494025,-0.826201,1.332490,0.873965,0.033189,-0.119232,-0.469966
1640841540917459968,2.492816,-0.824892,1.331839,0.873912,0.033351,-0.118882,-0.470142
1640841540920600064,2.490439,-0.822333,1.330586,0.873806,0.033644,-0.118206,-0.470488
1640841540922360064,2.489096,-0.820894,1.329892,0.873746,0.033784,-0.117829,-0.470684
1640841540925499904,2.486678,-0.818320,1.328672,0.873642,0.033976,-0.117157,-0.471031
1640841540927419904,2.485187,-0.816743,1.327936,0.873577,0.034075,-0.116745,-0.471246
1640841540930519808,2.482760,-0.814188,1.326765,0.873460,0.034268,-0.116079,-0.471614
1640841540932449792,2.481235,-0.812594,1.326047,0.873379,0.034415,-0.115665,-0.471855
1640841540938400000,2.476475,-0.807659,1.323883,0.873111,0.034871,-0.114406,-0.472623
1640841540940160000,2.475050,-0.806194,1.323258,0.873032,0.034975,-0.114045,-0.472849
1640841540941129984,2.474260,-0.805386,1.322916,0.872989,0.035022,-0.113848,-0.472972
1640841540942359808,2.473256,-0.804359,1.322486,0.872936,0.035073,-0.113601,-0.473126
1640841540945649920,2.470551,-0.801609,1.321352,0.872793,0.035175,-0.112944,-0.473540
1640841540947449856,2.469059,-0.800100,1.320742,0.872713,0.035219,-0.112583,-0.473769
1640841540950599936,2.466429,-0.797455,1.319691,0.872566,0.035299,-0.111942,-0.474185
1640841540952469760,2.464855,-0.795881,1.319077,0.872475,0.035352,-0.111555,-0.474441
1640841540955729920,2.462090,-0.793132,1.318027,0.872307,0.035453,-0.110874,-0.474901
1640841540957360128,2.460698,-0.791754,1.317510,0.872220,0.035504,-0.110534,-0.475136
1640841540960499968,2.457996,-0.789095,1.316533,0.872047,0.035600,-0.109888,-0.475596
1640841540962390016,2.456358,-0.787492,1.315955,0.871940,0.035655,-0.109507,-0.475875
1640841540965600000,2.453556,-0.784763,1.314992,0.871754,0.035740,-0.108872,-0.476355
1640841540967749888,2.451664,-0.782932,1.314360,0.871627,0.035792,-0.108454,-0.476679
1640841540972219904,2.447695,-0.779116,1.313079,0.871357,0.035887,-0.107601,-0.477358
1640841540974729984,2.445444,-0.776968,1.312380,0.871201,0.035934,-0.107131,-0.477745
1640841540975520000,2.444732,-0.776291,1.312163,0.871151,0.035949,-0.106985,-0.477867
1640841540977360128,2.443069,-0.774713,1.311662,0.871034,0.035984,-0.106646,-0.478155
1640841540980679936,2.440047,-0.771861,1.310779,0.870815,0.036051,-0.106045,-0.478681
1640841540982419968,2.438452,-0.770364,1.310327,0.870698,0.036088,-0.105733,-0.478961
1640841540985570048,2.435546,-0.767649,1.309525,0.870480,0.036151,-0.105167,-0.479476
1640841540987579904,2.433679,-0.765915,1.309025,0.870339,0.036185,-0.104800,-0.479809
1640841540990520064,2.430931,-0.763373,1.308310,0.870132,0.036219,-0.104250,-0.480302
1640841540992329728,2.429229,-0.761807,1.307880,0.870004,0.036230,-0.103903,-0.480609
1640841540995489792,2.426239,-0.759068,1.307147,0.869778,0.036231,-0.103291,-0.481150
1640841540997769728,2.424066,-0.757089,1.306632,0.869613,0.036221,-0.102853,-0.481542
1640841541000539904,2.421410,-0.754681,1.306022,0.869409,0.036201,-0.102337,-0.482021
1640841541002660096,2.419365,-0.752835,1.305568,0.869251,0.036183,-0.101954,-0.482389
1640841541005649920,2.416464,-0.750230,1.304944,0.869025,0.036161,-0.101423,-0.482909
1640841541007449856,2.414707,-0.748659,1.304578,0.868888,0.036154,-0.101103,-0.483223
1640841541010710016,2.411505,-0.745811,1.303935,0.868638,0.036158,-0.100515,-0.483794
1640841541012339712,2.409896,-0.744386,1.303622,0.868513,0.036171,-0.100214,-0.484081
1640841541015599872,2.406658,-0.741531,1.303015,0.868256,0.036220,-0.099608,-0.484662
1640841541017699840,2.404559,-0.739690,1.302637,0.868086,0.036267,-0.099217,-0.485044
1640841541020730112,2.401514,-0.737031,1.302108,0.867829,0.036355,-0.098660,-0.485610
1640841541022369792,2.399857,-0.735591,1.301831,0.867686,0.036412,-0.098363,-0.485922
1640841541025669888,2.396504,-0.732689,1.301292,0.867391,0.036544,-0.097774,-0.486556
1640841541027420160,2.394716,-0.731149,1.301016,0.867235,0.036622,-0.097467,-0.486891
1640841541030979840,2.391059,-0.728012,1.300476,0.866920,0.036793,-0.096851,-0.487560
1640841541032339712,2.389654,-0.726813,1.300277,0.866802,0.036863,-0.096619,-0.487812
1640841541035620096,2.386250,-0.723917,1.299815,0.866517,0.037036,-0.096065,-0.488413
1640841541037420032,2.384372,-0.722327,1.299571,0.866360,0.037135,-0.095763,-0.488744
1640841541040599808,2.381037,-0.719515,1.299159,0.866077,0.037312,-0.095235,-0.489335
1640841541042379776,2.379161,-0.717940,1.298938,0.865915,0.037411,-0.094941,-0.489670
1640841541045629952,2.375717,-0.715062,1.298553,0.865616,0.037586,-0.094403,-0.490290
1640841541047430144,2.373801,-0.713466,1.298349,0.865449,0.037677,-0.094102,-0.490635
1640841541052039936,2.368861,-0.709376,1.297862,0.865023,0.037876,-0.093319,-0.491520
1640841541052969984,2.367860,-0.708550,1.297769,0.864937,0.037911,-0.093159,-0.491699
1640841541055749888,2.364854,-0.706080,1.297503,0.864681,0.038010,-0.092680,-0.492232
1640841541057390080,2.363074,-0.704623,1.297354,0.864530,0.038066,-0.092396,-0.492546
1640841541060659968,2.359508,-0.701714,1.297075,0.864229,0.038175,-0.091833,-0.493170
1640841541062350080,2.357656,-0.700209,1.296940,0.864073,0.038232,-0.091544,-0.493493
1640841541065579776,2.354101,-0.697333,1.296699,0.863770,0.038345,-0.091002,-0.494115
1640841541067649792,2.351812,-0.695488,1.296556,0.863571,0.038422,-0.090663,-0.494520
1640841541070679808,2.348446,-0.692786,1.296364,0.863268,0.038540,-0.090183,-0.495126
1640841541072480000,2.346438,-0.691180,1.296260,0.863083,0.038612,-0.089906,-0.495493
1640841541075559936,2.342987,-0.688431,1.296097,0.862761,0.038732,-0.089442,-0.496129
1640841541077449984,2.340861,-0.686742,1.296007,0.862561,0.038801,-0.089160,-0.496522
1640841541080610048,2.337290,-0.683919,1.295873,0.862227,0.038902,-0.088690,-0.497177
1640841541083000064,2.334577,-0.681782,1.295786,0.861978,0.038964,-0.088333,-0.497669
1640841541085479936,2.331750,-0.679564,1.295708,0.861720,0.039019,-0.087965,-0.498176
1640841541087379968,2.329576,-0.677864,1.295657,0.861523,0.039057,-0.087687,-0.498562
1640841541090659840,2.325808,-0.674929,1.295587,0.861182,0.039119,-0.087222,-0.499226
1640841541092369920,2.323836,-0.673397,1.295560,0.861005,0.039150,-0.086987,-0.499572
1640841541095490048,2.320223,-0.670603,1.295525,0.860679,0.039206,-0.086563,-0.500202
1640841541097629952,2.317735,-0.668686,1.295513,0.860453,0.039242,-0.086274,-0.500637
1640841541100519936,2.314363,-0.666096,1.295511,0.860146,0.039286,-0.085879,-0.501228
1640841541102700032,2.311809,-0.664142,1.295520,0.859913,0.039315,-0.085574,-0.501678
1640841541105579776,2.308422,-0.661559,1.295548,0.859605,0.039345,-0.085159,-0.502274
1640841541107450112,2.306215,-0.659882,1.295575,0.859406,0.039357,-0.084880,-0.502661
1640841541110540032,2.302555,-0.657111,1.295634,0.859081,0.039360,-0.084400,-0.503296
1640841541112379904,2.300367,-0.655460,1.295679,0.858891,0.039353,-0.084102,-0.503671
1640841541115559936,2.296574,-0.652607,1.295772,0.858565,0.039337,-0.083576,-0.504316
1640841541117499904,2.294251,-0.650867,1.295838,0.858365,0.039332,-0.083255,-0.504709
1640841541120489728,2.290658,-0.648184,1.295954,0.858054,0.039345,-0.082771,-0.505316
1640841541122339840,2.288428,-0.646523,1.296035,0.857858,0.039372,-0.082483,-0.505693
1640841541125619968,2.284460,-0.643580,1.296194,0.857502,0.039455,-0.081992,-0.506371
1640841541127470080,2.282214,-0.641920,1.296292,0.857296,0.039507,-0.081710,-0.506760
1640841541131079936,2.277816,-0.638680,1.296504,0.856887,0.039584,-0.081118,-0.507541
1640841541132459776,2.276129,-0.637442,1.296591,0.856728,0.039605,-0.080877,-0.507845
1640841541137879808,2.269475,-0.632580,1.296967,0.856111,0.039674,-0.079886,-0.509036
1640841541138479872,2.268735,-0.632041,1.297012,0.856044,0.039683,-0.079775,-0.509165
1640841541140460032,2.266291,-0.630265,1.297166,0.855826,0.039716,-0.079410,-0.509586
1640841541142360064,2.263940,-0.628561,1.297319,0.855621,0.039755,-0.079062,-0.509982
1640841541145720064,2.259769,-0.625549,1.297607,0.855262,0.039835,-0.078450,-0.510672
1640841541147449856,2.257614,-0.623998,1.297763,0.855077,0.039880,-0.078135,-0.511027
1640841541150650112,2.253617,-0.621130,1.298065,0.854728,0.039965,-0.077550,-0.511691
1640841541152369920,2.251462,-0.619589,1.298235,0.854536,0.040011,-0.077233,-0.512056
1640841541155529984,2.247492,-0.616759,1.298561,0.854178,0.040089,-0.076637,-0.512737
1640841541157389824,2.245149,-0.615094,1.298761,0.853968,0.040129,-0.076275,-0.513139
1640841541160579840,2.241118,-0.612238,1.299118,0.853612,0.040185,-0.075626,-0.513821
1640841541162690048,2.238444,-0.610351,1.299363,0.853386,0.040210,-0.075172,-0.514262
1640841541165769728,2.234529,-0.607597,1.299734,0.853064,0.040241,-0.074485,-0.514893
1640841541167429888,2.232413,-0.606113,1.299941,0.852892,0.040262,-0.074110,-0.515230
1640841541171209728,2.227581,-0.602736,1.300429,0.852496,0.040348,-0.073268,-0.515999
1640841541172740096,2.225619,-0.601369,1.300633,0.852332,0.040399,-0.072935,-0.516313
1640841541175500032,2.222073,-0.598906,1.301010,0.852032,0.040511,-0.072341,-0.516881
1640841541177499904,2.219497,-0.597122,1.301291,0.851813,0.040603,-0.071913,-0.517296
1640841541180640000,2.215442,-0.594323,1.301745,0.851464,0.040759,-0.071239,-0.517951
1640841541182739968,2.212722,-0.592452,1.302057,0.851228,0.040870,-0.070786,-0.518392
1640841541185519872,2.209113,-0.589977,1.302481,0.850913,0.041031,-0.070185,-0.518977
1640841541187459840,2.206589,-0.588250,1.302784,0.850692,0.041157,-0.069766,-0.519386
1640841541190439936,2.202701,-0.585601,1.303260,0.850350,0.041376,-0.069126,-0.520014
1640841541192620032,2.199850,-0.583664,1.303617,0.850098,0.041558,-0.068661,-0.520472
1640841541197559808,2.193368,-0.579279,1.304451,0.849527,0.042005,-0.067600,-0.521507
1640841541198969856,2.191513,-0.578029,1.304696,0.849365,0.042133,-0.067292,-0.521800
1640841541200519936,2.189470,-0.576656,1.304968,0.849189,0.042270,-0.066948,-0.522121
1640841541203689728,2.185283,-0.573849,1.305535,0.848830,0.042539,-0.066227,-0.522774
1640841541205709824,2.182608,-0.572062,1.305904,0.848602,0.042704,-0.065758,-0.523189
1640841541207719936,2.179942,-0.570284,1.306276,0.848376,0.042867,-0.065282,-0.523602
1640841541210670080,2.176021,-0.567679,1.306833,0.848042,0.043103,-0.064571,-0.524211
1640841541212339968,2.173797,-0.566205,1.307154,0.847854,0.043237,-0.064160,-0.524555
1640841541215559936,2.169499,-0.563366,1.307782,0.847491,0.043495,-0.063349,-0.525218
1640841541217530112,2.166863,-0.561631,1.308173,0.847271,0.043652,-0.062839,-0.525622
1640841541220880128,2.162372,-0.558684,1.308849,0.846900,0.043921,-0.061945,-0.526302
1640841541222759936,2.159846,-0.557032,1.309235,0.846695,0.044073,-0.061430,-0.526680
1640841541225590016,2.156036,-0.554548,1.309825,0.846388,0.044304,-0.060646,-0.527245
1640841541227429888,2.153554,-0.552935,1.310213,0.846188,0.044455,-0.060137,-0.527610
1640841541230520064,2.149378,-0.550228,1.310875,0.845854,0.044713,-0.059291,-0.528220
1640841541232379904,2.146859,-0.548601,1.311278,0.845651,0.044871,-0.058794,-0.528587
1640841541235589888,2.142504,-0.545796,1.311985,0.845298,0.045150,-0.057964,-0.529219
1640841541237929728,2.139323,-0.543754,1.312507,0.845038,0.045366,-0.057361,-0.529681
1640841541240569856,2.135727,-0.541454,1.313105,0.844741,0.045628,-0.056653,-0.530208
1640841541243419904,2.131837,-0.538973,1.313758,0.844418,0.045939,-0.055845,-0.530782
1640841541245499904,2.128993,-0.537166,1.314240,0.844181,0.046179,-0.055242,-0.531200
1640841541247369984,2.126432,-0.535542,1.314678,0.843969,0.046402,-0.054703,-0.531574
1640841541250599936,2.122001,-0.532742,1.315443,0.843606,0.046797,-0.053801,-0.532207
1640841541252389888,2.119541,-0.531192,1.315872,0.843406,0.047018,-0.053318,-0.532553
1640841541255659776,2.115040,-0.528366,1.316663,0.843043,0.047423,-0.052449,-0.533177
1640841541257669888,2.112268,-0.526631,1.317155,0.842820,0.047671,-0.051913,-0.533560
1640841541260720128,2.108055,-0.524003,1.317909,0.842480,0.048043,-0.051079,-0.534144
1640841541262400000,2.105731,-0.522557,1.318328,0.842291,0.048245,-0.050605,-0.534469
1640841541265499904,2.101436,-0.519894,1.319108,0.841941,0.048614,-0.049710,-0.535071
1640841541267439872,2.098743,-0.518230,1.319601,0.841722,0.048847,-0.049146,-0.535446
1640841541270629888,2.094309,-0.515498,1.320420,0.841365,0.049237,-0.048230,-0.536055
1640841541273589760,2.090187,-0.512968,1.321187,0.841036,0.049604,-0.047390,-0.536611
1640841541275630080,2.087342,-0.511228,1.321720,0.840811,0.049856,-0.046812,-0.536991
1640841541277429760,2.084829,-0.509695,1.322193,0.840613,0.050076,-0.046299,-0.537326
1640841541280719872,2.080229,-0.506896,1.323066,0.840252,0.050468,-0.045347,-0.537935
1640841541282339840,2.077961,-0.505521,1.323498,0.840074,0.050657,-0.044870,-0.538234
1640841541285580032,2.073418,-0.502776,1.324370,0.839721,0.051032,-0.043897,-0.538830
1640841541287510016,2.070708,-0.501143,1.324893,0.839511,0.051256,-0.043303,-0.539183
1640841541291119872,2.065632,-0.498096,1.325879,0.839122,0.051682,-0.042162,-0.539839
1640841541294009856,2.061561,-0.495663,1.326675,0.838811,0.052033,-0.041224,-0.540361
1640841541295509760,2.059446,-0.494402,1.327091,0.838649,0.052219,-0.040732,-0.540631
1640841541297449728,2.056708,-0.492774,1.327631,0.838439,0.052464,-0.040096,-0.540981
1640841541300459776,2.052454,-0.490253,1.328473,0.838108,0.052855,-0.039112,-0.541527
1640841541302559744,2.049483,-0.488498,1.329065,0.837875,0.053134,-0.038430,-0.541909
1640841541306919936,2.043305,-0.484863,1.330301,0.837387,0.053720,-0.037024,-0.542702
1640841541307760128,2.042114,-0.484164,1.330541,0.837293,0.053833,-0.036754,-0.542855
1640841541311529984,2.036760,-0.481035,1.331622,0.836874,0.054333,-0.035544,-0.543531
1640841541312359936,2.035580,-0.480347,1.331861,0.836783,0.054441,-0.035277,-0.543679
1640841541315579904,2.030999,-0.477685,1.332791,0.836430,0.054855,-0.034237,-0.544245
1640841541317379840,2.028435,-0.476200,1.333314,0.836234,0.055085,-0.033648,-0.544560
1640841541320849920,2.023487,-0.473344,1.334327,0.835857,0.055531,-0.032490,-0.545165
1640841541322569728,2.021032,-0.471931,1.334831,0.835669,0.055755,-0.031905,-0.545464
1640841541326690048,2.015145,-0.468558,1.336045,0.835219,0.056301,-0.030499,-0.546177
1640841541327729920,2.013657,-0.467708,1.336352,0.835105,0.056442,-0.030146,-0.546356
1640841541330769920,2.009305,-0.465230,1.337254,0.834773,0.056859,-0.029128,-0.546875
1640841541332460032,2.006884,-0.463856,1.337757,0.834589,0.057093,-0.028570,-0.547161
1640841541335579904,2.002410,-0.461324,1.338689,0.834253,0.057518,-0.027541,-0.547681
1640841541337719808,1.999339,-0.459593,1.339330,0.834026,0.057796,-0.026831,-0.548033
1640841541341689856,1.993636,-0.456390,1.340524,0.833617,0.058266,-0.025479,-0.548671
1640841541342540032,1.992413,-0.455706,1.340781,0.833531,0.058357,-0.025181,-0.548804
1640841541345520128,1.988126,-0.453313,1.341682,0.833240,0.058636,-0.024106,-0.549265
1640841541347759872,1.984901,-0.451519,1.342361,0.833029,0.058805,-0.023261,-0.549603
1640841541350529792,1.980910,-0.449307,1.343202,0.832765,0.059018,-0.022210,-0.550024
1640841541352419840,1.978185,-0.447802,1.343778,0.832572,0.059210,-0.021519,-0.550323
1640841541355899904,1.973164,-0.445038,1.344840,0.832188,0.059668,-0.020313,-0.550899
1640841541357829888,1.970377,-0.443510,1.345430,0.831971,0.059938,-0.019651,-0.551221
1640841541360569856,1.966418,-0.441346,1.346270,0.831674,0.060288,-0.018684,-0.551665
1640841541362489856,1.963642,-0.439834,1.346859,0.831475,0.060504,-0.017984,-0.551965
1640841541365479936,1.959317,-0.437485,1.347778,0.831173,0.060810,-0.016879,-0.552420
1640841541367419904,1.956509,-0.435966,1.348375,0.830980,0.061001,-0.016162,-0.552711
1640841541370619904,1.951875,-0.433468,1.349361,0.830659,0.061326,-0.015004,-0.553190
1640841541373230080,1.948092,-0.431437,1.350166,0.830390,0.061622,-0.014102,-0.553585
1640841541375549952,1.944729,-0.429638,1.350882,0.830141,0.061920,-0.013344,-0.553944
1640841541377479936,1.941929,-0.428145,1.351479,0.829931,0.062177,-0.012725,-0.554244
1640841541380610048,1.937387,-0.425731,1.352446,0.829600,0.062559,-0.011681,-0.554720
1640841541382390016,1.934803,-0.424362,1.352997,0.829419,0.062747,-0.011054,-0.554982
1640841541385469952,1.930330,-0.422002,1.353950,0.829114,0.063036,-0.009935,-0.555426
1640841541387599872,1.927235,-0.420375,1.354609,0.828908,0.063216,-0.009148,-0.555726
1640841541390539776,1.922962,-0.418136,1.355519,0.828626,0.063453,-0.008066,-0.556137
1640841541392480000,1.920141,-0.416664,1.356120,0.828440,0.063605,-0.007357,-0.556406
1640841541395569920,1.915646,-0.414327,1.357076,0.828144,0.063842,-0.006229,-0.556833
1640841541397569792,1.912736,-0.412819,1.357695,0.827953,0.063991,-0.005495,-0.557108
1640841541400579840,1.908355,-0.410557,1.358625,0.827664,0.064212,-0.004379,-0.557521
1640841541402629888,1.905371,-0.409023,1.359259,0.827467,0.064360,-0.003612,-0.557802
1640841541406589952,1.899604,-0.406070,1.360481,0.827087,0.064647,-0.002126,-0.558339
1640841541408000000,1.897550,-0.405023,1.360916,0.826952,0.064751,-0.001600,-0.558529
1640841541410519808,1.893879,-0.403156,1.361692,0.826711,0.064939,-0.000668,-0.558866
1640841541414889728,1.887511,-0.399935,1.363036,0.826295,0.065275,0.000913,-0.559441
1640841541415619840,1.886447,-0.399398,1.363260,0.826226,0.065331,0.001173,-0.559537
1640841541417969920,1.883021,-0.397676,1.363981,0.826002,0.065509,0.001999,-0.559843
1640841541420539904,1.879274,-0.395800,1.364769,0.825757,0.065698,0.002885,-0.560179
1640841541422799872,1.875979,-0.394155,1.365460,0.825541,0.065854,0.003650,-0.560475
1640841541425799936,1.871605,-0.391981,1.366375,0.825254,0.066055,0.004651,-0.560867
1640841541427419904,1.869243,-0.390811,1.366868,0.825100,0.066163,0.005189,-0.561076
1640841541430990080,1.864037,-0.388242,1.367953,0.824766,0.066411,0.006378,-0.561525
1640841541432440064,1.861922,-0.387203,1.368393,0.824632,0.066512,0.006862,-0.561704
1640841541436120064,1.856555,-0.384575,1.369505,0.824295,0.066752,0.008085,-0.562154
1640841541438069760,1.853712,-0.383190,1.370093,0.824116,0.066860,0.008728,-0.562393
1640841541440539904,1.850110,-0.381440,1.370835,0.823889,0.066971,0.009535,-0.562700
1640841541442459904,1.847310,-0.380084,1.371411,0.823712,0.067038,0.010156,-0.562941
1640841541445519872,1.842849,-0.377933,1.372326,0.823430,0.067124,0.011142,-0.563324
1640841541447640064,1.839758,-0.376448,1.372957,0.823236,0.067177,0.011825,-0.563586
1640841541450749952,1.835224,-0.374279,1.373881,0.822957,0.067258,0.012835,-0.563962
1640841541452559872,1.832586,-0.373022,1.374416,0.822798,0.067307,0.013428,-0.564175
1640841541455579904,1.828184,-0.370933,1.375306,0.822539,0.067370,0.014428,-0.564520
1640841541457469952,1.825431,-0.369631,1.375861,0.822381,0.067387,0.015063,-0.564731
1640841541460549888,1.820944,-0.367517,1.376762,0.822132,0.067355,0.016111,-0.565068
1640841541467569920,1.810721,-0.362740,1.378797,0.821581,0.067086,0.018534,-0.565827
1640841541468099840,1.809949,-0.362382,1.378949,0.821539,0.067063,0.018716,-0.565886
1640841541468519936,1.809338,-0.362098,1.379070,0.821505,0.067046,0.018860,-0.565932
1640841541471000064,1.805728,-0.360427,1.379782,0.821301,0.066954,0.019703,-0.566210
1640841541473579776,1.801975,-0.358695,1.380518,0.821081,0.066879,0.020563,-0.566506
1640841541475539968,1.799123,-0.357385,1.381075,0.820913,0.066832,0.021203,-0.566733
1640841541477489920,1.796288,-0.356086,1.381627,0.820744,0.066791,0.021825,-0.566958
1640841541480519936,1.791883,-0.354077,1.382480,0.820485,0.066730,0.022759,-0.567303
1640841541483289856,1.787857,-0.352249,1.383254,0.820253,0.066674,0.023578,-0.567612
1640841541486099968,1.783775,-0.350403,1.384035,0.820019,0.066614,0.024382,-0.567923
1640841541487429888,1.781844,-0.349533,1.384403,0.819909,0.066586,0.024757,-0.568070
1640841541490520064,1.777358,-0.347520,1.385253,0.819650,0.066518,0.025616,-0.568413
1640841541492409856,1.774616,-0.346293,1.385769,0.819489,0.066476,0.026137,-0.568627
1640841541495640064,1.769931,-0.344208,1.386646,0.819209,0.066400,0.027024,-0.568997
1640841541497599744,1.767090,-0.342948,1.387175,0.819038,0.066350,0.027557,-0.569223
1640841541500550144,1.762814,-0.341060,1.387965,0.818781,0.066266,0.028347,-0.569564
1640841541502810112,1.759541,-0.339621,1.388566,0.818586,0.066192,0.028940,-0.569822
1640841541505849856,1.755141,-0.337695,1.389368,0.818330,0.066077,0.029716,-0.570163
1640841541507439872,1.752840,-0.336691,1.389784,0.818200,0.066009,0.030110,-0.570338
1640841541510569728,1.748313,-0.334725,1.390599,0.817947,0.065869,0.030859,-0.570677
1640841541513729792,1.743746,-0.332751,1.391413,0.817696,0.065717,0.031590,-0.571014
1640841541515849728,1.740684,-0.331434,1.391954,0.817528,0.065606,0.032073,-0.571240
1640841541517540096,1.738244,-0.330387,1.392383,0.817395,0.065510,0.032459,-0.571419
1640841541520989952,1.733267,-0.328262,1.393251,0.817122,0.065289,0.033257,-0.571789
1640841541522560000,1.731003,-0.327299,1.393643,0.816997,0.065178,0.033626,-0.571959
1640841541525580032,1.726650,-0.325455,1.394390,0.816756,0.064949,0.034330,-0.572287
1640841541527520000,1.723856,-0.324276,1.394865,0.816602,0.064796,0.034769,-0.572497
1640841541530819840,1.719107,-0.322281,1.395666,0.816344,0.064534,0.035468,-0.572852
1640841541533779968,1.714850,-0.320503,1.396376,0.816114,0.064296,0.036050,-0.573170
1640841541537600000,1.709362,-0.318223,1.397279,0.815816,0.063974,0.036764,-0.573585
1640841541538830080,1.707596,-0.317492,1.397567,0.815719,0.063866,0.036989,-0.573721
1640841541540539904,1.705142,-0.316480,1.397965,0.815583,0.063711,0.037302,-0.573912
1640841541542379776,1.702503,-0.315394,1.398390,0.815434,0.063539,0.037637,-0.574120
1640841541545739776,1.697688,-0.313422,1.399157,0.815160,0.063218,0.038242,-0.574504
1640841541547619840,1.694996,-0.312324,1.399581,0.815005,0.063037,0.038574,-0.574721
1640841541551110144,1.690002,-0.310297,1.400359,0.814717,0.062706,0.039177,-0.575125
1640841541552399872,1.688158,-0.309551,1.400643,0.814611,0.062585,0.039394,-0.575275
1640841541555569920,1.683628,-0.307727,1.401334,0.814349,0.062286,0.039914,-0.575641
1640841541557469952,1.680916,-0.306639,1.401743,0.814193,0.062104,0.040215,-0.575861
1640841541560559872,1.676508,-0.304879,1.402400,0.813941,0.061798,0.040689,-0.576217
1640841541562709760,1.673445,-0.303662,1.402850,0.813767,0.061574,0.041006,-0.576464
1640841541565609984,1.669315,-0.302027,1.403450,0.813536,0.061258,0.041418,-0.576794
1640841541567879936,1.666086,-0.300755,1.403913,0.813359,0.060996,0.041731,-0.577049
1640841541572019712,1.660203,-0.298450,1.404743,0.813046,0.060483,0.042283,-0.577504
1640841541572689920,1.659252,-0.298078,1.404875,0.812996,0.060396,0.042370,-0.577576
1640841541575689984,1.654995,-0.296422,1.405461,0.812776,0.059999,0.042756,-0.577900
1640841541577730048,1.652104,-0.295303,1.405854,0.812625,0.059724,0.043014,-0.578120
1640841541580770048,1.647799,-0.293642,1.406430,0.812398,0.059315,0.043393,-0.578454
1640841541582690048,1.645083,-0.292599,1.406788,0.812252,0.059056,0.043629,-0.578667
1640841541585969920,1.640447,-0.290827,1.407389,0.812002,0.058612,0.044022,-0.579033
1640841541587440128,1.638371,-0.290037,1.407654,0.811890,0.058410,0.044193,-0.579197
1640841541590739968,1.633716,-0.288273,1.408240,0.811640,0.057951,0.044562,-0.579566
1640841541592480000,1.631264,-0.287347,1.408543,0.811509,0.057706,0.044748,-0.579760
1640841541595549696,1.626942,-0.285722,1.409069,0.811276,0.057274,0.045060,-0.580105
1640841541597499904,1.624199,-0.284696,1.409397,0.811126,0.057001,0.045247,-0.580326
1640841541600499968,1.619984,-0.283126,1.409892,0.810891,0.056589,0.045517,-0.580673
1640841541602899968,1.616616,-0.281876,1.410280,0.810699,0.056266,0.045719,-0.580956
1640841541605659904,1.612747,-0.280448,1.410716,0.810474,0.055902,0.045945,-0.581289
1640841541607559936,1.610086,-0.279469,1.411011,0.810315,0.055655,0.046099,-0.581522
1640841541610859776,1.605469,-0.277780,1.411512,0.810033,0.055231,0.046369,-0.581933
1640841541612640000,1.602982,-0.276873,1.411776,0.809879,0.055005,0.046513,-0.582158
1640841541615520000,1.598962,-0.275414,1.412194,0.809628,0.054639,0.046738,-0.582523
1640841541617789952,1.595797,-0.274270,1.412516,0.809431,0.054352,0.046899,-0.582810
1640841541620579840,1.591911,-0.272873,1.412902,0.809193,0.053997,0.047070,-0.583160
1640841541622439936,1.589323,-0.271946,1.413154,0.809036,0.053759,0.047165,-0.583391
1640841541625639936,1.584876,-0.270359,1.413576,0.808767,0.053346,0.047305,-0.583791
1640841541627899904,1.581739,-0.269246,1.413865,0.808573,0.053051,0.047396,-0.584080
1640841541630519808,1.578107,-0.267962,1.414192,0.808339,0.052703,0.047504,-0.584426
1640841541632409856,1.575490,-0.267040,1.414422,0.808166,0.052447,0.047585,-0.584682
1640841541635959808,1.570580,-0.265319,1.414840,0.807837,0.051949,0.047739,-0.585168
1640841541638180096,1.567513,-0.264250,1.415092,0.807633,0.051622,0.047837,-0.585471
1640841541640659712,1.564092,-0.263062,1.415366,0.807410,0.051241,0.047946,-0.585803
1640841541642969856,1.560908,-0.261961,1.415613,0.807206,0.050873,0.048045,-0.586108
1640841541645550080,1.557357,-0.260738,1.415881,0.806980,0.050450,0.048152,-0.586446
1640841541647480064,1.554703,-0.259827,1.416074,0.806811,0.050128,0.048229,-0.586700
1640841541651259904,1.549513,-0.258055,1.416438,0.806478,0.049491,0.048365,-0.587201
1640841541652719872,1.547511,-0.257375,1.416573,0.806348,0.049243,0.048414,-0.587397
1640841541655670016,1.543471,-0.256007,1.416837,0.806080,0.048739,0.048506,-0.587798
1640841541657659904,1.540748,-0.255089,1.417007,0.805897,0.048397,0.048566,-0.588072
1640841541660610048,1.536717,-0.253736,1.417249,0.805621,0.047886,0.048652,-0.588485
1640841541662679808,1.533893,-0.252792,1.417412,0.805424,0.047527,0.048709,-0.588779
1640841541665819904,1.529613,-0.251368,1.417646,0.805122,0.046985,0.048790,-0.589229
1640841541667490048,1.527340,-0.250614,1.417765,0.804960,0.046701,0.048828,-0.589470
1640841541671219712,1.522270,-0.248941,1.418016,0.804596,0.046084,0.048893,-0.590009
1640841541672469760,1.520573,-0.248384,1.418095,0.804474,0.045883,0.048910,-0.590190
1640841541676029952,1.515745,-0.246804,1.418309,0.804125,0.045317,0.048946,-0.590706
1640841541677529856,1.513714,-0.246143,1.418393,0.803977,0.045080,0.048958,-0.590924
1640841541680689920,1.509440,-0.244755,1.418560,0.803664,0.044579,0.048981,-0.591387
1640841541682429952,1.507090,-0.243996,1.418645,0.803490,0.044300,0.048991,-0.591643
1640841541685550080,1.502880,-0.242641,1.418787,0.803177,0.043794,0.048999,-0.592105
1640841541688799744,1.498503,-0.241239,1.418920,0.802850,0.043258,0.048980,-0.592589
1640841541690959872,1.495598,-0.240313,1.418999,0.802632,0.042897,0.048946,-0.592913
1640841541693420032,1.492294,-0.239263,1.419081,0.802385,0.042480,0.048890,-0.593283
1640841541695579904,1.489395,-0.238346,1.419146,0.802167,0.042110,0.048833,-0.593607
1640841541697449984,1.486889,-0.237556,1.419196,0.801980,0.041786,0.048782,-0.593887
1640841541700539904,1.482754,-0.236257,1.419268,0.801672,0.041244,0.048704,-0.594348
1640841541702519808,1.480107,-0.235429,1.419306,0.801475,0.040892,0.048659,-0.594642
1640841541705789952,1.475742,-0.234069,1.419357,0.801148,0.040310,0.048583,-0.595127
1640841541708669952,1.471904,-0.232880,1.419388,0.800858,0.039799,0.048499,-0.595559
1640841541710589952,1.469349,-0.232091,1.419402,0.800662,0.039463,0.048429,-0.595850
1640841541712569856,1.466716,-0.231280,1.419410,0.800458,0.039120,0.048340,-0.596155
1640841541715600128,1.462693,-0.230047,1.419412,0.800141,0.038607,0.048181,-0.596626
1640841541717419776,1.460280,-0.229310,1.419406,0.799949,0.038305,0.048079,-0.596911
1640841541720919808,1.455646,-0.227900,1.419382,0.799580,0.037737,0.047883,-0.597457
1640841541722579968,1.453452,-0.227235,1.419364,0.799406,0.037473,0.047795,-0.597714
1640841541725600000,1.449464,-0.226031,1.419320,0.799088,0.036991,0.047642,-0.598181
1640841541727539968,1.446905,-0.225262,1.419285,0.798882,0.036676,0.047549,-0.598483
1640841541731200000,1.442086,-0.223818,1.419204,0.798489,0.036056,0.047380,-0.599057
1640841541732470016,1.440416,-0.223320,1.419171,0.798352,0.035834,0.047322,-0.599259
1640841541735980032,1.435807,-0.221949,1.419067,0.797970,0.035217,0.047145,-0.599818
1640841541737890048,1.433303,-0.221208,1.419003,0.797762,0.034888,0.047032,-0.600123
1640841541741169920,1.429009,-0.219941,1.418881,0.797407,0.034348,0.046799,-0.600644
1640841541742609920,1.427126,-0.219387,1.418822,0.797251,0.034121,0.046682,-0.600872
1640841541745539840,1.423299,-0.218266,1.418693,0.796935,0.033671,0.046428,-0.601337
1640841541747469824,1.420782,-0.217530,1.418601,0.796726,0.033381,0.046252,-0.601644
1640841541750520064,1.416810,-0.216374,1.418444,0.796392,0.032926,0.045970,-0.602132
1640841541753419776,1.413039,-0.215281,1.418283,0.796072,0.032492,0.045702,-0.602598
1640841541755709952,1.410066,-0.214423,1.418146,0.795819,0.032146,0.045491,-0.602967
1640841541757519872,1.407719,-0.213747,1.418033,0.795620,0.031870,0.045325,-0.603257
1640841541760499968,1.403859,-0.212639,1.417837,0.795294,0.031405,0.045051,-0.603731
1640841541762589952,1.401157,-0.211865,1.417691,0.795068,0.031073,0.044859,-0.604060
1640841541765580032,1.397295,-0.210765,1.417472,0.794746,0.030586,0.044579,-0.604530
1640841541767449856,1.394884,-0.210079,1.417328,0.794545,0.030275,0.044399,-0.604822
1640841541770819840,1.390545,-0.208850,1.417056,0.794183,0.029701,0.044059,-0.605351
1640841541772839936,1.387947,-0.208117,1.416885,0.793966,0.029350,0.043844,-0.605669
1640841541775579904,1.384429,-0.207127,1.416644,0.793668,0.028870,0.043537,-0.606104
1640841541777499904,1.381968,-0.206436,1.416469,0.793458,0.028541,0.043315,-0.606410
1640841541780969984,1.377525,-0.205194,1.416139,0.793073,0.027981,0.042902,-0.606970
1640841541782539776,1.375518,-0.204634,1.415984,0.792896,0.027745,0.042713,-0.607224
1640841541785600000,1.371611,-0.203548,1.415672,0.792551,0.027301,0.042344,-0.607721
1640841541788679936,1.367686,-0.202460,1.415344,0.792204,0.026852,0.041977,-0.608218
1640841541794439936,1.360364,-0.200442,1.414696,0.791568,0.025951,0.041312,-0.609130
1640841541794999808,1.359654,-0.200247,1.414630,0.791507,0.025860,0.041248,-0.609218
1640841541796059904,1.358309,-0.199878,1.414505,0.791392,0.025686,0.041125,-0.609383
1640841541797459968,1.356535,-0.199392,1.414338,0.791240,0.025453,0.040962,-0.609601
1640841541802959872,1.349578,-0.197493,1.413653,0.790648,0.024527,0.040296,-0.610451
1640841541806840064,1.344683,-0.196164,1.413144,0.790231,0.023874,0.039787,-0.611050
1640841541807260160,1.344154,-0.196021,1.413088,0.790186,0.023805,0.039730,-0.611115
1640841541807689984,1.343613,-0.195874,1.413030,0.790139,0.023734,0.039672,-0.611182
1640841541810579968,1.339976,-0.194891,1.412635,0.789823,0.023263,0.039276,-0.611634
1640841541812480000,1.337588,-0.194247,1.412369,0.789611,0.022959,0.039015,-0.611935
1640841541815500032,1.333799,-0.193227,1.411936,0.789274,0.022478,0.038604,-0.612414
1640841541817839872,1.330867,-0.192440,1.411592,0.789015,0.022100,0.038290,-0.612781
1640841541820839936,1.327114,-0.191436,1.411140,0.788689,0.021598,0.037898,-0.613243
1640841541822399744,1.325165,-0.190915,1.410901,0.788524,0.021328,0.037699,-0.613477
1640841541825469952,1.321334,-0.189894,1.410420,0.788203,0.020789,0.037304,-0.613932
1640841541827450112,1.318868,-0.189238,1.410103,0.787997,0.020442,0.037039,-0.614224
1640841541830550016,1.315011,-0.188215,1.409597,0.787671,0.019915,0.036591,-0.614686
1640841541832519936,1.312564,-0.187568,1.409268,0.787460,0.019593,0.036283,-0.614985
1640841541836369920,1.307789,-0.186307,1.408612,0.787041,0.018983,0.035649,-0.615577
1640841541837889792,1.305907,-0.185811,1.408348,0.786873,0.018744,0.035397,-0.615814
1640841541840580096,1.302580,-0.184936,1.407873,0.786574,0.018316,0.034958,-0.616234
1640841541842409728,1.300320,-0.184343,1.407544,0.786369,0.018022,0.034666,-0.616521
1640841541845619968,1.296360,-0.183305,1.406958,0.786007,0.017507,0.034159,-0.617025
1640841541847460096,1.294094,-0.182713,1.406616,0.785799,0.017218,0.033867,-0.617314
1640841541850809856,1.289974,-0.181637,1.405982,0.785420,0.016711,0.033320,-0.617840
1640841541852529920,1.287862,-0.181087,1.405651,0.785226,0.016465,0.033028,-0.618109
1640841541856619776,1.282847,-0.179784,1.404849,0.784764,0.015907,0.032299,-0.618748
1640841541857509888,1.281758,-0.179501,1.404672,0.784663,0.015787,0.032135,-0.618887
1640841541860620032,1.277954,-0.178515,1.404045,0.784310,0.015365,0.031548,-0.619376
1640841541862569728,1.275573,-0.177899,1.403646,0.784086,0.015094,0.031172,-0.619684
1640841541865959936,1.271439,-0.176831,1.402941,0.783697,0.014615,0.030512,-0.620221
1640841541867679744,1.269344,-0.176291,1.402579,0.783500,0.014371,0.030178,-0.620493
1640841541870980096,1.265331,-0.175257,1.401872,0.783122,0.013901,0.029545,-0.621011
1640841541872539904,1.263437,-0.174770,1.401534,0.782944,0.013679,0.029252,-0.621254
1640841541875969792,1.259278,-0.173702,1.400779,0.782554,0.013191,0.028621,-0.621785
1640841541877430016,1.257509,-0.173248,1.400454,0.782388,0.012983,0.028359,-0.622010
1640841541880689920,1.253567,-0.172238,1.399719,0.782020,0.012515,0.027787,-0.622508
1640841541882540032,1.251332,-0.171666,1.399296,0.781811,0.012248,0.027470,-0.622789
1640841541885849856,1.247340,-0.170646,1.398529,0.781440,0.011769,0.026904,-0.623290
1640841541888000000,1.244751,-0.169985,1.398025,0.781198,0.011458,0.026531,-0.623614
1640841541890480128,1.241768,-0.169225,1.397436,0.780921,0.011100,0.026090,-0.623987
1640841541892480000,1.239365,-0.168613,1.396956,0.780696,0.010814,0.025725,-0.624288
1640841541895639808,1.235574,-0.167648,1.396189,0.780339,0.010372,0.025133,-0.624766
1640841541897619968,1.233202,-0.167045,1.395703,0.780112,0.010104,0.024754,-0.625068
1640841541903399936,1.226292,-0.165290,1.394257,0.779434,0.009381,0.023620,-0.625968
1640841541905649920,1.223607,-0.164609,1.393685,0.779166,0.009120,0.023174,-0.626323
1640841541906269952,1.222868,-0.164422,1.393526,0.779092,0.009050,0.023051,-0.626421
1640841541907650048,1.221224,-0.164005,1.393171,0.778927,0.008894,0.022778,-0.626638
1640841541910439936,1.217903,-0.163164,1.392448,0.778596,0.008583,0.022232,-0.627073
1640841541912519936,1.215431,-0.162538,1.391903,0.778352,0.008352,0.021827,-0.627393
1640841541916119808,1.211158,-0.161457,1.390949,0.777930,0.007961,0.021119,-0.627945
1640841541917769984,1.209202,-0.160962,1.390507,0.777737,0.007786,0.020787,-0.628198
1640841541920519936,1.205946,-0.160139,1.389764,0.777412,0.007501,0.020214,-0.628622
1640841541922899968,1.203132,-0.159428,1.389115,0.777129,0.007262,0.019702,-0.628991
1640841541925519872,1.200037,-0.158646,1.388394,0.776815,0.007005,0.019128,-0.629399
1640841541927470080,1.197737,-0.158065,1.387853,0.776582,0.006815,0.018701,-0.629702
1640841541930579968,1.194073,-0.157140,1.386981,0.776210,0.006513,0.018029,-0.630183
1640841541932529920,1.191779,-0.156560,1.386430,0.775978,0.006324,0.017616,-0.630482
1640841541935770112,1.187972,-0.155599,1.385505,0.775595,0.006009,0.016941,-0.630974
1640841541937479936,1.185965,-0.155092,1.385013,0.775395,0.005844,0.016586,-0.631232
1640841541940589824,1.182319,-0.154171,1.384111,0.775034,0.005547,0.015937,-0.631694
1640841541942609920,1.179954,-0.153574,1.383520,0.774802,0.005357,0.015509,-0.631991
1640841541945609728,1.176446,-0.152688,1.382635,0.774459,0.005079,0.014869,-0.632429
1640841541948019968,1.173631,-0.151977,1.381918,0.774183,0.004857,0.014355,-0.632780
1640841541950510080,1.170727,-0.151242,1.381171,0.773895,0.004626,0.013830,-0.633145
1640841541952580096,1.168315,-0.150633,1.380546,0.773654,0.004433,0.013399,-0.633451
1640841541955960064,1.164381,-0.149638,1.379517,0.773256,0.004112,0.012709,-0.633953
1640841541957540096,1.162544,-0.149173,1.379032,0.773070,0.003958,0.012391,-0.634187
1640841541961370112,1.158098,-0.148047,1.377848,0.772621,0.003572,0.011634,-0.634751
1640841541963519744,1.155606,-0.147415,1.377178,0.772370,0.003351,0.011213,-0.635065
1640841541965570048,1.153231,-0.146813,1.376535,0.772133,0.003143,0.010808,-0.635361
1640841541967589888,1.150894,-0.146220,1.375898,0.771901,0.002947,0.010401,-0.635651
1640841541971899904,1.145913,-0.144955,1.374527,0.771407,0.002572,0.009498,-0.636266
1640841541972770048,1.144909,-0.144700,1.374248,0.771307,0.002503,0.009310,-0.636390
1640841541975800064,1.141415,-0.143811,1.373273,0.770957,0.002279,0.008643,-0.636824
1640841541977949952,1.138939,-0.143180,1.372576,0.770705,0.002133,0.008162,-0.637137
1640841541980729856,1.135740,-0.142365,1.371669,0.770371,0.001957,0.007531,-0.637549
1640841541982899968,1.133245,-0.141729,1.370957,0.770105,0.001827,0.007034,-0.637876
1640841541985509888,1.130249,-0.140963,1.370096,0.769781,0.001679,0.006436,-0.638274
1640841541987629824,1.127817,-0.140341,1.369392,0.769518,0.001562,0.005951,-0.638596
1640841541990749952,1.124242,-0.139426,1.368350,0.769135,0.001395,0.005242,-0.639064
1640841541992480000,1.122261,-0.138918,1.367769,0.768927,0.001303,0.004854,-0.639317
1640841541995579904,1.118716,-0.138008,1.366723,0.768560,0.001137,0.004162,-0.639763
1640841541998259968,1.115655,-0.137221,1.365812,0.768248,0.000995,0.003562,-0.640142
1640841542000539904,1.113054,-0.136551,1.365034,0.767981,0.000873,0.003044,-0.640464
1640841542002519808,1.110796,-0.135969,1.364354,0.767750,0.000768,0.002590,-0.640744
1640841542005679872,1.107197,-0.135039,1.363264,0.767378,0.000600,0.001860,-0.641192
1640841542008109824,1.104433,-0.134324,1.362421,0.767090,0.000471,0.001299,-0.641537
1640841542010530048,1.101682,-0.133611,1.361578,0.766803,0.000341,0.000745,-0.641882
1640841542013179904,1.098673,-0.132830,1.360650,0.766487,0.000199,0.000147,-0.642260
1640841542015519744,1.096019,-0.132139,1.359826,0.766208,0.000074,-0.000371,-0.642593
1640841542017529856,1.093741,-0.131545,1.359116,0.765970,-0.000031,-0.000807,-0.642876
1640841542020499968,1.090378,-0.130667,1.358061,0.765621,-0.000182,-0.001436,-0.643290
1640841542022519808,1.088093,-0.130070,1.357341,0.765385,-0.000280,-0.001857,-0.643569
1640841542025569792,1.084645,-0.129166,1.356249,0.765029,-0.000414,-0.002493,-0.643990
1640841542027680000,1.082263,-0.128540,1.355489,0.764781,-0.000494,-0.002942,-0.644284
1640841542030479872,1.079104,-0.127708,1.354478,0.764445,-0.000581,-0.003560,-0.644678
1640841542032480000,1.076849,-0.127114,1.353753,0.764201,-0.000629,-0.004020,-0.644965
1640841542035539968,1.073403,-0.126202,1.352638,0.763822,-0.000687,-0.004745,-0.645410
1640841542038429952,1.070152,-0.125340,1.351581,0.763460,-0.000735,-0.005437,-0.645831
1640841542040529920,1.067791,-0.124713,1.350810,0.763199,-0.000774,-0.005936,-0.646136
1640841542042650112,1.065410,-0.124079,1.350029,0.762936,-0.000822,-0.006428,-0.646441
1640841542045859840,1.061808,-0.123117,1.348842,0.762546,-0.000921,-0.007138,-0.646894
1640841542047549952,1.059913,-0.122610,1.348215,0.762346,-0.000987,-0.007492,-0.647126
1640841542050550016,1.056551,-0.121708,1.347098,0.761992,-0.001078,-0.008126,-0.647535
1640841542052519936,1.054346,-0.121115,1.346362,0.761758,-0.001091,-0.008571,-0.647805
1640841542055569920,1.050934,-0.120194,1.345219,0.761390,-0.001067,-0.009291,-0.648226
1640841542057769984,1.048475,-0.119529,1.344392,0.761122,-0.001044,-0.009816,-0.648534
1640841542061809920,1.043964,-0.118305,1.342867,0.760620,-0.001055,-0.010750,-0.649107
1640841542062759936,1.042904,-0.118017,1.342507,0.760502,-0.001068,-0.010963,-0.649243
1640841542065600000,1.039738,-0.117153,1.341430,0.760146,-0.001117,-0.011589,-0.649647
1640841542067549952,1.037565,-0.116559,1.340688,0.759904,-0.001154,-0.012010,-0.649924
1640841542070700032,1.034058,-0.115596,1.339486,0.759516,-0.001206,-0.012681,-0.650364
1640841542074009856,1.030376,-0.114583,1.338219,0.759115,-0.001252,-0.013373,-0.650818
1640841542075650048,1.028553,-0.114079,1.337589,0.758917,-0.001274,-0.013712,-0.651042
1640841542077879808,1.026076,-0.113393,1.336731,0.758649,-0.001307,-0.014165,-0.651344
1640841542080619776,1.023034,-0.112548,1.335675,0.758319,-0.001357,-0.014713,-0.651716
1640841542082449920,1.021004,-0.111983,1.334968,0.758098,-0.001395,-0.015074,-0.651965
1640841542085559808,1.017556,-0.111020,1.333763,0.757723,-0.001458,-0.015688,-0.652387
1640841542088049920,1.014798,-0.110246,1.332797,0.757421,-0.001495,-0.016187,-0.652724
1640841542091089920,1.011433,-0.109299,1.331614,0.757054,-0.001510,-0.016816,-0.653134
1640841542092630016,1.009729,-0.108819,1.331013,0.756867,-0.001504,-0.017143,-0.653342
1640841542095549696,1.006501,-0.107905,1.329873,0.756511,-0.001473,-0.017774,-0.653737
1640841542097649920,1.004180,-0.107246,1.329051,0.756252,-0.001441,-0.018233,-0.654025
1640841542100430080,1.001110,-0.106371,1.327961,0.755904,-0.001392,-0.018839,-0.654410
1640841542102439936,0.998892,-0.105737,1.327172,0.755647,-0.001357,-0.019275,-0.654694
1640841542106449920,0.994470,-0.104468,1.325594,0.755127,-0.001290,-0.020129,-0.655268
1640841542108950016,0.991715,-0.103673,1.324608,0.754804,-0.001247,-0.020653,-0.655624
1640841542110839808,0.989634,-0.103071,1.323861,0.754564,-0.001214,-0.021044,-0.655888
1640841542112449792,0.987861,-0.102557,1.323225,0.754363,-0.001184,-0.021373,-0.656109
1640841542115490048,0.984516,-0.101584,1.322022,0.753991,-0.001125,-0.021989,-0.656516
1640841542117519872,0.982284,-0.100933,1.321217,0.753745,-0.001081,-0.022401,-0.656784
1640841542120559872,0.978942,-0.099954,1.320011,0.753372,-0.001012,-0.023026,-0.657190
1640841542122599936,0.976702,-0.099295,1.319200,0.753119,-0.000965,-0.023450,-0.657466
1640841542125559808,0.973452,-0.098335,1.318022,0.752749,-0.000900,-0.024059,-0.657867
1640841542128869888,0.969820,-0.097259,1.316703,0.752338,-0.000844,-0.024717,-0.658313
1640841542130489856,0.968043,-0.096730,1.316057,0.752140,-0.000825,-0.025026,-0.658528
1640841542132459776,0.965884,-0.096086,1.315271,0.751900,-0.000807,-0.025394,-0.658787
1640841542136529920,0.961424,-0.094749,1.313645,0.751413,-0.000781,-0.026143,-0.659314
1640841542137549824,0.960307,-0.094413,1.313237,0.751291,-0.000775,-0.026330,-0.659445
1640841542140800000,0.956749,-0.093340,1.311937,0.750908,-0.000750,-0.026940,-0.659857
1640841542142579968,0.954801,-0.092750,1.311224,0.750699,-0.000731,-0.027285,-0.660080
1640841542145540096,0.951564,-0.091766,1.310038,0.750353,-0.000687,-0.027880,-0.660449
1640841542147559936,0.949355,-0.091092,1.309228,0.750114,-0.000648,-0.028291,-0.660703
1640841542150720000,0.945902,-0.090034,1.307960,0.749730,-0.000578,-0.028920,-0.661111
1640841542152590080,0.943859,-0.089406,1.307210,0.749497,-0.000533,-0.029279,-0.661359
1640841542155500032,0.940681,-0.088426,1.306041,0.749133,-0.000458,-0.029815,-0.661748
1640841542157499904,0.938498,-0.087750,1.305238,0.748884,-0.000404,-0.030167,-0.662014
1640841542160689920,0.935017,-0.086668,1.303956,0.748497,-0.000319,-0.030701,-0.662427
1640841542162589952,0.932944,-0.086021,1.303192,0.748273,-0.000267,-0.031008,-0.662666
1640841542165479936,0.929792,-0.085034,1.302031,0.747934,-0.000180,-0.031474,-0.663026
1640841542171689984,0.923024,-0.082899,1.299534,0.747191,0.000076,-0.032570,-0.663811
1640841542172320000,0.922337,-0.082682,1.299280,0.747113,0.000107,-0.032690,-0.663893
1640841542172639744,0.921989,-0.082571,1.299152,0.747074,0.000122,-0.032751,-0.663934
1640841542175579904,0.918786,-0.081553,1.297969,0.746708,0.000268,-0.033313,-0.664317
1640841542177619968,0.916565,-0.080844,1.297149,0.746455,0.000360,-0.033690,-0.664583
1640841542180589824,0.913332,-0.079808,1.295955,0.746091,0.000467,-0.034192,-0.664965
1640841542182449920,0.911307,-0.079157,1.295207,0.745868,0.000513,-0.034472,-0.665201
1640841542185819904,0.907640,-0.077973,1.293853,0.745469,0.000568,-0.034939,-0.665624
1640841542188279808,0.904964,-0.077105,1.292864,0.745179,0.000600,-0.035273,-0.665930
1640841542190469888,0.902581,-0.076330,1.291985,0.744921,0.000631,-0.035583,-0.666203
1640841542192489984,0.900385,-0.075613,1.291174,0.744681,0.000665,-0.035878,-0.666455
1640841542195539968,0.897068,-0.074526,1.289949,0.744317,0.000729,-0.036329,-0.666837
1640841542197559808,0.894872,-0.073804,1.289139,0.744074,0.000780,-0.036621,-0.667092
1640841542200649984,0.891513,-0.072695,1.287900,0.743701,0.000876,-0.037049,-0.667484
1640841542204869888,0.886927,-0.071173,1.286210,0.743189,0.001032,-0.037605,-0.668023
1640841542206640128,0.885004,-0.070532,1.285501,0.742973,0.001103,-0.037835,-0.668250
1640841542207500032,0.884069,-0.070220,1.285157,0.742868,0.001138,-0.037948,-0.668360
1640841542210629888,0.880668,-0.069080,1.283906,0.742487,0.001265,-0.038366,-0.668760
1640841542212499968,0.878637,-0.068397,1.283159,0.742259,0.001340,-0.038623,-0.668998
1640841542215569920,0.875302,-0.067272,1.281933,0.741885,0.001463,-0.039049,-0.669388
1640841542217799936,0.872879,-0.066451,1.281044,0.741614,0.001553,-0.039352,-0.669670
1640841542220559872,0.869881,-0.065432,1.279944,0.741279,0.001666,-0.039710,-0.670020
1640841542222489856,0.867785,-0.064717,1.279176,0.741045,0.001747,-0.039949,-0.670264
1640841542225779968,0.864211,-0.063493,1.277868,0.740647,0.001887,-0.040351,-0.670679
1640841542227479808,0.862365,-0.062858,1.277192,0.740441,0.001960,-0.040563,-0.670893
1640841542230540032,0.859041,-0.061712,1.275979,0.740072,0.002094,-0.040969,-0.671275
1640841542232499712,0.856912,-0.060976,1.275202,0.739836,0.002180,-0.041246,-0.671519
1640841542235539968,0.853610,-0.059829,1.273999,0.739470,0.002312,-0.041684,-0.671894
1640841542237599744,0.851373,-0.059049,1.273185,0.739222,0.002399,-0.041971,-0.672148
1640841542240460032,0.848266,-0.057962,1.272057,0.738879,0.002515,-0.042335,-0.672503
1640841542243029760,0.845474,-0.056982,1.271044,0.738571,0.002614,-0.042630,-0.672822
1640841542245499904,0.842790,-0.056037,1.270073,0.738277,0.002706,-0.042893,-0.673127
1640841542247830016,0.840259,-0.055142,1.269158,0.738001,0.002790,-0.043131,-0.673414
1640841542251010048,0.836803,-0.053916,1.267911,0.737628,0.002901,-0.043450,-0.673802
1640841542252480000,0.835205,-0.053348,1.267336,0.737457,0.002952,-0.043597,-0.673979
1640841542255539968,0.831880,-0.052161,1.266140,0.737103,0.003057,-0.043896,-0.674346
1640841542257459968,0.829793,-0.051413,1.265391,0.736883,0.003123,-0.044077,-0.674574
1640841542260480000,0.826510,-0.050233,1.264216,0.736539,0.003229,-0.044348,-0.674932
1640841542262539776,0.824270,-0.049426,1.263415,0.736306,0.003302,-0.044520,-0.675175
1640841542265539840,0.821008,-0.048245,1.262252,0.735965,0.003415,-0.044755,-0.675530
1640841542267599872,0.818767,-0.047432,1.261455,0.735729,0.003499,-0.044909,-0.675776
1640841542271180032,0.814873,-0.046013,1.260074,0.735311,0.003660,-0.045172,-0.676212
1640841542272529920,0.813404,-0.045477,1.259554,0.735152,0.003726,-0.045270,-0.676379
1640841542275729920,0.809922,-0.044200,1.258324,0.734775,0.003891,-0.045498,-0.676772
1640841542277529856,0.807963,-0.043480,1.257634,0.734565,0.003988,-0.045624,-0.676991
1640841542280979968,0.804208,-0.042094,1.256315,0.734175,0.004175,-0.045856,-0.677397
1640841542282990080,0.802019,-0.041284,1.255549,0.733953,0.004285,-0.045987,-0.677628
1640841542285619968,0.799155,-0.040221,1.254548,0.733665,0.004432,-0.046160,-0.677928
1640841542287510016,0.797096,-0.039454,1.253831,0.733454,0.004540,-0.046287,-0.678146
1640841542290520064,0.793817,-0.038229,1.252692,0.733104,0.004717,-0.046499,-0.678509
1640841542292679936,0.791463,-0.037347,1.251877,0.732845,0.004846,-0.046654,-0.678777
1640841542295500032,0.788389,-0.036192,1.250816,0.732503,0.005009,-0.046846,-0.679132
1640841542297740032,0.785946,-0.035272,1.249975,0.732234,0.005127,-0.046979,-0.679411
1640841542300519936,0.782915,-0.034125,1.248935,0.731912,0.005255,-0.047111,-0.679748
1640841542305019904,0.778005,-0.032261,1.247260,0.731414,0.005437,-0.047257,-0.680273
1640841542305760000,0.777198,-0.031954,1.246985,0.731333,0.005468,-0.047278,-0.680358
1640841542307520000,0.775276,-0.031221,1.246333,0.731141,0.005548,-0.047327,-0.680560
1640841542310479872,0.772045,-0.029985,1.245240,0.730814,0.005708,-0.047421,-0.680903
1640841542313400064,0.768856,-0.028761,1.244165,0.730482,0.005915,-0.047542,-0.681250
1640841542317859840,0.763983,-0.026883,1.242533,0.729958,0.006276,-0.047738,-0.681794
1640841542319180032,0.762540,-0.026325,1.242052,0.729802,0.006377,-0.047781,-0.681957
1640841542320519936,0.761075,-0.025758,1.241564,0.729645,0.006473,-0.047814,-0.682122
1640841542322569728,0.758833,-0.024888,1.240820,0.729404,0.006606,-0.047845,-0.682375
1640841542325520128,0.755606,-0.023633,1.239754,0.729062,0.006780,-0.047857,-0.682739
1640841542327529984,0.753407,-0.022775,1.239030,0.728830,0.006892,-0.047850,-0.682986
1640841542330469888,0.750189,-0.021516,1.237975,0.728494,0.007058,-0.047830,-0.683344
1640841542332509952,0.747956,-0.020640,1.237246,0.728263,0.007181,-0.047817,-0.683590
1640841542336789760,0.743267,-0.018795,1.235725,0.727781,0.007461,-0.047798,-0.684101
1640841542338330112,0.741580,-0.018129,1.235180,0.727605,0.007562,-0.047790,-0.684287
1640841542340509952,0.739190,-0.017184,1.234411,0.727353,0.007701,-0.047775,-0.684555
1640841542342559744,0.736942,-0.016292,1.233690,0.727113,0.007827,-0.047755,-0.684810
1640841542345509888,0.733706,-0.015006,1.232658,0.726766,0.008003,-0.047718,-0.685179
1640841542347739904,0.731259,-0.014031,1.231882,0.726507,0.008136,-0.047682,-0.685454
1640841542350469888,0.728263,-0.012834,1.230935,0.726199,0.008304,-0.047631,-0.685783
1640841542352470016,0.726066,-0.011955,1.230245,0.725977,0.008427,-0.047587,-0.686019
1640841542355500032,0.722738,-0.010618,1.229204,0.725645,0.008612,-0.047515,-0.686372
1640841542358880000,0.719022,-0.009122,1.228050,0.725274,0.008807,-0.047425,-0.686768
1640841542360729856,0.716988,-0.008301,1.227421,0.725069,0.008906,-0.047374,-0.686987
1640841542362680064,0.714843,-0.007433,1.226761,0.724851,0.009006,-0.047317,-0.687220
1640841542365479936,0.711762,-0.006184,1.225818,0.724538,0.009149,-0.047229,-0.687554
1640841542367480064,0.709560,-0.005289,1.225147,0.724316,0.009255,-0.047160,-0.687791
1640841542370649856,0.706069,-0.003868,1.224091,0.723970,0.009438,-0.047039,-0.688161
1640841542372480000,0.704053,-0.003045,1.223484,0.723774,0.009554,-0.046960,-0.688371
1640841542375579904,0.700636,-0.001647,1.222461,0.723445,0.009760,-0.046808,-0.688724
1640841542381339904,0.694281,0.000964,1.220578,0.722828,0.010157,-0.046446,-0.689390
1640841542382700032,0.692780,0.001582,1.220138,0.722680,0.010252,-0.046351,-0.689550
1640841542383030016,0.692416,0.001732,1.220031,0.722644,0.010275,-0.046328,-0.689589
1640841542385440000,0.689754,0.002831,1.219253,0.722380,0.010447,-0.046166,-0.689875
1640841542387529728,0.687445,0.003786,1.218583,0.722148,0.010600,-0.046039,-0.690123
1640841542390550016,0.684107,0.005169,1.217619,0.721811,0.010832,-0.045900,-0.690482
1640841542393649920,0.680679,0.006594,1.216637,0.721461,0.011086,-0.045819,-0.690848
1640841542396479744,0.677547,0.007898,1.215747,0.721141,0.011333,-0.045768,-0.691182
1640841542398039808,0.675820,0.008619,1.215259,0.720966,0.011475,-0.045735,-0.691365
1640841542400430080,0.673173,0.009725,1.214515,0.720698,0.011703,-0.045662,-0.691644
1640841542402550016,0.670824,0.010708,1.213859,0.720463,0.011911,-0.045576,-0.691892
1640841542405540096,0.667510,0.012099,1.212940,0.720131,0.012207,-0.045428,-0.692241
1640841542407729920,0.665081,0.013119,1.212271,0.719888,0.012421,-0.045306,-0.692498
1640841542411049728,0.661396,0.014671,1.211264,0.719518,0.012730,-0.045110,-0.692890
1640841542413659904,0.658498,0.015894,1.210478,0.719226,0.012962,-0.044953,-0.693200
1640841542415520000,0.656432,0.016767,1.209921,0.719018,0.013123,-0.044840,-0.693420
1640841542417699840,0.654009,0.017792,1.209273,0.718775,0.013314,-0.044705,-0.693677
1640841542420429824,0.650974,0.019079,1.208466,0.718474,0.013558,-0.044535,-0.693995
1640841542422449920,0.648727,0.020033,1.207873,0.718253,0.013744,-0.044406,-0.694227
1640841542425699840,0.645109,0.021572,1.206925,0.717901,0.014046,-0.044187,-0.694600
1640841542429179904,0.641233,0.023225,1.205921,0.717520,0.014360,-0.043926,-0.695003
1640841542431939840,0.638157,0.024539,1.205131,0.717215,0.014599,-0.043695,-0.695328
1640841542432459776,0.637577,0.024787,1.204983,0.717157,0.014643,-0.043650,-0.695389
1640841542438669824,0.630648,0.027755,1.203233,0.716459,0.015182,-0.043104,-0.696131
1640841542439129856,0.630135,0.027976,1.203104,0.716407,0.015224,-0.043065,-0.696186
1640841542440480000,0.628627,0.028623,1.202729,0.716254,0.015349,-0.042952,-0.696347
1640841542443169792,0.625622,0.029915,1.201985,0.715950,0.015611,-0.042736,-0.696667
1640841542445529856,0.622983,0.031051,1.201337,0.715682,0.015852,-0.042554,-0.696949
1640841542447959808,0.620266,0.032223,1.200675,0.715403,0.016114,-0.042374,-0.697240
1640841542450589952,0.617322,0.033494,1.199965,0.715099,0.016411,-0.042185,-0.697556
1640841542452539904,0.615139,0.034437,1.199442,0.714872,0.016640,-0.042047,-0.697792
1640841542455469824,0.611857,0.035858,1.198662,0.714528,0.016992,-0.041840,-0.698148
1640841542457579776,0.609492,0.036882,1.198106,0.714278,0.017249,-0.041691,-0.698406
1640841542460669952,0.606027,0.038386,1.197297,0.713912,0.017625,-0.041466,-0.698784
1640841542462540032,0.603929,0.039297,1.196812,0.713690,0.017849,-0.041326,-0.699013
1640841542465560064,0.600538,0.040771,1.196036,0.713333,0.018208,-0.041096,-0.699382
1640841542467650048,0.598191,0.041793,1.195503,0.713087,0.018454,-0.040935,-0.699636
1640841542470520064,0.594965,0.043199,1.194778,0.712752,0.018788,-0.040715,-0.699981
1640841542472549888,0.592682,0.044194,1.194270,0.712518,0.019022,-0.040560,-0.700222
1640841542475689984,0.589149,0.045737,1.193491,0.712158,0.019378,-0.040318,-0.700593
1640841542477910016,0.586650,0.046829,1.192945,0.711904,0.019626,-0.040141,-0.700854
1640841542482339840,0.581659,0.049013,1.191870,0.711400,0.020106,-0.039771,-0.701373
1640841542482839808,0.581096,0.049260,1.191750,0.711343,0.020160,-0.039727,-0.701432
1640841542485499904,0.578096,0.050574,1.191115,0.711039,0.020442,-0.039486,-0.701745
1640841542487589888,0.575738,0.051608,1.190620,0.710800,0.020664,-0.039287,-0.701992
1640841542490929920,0.571968,0.053263,1.189838,0.710417,0.021024,-0.038946,-0.702388
1640841542492679936,0.569991,0.054131,1.189432,0.710215,0.021217,-0.038757,-0.702596
1640841542495769856,0.566499,0.055666,1.188723,0.709859,0.021568,-0.038424,-0.702964
1640841542497659904,0.564362,0.056606,1.188293,0.709641,0.021791,-0.038229,-0.703188
1640841542501039872,0.560538,0.058289,1.187534,0.709252,0.022210,-0.037918,-0.703584
1640841542506690048,0.554139,0.061108,1.186288,0.708599,0.022959,-0.037490,-0.704241
1640841542508329984,0.552281,0.061928,1.185932,0.708406,0.023181,-0.037366,-0.704434
1640841542509559808,0.550886,0.062543,1.185667,0.708259,0.023347,-0.037269,-0.704581
1640841542511659776,0.548505,0.063594,1.185217,0.708006,0.023630,-0.037093,-0.704836
1640841542512569856,0.547472,0.064050,1.185024,0.707895,0.023753,-0.037014,-0.704947
1640841542516059904,0.543511,0.065798,1.184289,0.707470,0.024219,-0.036704,-0.705374
1640841542517589760,0.541773,0.066566,1.183971,0.707285,0.024423,-0.036569,-0.705560
1640841542520539904,0.538421,0.068047,1.183363,0.706932,0.024813,-0.036316,-0.705913
1640841542522699776,0.535965,0.069132,1.182924,0.706678,0.025096,-0.036137,-0.706166
1640841542525660160,0.532598,0.070620,1.182329,0.706334,0.025479,-0.035887,-0.706509
1640841542530279936,0.527339,0.072946,1.181418,0.705798,0.026062,-0.035453,-0.707046
1640841542531529984,0.525915,0.073576,1.181175,0.705652,0.026216,-0.035324,-0.707192
1640841542532460032,0.524855,0.074045,1.180995,0.705544,0.026330,-0.035224,-0.707300
1640841542539820032,0.516461,0.077758,1.179603,0.704690,0.027197,-0.034366,-0.708160
1640841542541179904,0.514909,0.078445,1.179351,0.704534,0.027351,-0.034198,-0.708318
1640841542542359808,0.513561,0.079041,1.179135,0.704399,0.027483,-0.034052,-0.708454
1640841542543419904,0.512351,0.079577,1.178941,0.704278,0.027601,-0.033920,-0.708576
1640841542545989888,0.509414,0.080876,1.178476,0.703983,0.027885,-0.033605,-0.708873
1640841542547819776,0.507322,0.081802,1.178150,0.703771,0.028090,-0.033389,-0.709086
1640841542550439936,0.504326,0.083127,1.177688,0.703460,0.028388,-0.033098,-0.709396
1640841542552539904,0.501923,0.084190,1.177322,0.703207,0.028634,-0.032878,-0.709647
1640841542555849984,0.498133,0.085866,1.176755,0.702806,0.029031,-0.032548,-0.710043
1640841542557580032,0.496152,0.086742,1.176463,0.702598,0.029242,-0.032379,-0.710248
1640841542560519936,0.492782,0.088231,1.175974,0.702250,0.029608,-0.032088,-0.710591
1640841542562579968,0.490420,0.089275,1.175636,0.702012,0.029869,-0.031879,-0.710824
1640841542565669888,0.486875,0.090841,1.175138,0.701659,0.030261,-0.031554,-0.711171
1640841542567539968,0.484728,0.091789,1.174841,0.701443,0.030496,-0.031350,-0.711382
1640841542570799872,0.480984,0.093442,1.174331,0.701055,0.030896,-0.030984,-0.711764
1640841542572529920,0.478996,0.094319,1.174065,0.700843,0.031101,-0.030785,-0.711972
1640841542575510016,0.475569,0.095830,1.173614,0.700475,0.031443,-0.030437,-0.712334
1640841542577750016,0.472992,0.096966,1.173281,0.700202,0.031691,-0.030174,-0.712603
1640841542581549824,0.468618,0.098892,1.172727,0.699755,0.032090,-0.029730,-0.713042
1640841542582609920,0.467397,0.099430,1.172576,0.699634,0.032197,-0.029607,-0.713161
1640841542585600000,0.463952,0.100945,1.172153,0.699299,0.032499,-0.029253,-0.713491
1640841542587649792,0.461589,0.101984,1.171869,0.699071,0.032707,-0.029005,-0.713715
1640841542590599936,0.458186,0.103479,1.171468,0.698740,0.033014,-0.028633,-0.714040
1640841542592599808,0.455877,0.104493,1.171200,0.698513,0.033228,-0.028370,-0.714263
1640841542595589888,0.452425,0.106007,1.170808,0.698171,0.033547,-0.027961,-0.714598
1640841542598109952,0.449513,0.107283,1.170485,0.697883,0.033810,-0.027604,-0.714881
1640841542600479744,0.446773,0.108482,1.170186,0.697613,0.034047,-0.027258,-0.715146
1640841542602769920,0.444124,0.109641,1.169903,0.697353,0.034266,-0.026919,-0.715402
1640841542605489920,0.440976,0.111017,1.169574,0.697044,0.034522,-0.026516,-0.715705
1640841542607529984,0.438614,0.112048,1.169332,0.696813,0.034715,-0.026220,-0.715932
1640841542610579968,0.435080,0.113589,1.168978,0.696466,0.035011,-0.025793,-0.716271
1640841542612499968,0.432854,0.114558,1.168760,0.696246,0.035206,-0.025540,-0.716485
1640841542615529984,0.429339,0.116087,1.168423,0.695896,0.035532,-0.025169,-0.716821
1640841542617729792,0.426786,0.117197,1.168185,0.695640,0.035778,-0.024918,-0.717066
1640841542620479744,0.423592,0.118582,1.167893,0.695320,0.036092,-0.024622,-0.717371
1640841542622449920,0.421303,0.119574,1.167689,0.695089,0.036318,-0.024416,-0.717590
1640841542625519872,0.417734,0.121119,1.167378,0.694731,0.036670,-0.024089,-0.717931
1640841542627759872,0.415128,0.122246,1.167157,0.694470,0.036927,-0.023833,-0.718178
1640841542630640128,0.411775,0.123692,1.166881,0.694138,0.037257,-0.023463,-0.718494
1640841542632839936,0.409213,0.124796,1.166675,0.693887,0.037507,-0.023148,-0.718733
1640841542639109888,0.401903,0.127938,1.166115,0.693182,0.038190,-0.022214,-0.719407
1640841542639780096,0.401121,0.128273,1.166057,0.693107,0.038259,-0.022121,-0.719478
1640841542640480000,0.400304,0.128623,1.165997,0.693029,0.038329,-0.022027,-0.719553
1640841542642550016,0.397887,0.129658,1.165824,0.692800,0.038535,-0.021758,-0.719771
1640841542645579776,0.394348,0.131171,1.165577,0.692465,0.038832,-0.021383,-0.720088
1640841542647729920,0.391835,0.132243,1.165407,0.692228,0.039046,-0.021115,-0.720312
1640841542650799872,0.388244,0.133772,1.165173,0.691893,0.039366,-0.020711,-0.720629
1640841542652529920,0.386219,0.134633,1.165045,0.691704,0.039555,-0.020471,-0.720807
1640841542655699968,0.382507,0.136208,1.164817,0.691356,0.039909,-0.020020,-0.721133
1640841542657499904,0.380398,0.137101,1.164693,0.691157,0.040111,-0.019766,-0.721320
1640841542660450048,0.376939,0.138562,1.164495,0.690827,0.040434,-0.019368,-0.721629
1640841542662579968,0.374440,0.139616,1.164357,0.690584,0.040659,-0.019101,-0.721856
1640841542666859776,0.369416,0.141730,1.164094,0.690089,0.041104,-0.018593,-0.722317
1640841542670019840,0.365702,0.143287,1.163910,0.689724,0.041446,-0.018216,-0.722656
1640841542672029952,0.363339,0.144275,1.163798,0.689494,0.041674,-0.017966,-0.722869
1640841542673379840,0.361751,0.144939,1.163725,0.689340,0.041832,-0.017793,-0.723010
1640841542676260096,0.358361,0.146352,1.163575,0.689014,0.042175,-0.017413,-0.723310
1640841542677520128,0.356877,0.146969,1.163512,0.688872,0.042327,-0.017242,-0.723440
1640841542683919872,0.349333,0.150096,1.163214,0.688163,0.043092,-0.016342,-0.724091
1640841542684960000,0.348106,0.150602,1.163169,0.688049,0.043212,-0.016192,-0.724196
1640841542685580032,0.347374,0.150904,1.163143,0.687981,0.043283,-0.016101,-0.724258
1640841542687569920,0.345026,0.151872,1.163061,0.687765,0.043503,-0.015809,-0.724456
1640841542691500032,0.340383,0.153779,1.162910,0.687343,0.043908,-0.015227,-0.724845
1640841542692459776,0.339248,0.154244,1.162875,0.687240,0.044005,-0.015088,-0.724939
1640841542695840000,0.335251,0.155878,1.162759,0.686868,0.044431,-0.014693,-0.725274
1640841542697890048,0.332824,0.156867,1.162694,0.686635,0.044751,-0.014517,-0.725478
1640841542700509952,0.329722,0.158128,1.162616,0.686341,0.045133,-0.014268,-0.725738
1640841542704890112,0.324530,0.160230,1.162500,0.685861,0.045645,-0.013730,-0.726170
1640841542705570048,0.323724,0.160556,1.162483,0.685787,0.045716,-0.013638,-0.726237
1640841542707619840,0.321292,0.161536,1.162436,0.685565,0.045927,-0.013352,-0.726439
1640841542710599936,0.317754,0.162957,1.162374,0.685237,0.046242,-0.012934,-0.726735
1640841542712529920,0.315461,0.163876,1.162338,0.685022,0.046461,-0.012670,-0.726929
1640841542715829760,0.311538,0.165442,1.162284,0.684651,0.046858,-0.012233,-0.727261
1640841542717619968,0.309409,0.166289,1.162259,0.684449,0.047079,-0.012005,-0.727440
1640841542720579840,0.305886,0.167687,1.162224,0.684117,0.047448,-0.011639,-0.727734
1640841542722539776,0.303552,0.168611,1.162205,0.683899,0.047690,-0.011404,-0.727927
1640841542725539840,0.299977,0.170020,1.162182,0.683563,0.048061,-0.011057,-0.728224
1640841542727510016,0.297628,0.170943,1.162171,0.683339,0.048304,-0.010834,-0.728421
1640841542731119872,0.293320,0.172629,1.162160,0.682918,0.048754,-0.010437,-0.728792
1640841542732569856,0.291589,0.173305,1.162159,0.682745,0.048935,-0.010281,-0.728943
1640841542735579904,0.287993,0.174703,1.162162,0.682386,0.049314,-0.009960,-0.729259
1640841542737829888,0.285303,0.175745,1.162169,0.682118,0.049599,-0.009722,-0.729493
1640841542740499968,0.282109,0.176978,1.162184,0.681805,0.049939,-0.009441,-0.729766
1640841542743500032,0.278517,0.178358,1.162207,0.681461,0.050320,-0.009124,-0.730065
1640841542745709824,0.275870,0.179372,1.162230,0.681209,0.050601,-0.008890,-0.730284
1640841542748000000,0.273126,0.180419,1.162257,0.680948,0.050889,-0.008644,-0.730511
1640841542750409728,0.270235,0.181518,1.162291,0.680669,0.051189,-0.008383,-0.730753
1640841542752549888,0.267667,0.182491,1.162325,0.680418,0.051452,-0.008147,-0.730971
1640841542755610112,0.263993,0.183877,1.162380,0.680057,0.051824,-0.007805,-0.731284
1640841542757560064,0.261650,0.184758,1.162419,0.679829,0.052060,-0.007585,-0.731481
1640841542760699904,0.257875,0.186170,1.162489,0.679469,0.052439,-0.007227,-0.731792
1640841542763629824,0.254350,0.187483,1.162562,0.679138,0.052797,-0.006896,-0.732077
1640841542765440000,0.252171,0.188291,1.162611,0.678934,0.053022,-0.006696,-0.732252
1640841542767529984,0.249654,0.189222,1.162670,0.678696,0.053287,-0.006472,-0.732455
1640841542770720000,0.245809,0.190637,1.162767,0.678322,0.053706,-0.006154,-0.732774
1640841542772529920,0.243627,0.191436,1.162826,0.678104,0.053951,-0.005985,-0.732959
1640841542775549952,0.239982,0.192766,1.162931,0.677735,0.054370,-0.005717,-0.733271
1640841542778179840,0.236807,0.193919,1.163028,0.677411,0.054739,-0.005489,-0.733544
1640841542780539904,0.233955,0.194949,1.163120,0.677123,0.055070,-0.005283,-0.733787
1640841542782850048,0.231162,0.195954,1.163214,0.676843,0.055392,-0.005080,-0.734023
1640841542785440000,0.228029,0.197076,1.163324,0.676530,0.055753,-0.004854,-0.734286
1640841542787619840,0.225391,0.198017,1.163422,0.676265,0.056055,-0.004667,-0.734508
1640841542790599936,0.221782,0.199298,1.163561,0.675900,0.056468,-0.004422,-0.734814
1640841542792620032,0.219334,0.200162,1.163659,0.675649,0.056746,-0.004263,-0.735024
1640841542795559936,0.215769,0.201415,1.163808,0.675281,0.057148,-0.004037,-0.735332
1640841542798039808,0.212759,0.202467,1.163939,0.674969,0.057482,-0.003845,-0.735594
1640841542800499968,0.209773,0.203506,1.164074,0.674659,0.057808,-0.003650,-0.735853
1640841542802559744,0.207270,0.204372,1.164190,0.674400,0.058075,-0.003481,-0.736071
1640841542805529856,0.203660,0.205615,1.164363,0.674028,0.058450,-0.003227,-0.736382
1640841542807569920,0.201179,0.206466,1.164487,0.673775,0.058701,-0.003048,-0.736595
1640841542810609920,0.197480,0.207726,1.164676,0.673400,0.059064,-0.002775,-0.736910
1640841542812569856,0.195093,0.208535,1.164802,0.673160,0.059293,-0.002595,-0.737112
1640841542815769856,0.191194,0.209850,1.165014,0.672770,0.059662,-0.002297,-0.737438
1640841542817740032,0.188792,0.210655,1.165148,0.672531,0.059891,-0.002109,-0.737638
1640841542820430080,0.185510,0.211750,1.165336,0.672204,0.060210,-0.001846,-0.737911
1640841542822489856,0.182996,0.212584,1.165483,0.671953,0.060461,-0.001642,-0.738120
1640841542825649920,0.179137,0.213856,1.165716,0.671565,0.060852,-0.001325,-0.738442
1640841542827630080,0.176717,0.214650,1.165866,0.671319,0.061096,-0.001126,-0.738645
1640841542830479872,0.173233,0.215786,1.166086,0.670961,0.061444,-0.000843,-0.738942
1640841542832689920,0.170529,0.216662,1.166261,0.670681,0.061708,-0.000627,-0.739174
1640841542835539712,0.167040,0.217786,1.166492,0.670317,0.062040,-0.000355,-0.739476
1640841542837539840,0.164590,0.218571,1.166657,0.670063,0.062269,-0.000169,-0.739688
1640841542840639744,0.160791,0.219780,1.166920,0.669673,0.062620,0.000108,-0.740012
1640841542842700032,0.158264,0.220579,1.167098,0.669417,0.062853,0.000283,-0.740224
1640841542845589760,0.154718,0.221694,1.167353,0.669057,0.063186,0.000517,-0.740520
1640841542847539968,0.152324,0.222442,1.167528,0.668811,0.063420,0.000665,-0.740722
1640841542850529792,0.148651,0.223582,1.167803,0.668424,0.063798,0.000873,-0.741038
1640841542852539904,0.146180,0.224345,1.167991,0.668157,0.064069,0.001002,-0.741256
1640841542855569920,0.142453,0.225487,1.168279,0.667746,0.064485,0.001186,-0.741590
1640841542858009856,0.139451,0.226400,1.168516,0.667416,0.064811,0.001336,-0.741858
1640841542860579840,0.136286,0.227357,1.168771,0.667075,0.065130,0.001505,-0.742137
1640841542862700032,0.133674,0.228142,1.168984,0.666799,0.065373,0.001653,-0.742363
1640841542866429952,0.129075,0.229512,1.169366,0.666323,0.065767,0.001926,-0.742755
1640841542867559936,0.127681,0.229925,1.169484,0.666180,0.065881,0.002010,-0.742872
1640841542870689792,0.123818,0.231061,1.169815,0.665785,0.066190,0.002241,-0.743199
1640841542872539904,0.121533,0.231729,1.170013,0.665550,0.066370,0.002377,-0.743392
1640841542875469824,0.117913,0.232779,1.170333,0.665179,0.066648,0.002603,-0.743699
1640841542877629952,0.115243,0.233548,1.170572,0.664906,0.066844,0.002785,-0.743925
1640841542880479744,0.111717,0.234556,1.170892,0.664548,0.067087,0.003056,-0.744222
1640841542882579968,0.109118,0.235294,1.171131,0.664285,0.067254,0.003279,-0.744441
1640841542885530112,0.105464,0.236324,1.171473,0.663916,0.067481,0.003605,-0.744748
1640841542891170048,0.098473,0.238268,1.172141,0.663203,0.067933,0.004175,-0.745338
1640841542892060160,0.097369,0.238572,1.172248,0.663090,0.068009,0.004253,-0.745432
1640841542892499968,0.096823,0.238722,1.172302,0.663033,0.068047,0.004291,-0.745478
1640841542895539968,0.093049,0.239753,1.172673,0.662641,0.068314,0.004543,-0.745801
1640841542897799936,0.090243,0.240513,1.172953,0.662347,0.068516,0.004728,-0.746043
1640841542900940032,0.086340,0.241561,1.173348,0.661935,0.068796,0.004996,-0.746381
1640841542902679808,0.084177,0.242138,1.173569,0.661704,0.068950,0.005151,-0.746571
1640841542906400000,0.079549,0.243360,1.174049,0.661203,0.069282,0.005484,-0.746981
1640841542907960064,0.077607,0.243869,1.174253,0.660989,0.069423,0.005619,-0.747156
1640841542910459904,0.074493,0.244679,1.174583,0.660641,0.069652,0.005826,-0.747441
1640841542912609792,0.071814,0.245370,1.174870,0.660337,0.069852,0.005990,-0.747690
1640841542915599872,0.068086,0.246323,1.175274,0.659908,0.070130,0.006202,-0.748040
1640841542917579776,0.065616,0.246949,1.175544,0.659624,0.070307,0.006339,-0.748273
1640841542920529920,0.061934,0.247875,1.175952,0.659205,0.070553,0.006547,-0.748618
1640841542924489984,0.056987,0.249103,1.176508,0.658658,0.070829,0.006853,-0.749070
1640841542925479936,0.055750,0.249407,1.176648,0.658525,0.070886,0.006937,-0.749181
1640841542927520000,0.053200,0.250031,1.176940,0.658253,0.070999,0.007111,-0.749407
1640841542930729984,0.049184,0.251004,1.177403,0.657821,0.071194,0.007363,-0.749766
1640841542932569856,0.046881,0.251557,1.177672,0.657566,0.071329,0.007486,-0.749975
1640841542941890048,0.035203,0.254302,1.179065,0.656262,0.071986,0.008170,-0.751047
1640841542942419968,0.034538,0.254455,1.179146,0.656189,0.072012,0.008222,-0.751107
1640841542943150080,0.033623,0.254665,1.179257,0.656090,0.072045,0.008297,-0.751190
1640841542943599872,0.033058,0.254795,1.179326,0.656029,0.072065,0.008344,-0.751241
1640841542945459968,0.030724,0.255328,1.179612,0.655778,0.072139,0.008543,-0.751450
1640841542947849984,0.027723,0.256008,1.179983,0.655456,0.072228,0.008798,-0.751720
1640841542950559744,0.024319,0.256770,1.180408,0.655087,0.072334,0.009063,-0.752029
1640841542952539904,0.021831,0.257323,1.180721,0.654812,0.072425,0.009226,-0.752257
1640841542956960000,0.016272,0.258540,1.181429,0.654187,0.072667,0.009529,-0.752774
1640841542957549824,0.015530,0.258701,1.181524,0.654103,0.072701,0.009569,-0.752843
1640841542960559872,0.011742,0.259516,1.182013,0.653674,0.072874,0.009796,-0.753195
1640841542962619904,0.009147,0.260068,1.182351,0.653382,0.072989,0.009976,-0.753435
1640841542965459712,0.005570,0.260821,1.182822,0.652981,0.073140,0.010241,-0.753765
1640841542967650048,0.002809,0.261395,1.183187,0.652671,0.073251,0.010447,-0.754019
1640841542970729728,-0.001075,0.262194,1.183707,0.652237,0.073396,0.010718,-0.754378
1640841542973529856,-0.004609,0.262912,1.184183,0.651841,0.073518,0.010938,-0.754705
1640841542975499776,-0.007096,0.263411,1.184522,0.651562,0.073598,0.011083,-0.754935
1640841542977560064,-0.009698,0.263928,1.184878,0.651270,0.073680,0.011231,-0.755177
1640841542980460032,-0.013362,0.264649,1.185383,0.650858,0.073791,0.011444,-0.755518
1640841542982560000,-0.016016,0.265164,1.185752,0.650559,0.073869,0.011604,-0.755765
1640841542985580032,-0.019836,0.265897,1.186287,0.650131,0.073975,0.011840,-0.756120
1640841542987589888,-0.022379,0.266379,1.186646,0.649847,0.074040,0.011999,-0.756355
1640841542990629888,-0.026227,0.267100,1.187193,0.649422,0.074128,0.012243,-0.756707
1640841542992499712,-0.028595,0.267537,1.187532,0.649163,0.074174,0.012392,-0.756922
1640841542995489792,-0.032383,0.268229,1.188079,0.648752,0.074236,0.012631,-0.757265
1640841542998210048,-0.035832,0.268850,1.188580,0.648379,0.074279,0.012848,-0.757576
1640841543000429824,-0.038647,0.269350,1.188992,0.648075,0.074303,0.013023,-0.757832
1640841543002629888,-0.041438,0.269840,1.189403,0.647772,0.074320,0.013197,-0.758086
1640841543005639936,-0.045258,0.270501,1.189970,0.647356,0.074337,0.013436,-0.758435
1640841543007629824,-0.047785,0.270932,1.190348,0.647080,0.074349,0.013597,-0.758666
1640841543010439936,-0.051355,0.271534,1.190884,0.646691,0.074374,0.013830,-0.758992
1640841543012649984,-0.054163,0.272000,1.191309,0.646384,0.074399,0.014017,-0.759247
1640841543015460096,-0.057736,0.272586,1.191854,0.645994,0.074436,0.014262,-0.759571
1640841543017779712,-0.060686,0.273062,1.192306,0.645671,0.074465,0.014467,-0.759839
1640841543020489984,-0.064135,0.273610,1.192838,0.645293,0.074495,0.014711,-0.760152
1640841543022579968,-0.066795,0.274027,1.193252,0.645001,0.074513,0.014900,-0.760394
1640841543025549824,-0.070577,0.274611,1.193843,0.644585,0.074533,0.015167,-0.760740
1640841543027529984,-0.073099,0.274995,1.194239,0.644306,0.074545,0.015338,-0.760971
1640841543032270080,-0.079141,0.275895,1.195197,0.643635,0.074575,0.015713,-0.761528
1640841543032780032,-0.079791,0.275990,1.195300,0.643563,0.074578,0.015750,-0.761589
1640841543035480064,-0.083235,0.276489,1.195851,0.643178,0.074590,0.015942,-0.761908
1640841543037609728,-0.085952,0.276877,1.196289,0.642875,0.074593,0.016087,-0.762160
1640841543040560128,-0.089718,0.277405,1.196899,0.642456,0.074583,0.016283,-0.762510
1640841543042619904,-0.092348,0.277768,1.197327,0.642164,0.074568,0.016417,-0.762755
1640841543045469952,-0.095988,0.278262,1.197923,0.641760,0.074538,0.016600,-0.763094
1640841543047879936,-0.099068,0.278673,1.198430,0.641417,0.074509,0.016752,-0.763382
1640841543050889984,-0.102916,0.279176,1.199068,0.640988,0.074474,0.016939,-0.763741
1640841543052569856,-0.105064,0.279452,1.199425,0.640748,0.074457,0.017042,-0.763942
1640841543055439872,-0.108735,0.279916,1.200039,0.640337,0.074430,0.017215,-0.764286
1640841543057639936,-0.111550,0.280265,1.200513,0.640023,0.074404,0.017344,-0.764548
1640841543060570112,-0.115300,0.280721,1.201147,0.639608,0.074353,0.017510,-0.764897
1640841543062619904,-0.117925,0.281034,1.201593,0.639321,0.074304,0.017623,-0.765139
1640841543065690112,-0.121858,0.281495,1.202265,0.638894,0.074215,0.017797,-0.765499
1640841543068259840,-0.125151,0.281871,1.202831,0.638539,0.074132,0.017955,-0.765800
1640841543070669824,-0.128240,0.282217,1.203364,0.638206,0.074054,0.018122,-0.766082
1640841543072540160,-0.130638,0.282481,1.203780,0.637947,0.073992,0.018262,-0.766300
1640841543075529728,-0.134472,0.282895,1.204447,0.637533,0.073885,0.018495,-0.766649
1640841543077740032,-0.137308,0.283194,1.204944,0.637229,0.073797,0.018667,-0.766906
1640841543080580096,-0.140953,0.283570,1.205584,0.636840,0.073666,0.018877,-0.767236
1640841543083180032,-0.144291,0.283906,1.206174,0.636487,0.073529,0.019052,-0.767538
1640841543085499904,-0.147270,0.284199,1.206703,0.636172,0.073403,0.019201,-0.767808
1640841543087729920,-0.150135,0.284475,1.207213,0.635868,0.073285,0.019341,-0.768067
1640841543090429952,-0.153604,0.284801,1.207834,0.635498,0.073157,0.019511,-0.768381
1640841543092489984,-0.156252,0.285045,1.208310,0.635213,0.073069,0.019641,-0.768622
1640841543096639744,-0.161588,0.285520,1.209274,0.634635,0.072904,0.019887,-0.769109
1640841543101159936,-0.167403,0.286016,1.210332,0.634001,0.072715,0.020109,-0.769643
1640841543101920000,-0.168381,0.286097,1.210510,0.633895,0.072680,0.020141,-0.769733
1640841543102479872,-0.169101,0.286156,1.210642,0.633816,0.072655,0.020164,-0.769800
1640841543105530112,-0.173027,0.286472,1.211363,0.633388,0.072511,0.020278,-0.770163
1640841543107689984,-0.175808,0.286690,1.211875,0.633084,0.072408,0.020353,-0.770420
1640841543110439936,-0.179350,0.286959,1.212530,0.632698,0.072276,0.020447,-0.770747
1640841543112839936,-0.182442,0.287188,1.213104,0.632362,0.072162,0.020530,-0.771031
1640841543116070144,-0.186604,0.287484,1.213880,0.631913,0.072002,0.020640,-0.771411
1640841543117649920,-0.188641,0.287625,1.214261,0.631696,0.071918,0.020690,-0.771596
1640841543120709888,-0.192586,0.287890,1.215002,0.631279,0.071738,0.020779,-0.771951
1640841543122540032,-0.194946,0.288043,1.215447,0.631033,0.071621,0.020827,-0.772162
1640841543125489920,-0.198751,0.288283,1.216166,0.630638,0.071424,0.020905,-0.772501
1640841543127589888,-0.201460,0.288447,1.216681,0.630356,0.071284,0.020969,-0.772742
1640841543130689792,-0.205461,0.288681,1.217443,0.629934,0.071091,0.021085,-0.773101
1640841543135670016,-0.211890,0.289034,1.218674,0.629242,0.070815,0.021305,-0.773683
1640841543136339968,-0.212755,0.289079,1.218840,0.629148,0.070779,0.021330,-0.773762
1640841543137629952,-0.214421,0.289165,1.219161,0.628969,0.070707,0.021373,-0.773914
1640841543140649984,-0.218322,0.289359,1.219915,0.628551,0.070527,0.021428,-0.774267
1640841543142579968,-0.220815,0.289478,1.220398,0.628287,0.070404,0.021431,-0.774493
1640841543145920000,-0.225131,0.289674,1.221237,0.627828,0.070180,0.021403,-0.774886
1640841543150739968,-0.231362,0.289935,1.222455,0.627153,0.069852,0.021358,-0.775463
1640841543151510016,-0.232358,0.289975,1.222650,0.627044,0.069800,0.021354,-0.775557
1640841543152580096,-0.233741,0.290028,1.222922,0.626891,0.069728,0.021350,-0.775687
1640841543155549952,-0.237582,0.290171,1.223678,0.626467,0.069529,0.021345,-0.776047
1640841543157590016,-0.240221,0.290263,1.224199,0.626177,0.069392,0.021346,-0.776293
1640841543160450048,-0.243921,0.290385,1.224932,0.625775,0.069202,0.021349,-0.776634
1640841543163079936,-0.247324,0.290490,1.225608,0.625410,0.069026,0.021352,-0.776944
1640841543165689856,-0.250702,0.290586,1.226282,0.625050,0.068851,0.021351,-0.777249
1640841543167709952,-0.253316,0.290656,1.226805,0.624769,0.068715,0.021344,-0.777487
1640841543171769856,-0.258573,0.290783,1.227860,0.624200,0.068437,0.021311,-0.777969
1640841543172740096,-0.259829,0.290810,1.228113,0.624064,0.068368,0.021301,-0.778085
1640841543175639808,-0.263585,0.290887,1.228871,0.623657,0.068152,0.021268,-0.778431
1640841543177919744,-0.266538,0.290942,1.229468,0.623341,0.067968,0.021242,-0.778701
1640841543180659968,-0.270087,0.291000,1.230189,0.622969,0.067727,0.021218,-0.779020
1640841543183099904,-0.273249,0.291045,1.230833,0.622647,0.067490,0.021206,-0.779299
1640841543185529856,-0.276397,0.291084,1.231476,0.622331,0.067243,0.021203,-0.779572
1640841543187660032,-0.279158,0.291113,1.232041,0.622055,0.067028,0.021208,-0.779811
1640841543191149824,-0.283681,0.291151,1.232970,0.621595,0.066700,0.021227,-0.780205
1640841543192629760,-0.285600,0.291163,1.233366,0.621397,0.066571,0.021237,-0.780373
1640841543195619840,-0.289476,0.291181,1.234166,0.620994,0.066318,0.021247,-0.780716
1640841543197669888,-0.292134,0.291188,1.234717,0.620715,0.066144,0.021240,-0.780952
1640841543200460032,-0.295752,0.291191,1.235468,0.620337,0.065898,0.021200,-0.781275
1640841543203480064,-0.299669,0.291185,1.236285,0.619926,0.065624,0.021121,-0.781626
1640841543205859840,-0.302756,0.291175,1.236930,0.619601,0.065409,0.021040,-0.781904
1640841543207639808,-0.305065,0.291163,1.237414,0.619355,0.065254,0.020971,-0.782114
1640841543210479872,-0.308749,0.291137,1.238188,0.618957,0.065023,0.020854,-0.782451
1640841543212649728,-0.311564,0.291113,1.238781,0.618649,0.064859,0.020762,-0.782711
1640841543215529984,-0.315301,0.291073,1.239570,0.618237,0.064649,0.020637,-0.783056
1640841543217819904,-0.318272,0.291035,1.240200,0.617912,0.064476,0.020539,-0.783330
1640841543220559872,-0.321828,0.290984,1.240955,0.617529,0.064254,0.020422,-0.783653
1640841543222659840,-0.324553,0.290939,1.241535,0.617239,0.064072,0.020332,-0.783899
1640841543225529856,-0.328278,0.290872,1.242331,0.616846,0.063813,0.020206,-0.784233
1640841543227859968,-0.331302,0.290811,1.242979,0.616528,0.063597,0.020098,-0.784503
1640841543230979840,-0.335352,0.290722,1.243849,0.616102,0.063309,0.019941,-0.784865
1640841543233149952,-0.338169,0.290655,1.244455,0.615805,0.063110,0.019825,-0.785117
1640841543235520000,-0.341245,0.290576,1.245120,0.615480,0.062891,0.019699,-0.785392
1640841543237819904,-0.344231,0.290495,1.245766,0.615166,0.062676,0.019584,-0.785658
1640841543241439744,-0.348931,0.290357,1.246787,0.614675,0.062325,0.019434,-0.786074
1640841543242609920,-0.350450,0.290310,1.247118,0.614517,0.062208,0.019393,-0.786208
1640841543245679872,-0.354435,0.290181,1.247988,0.614102,0.061900,0.019285,-0.786559
1640841543249440000,-0.359317,0.290010,1.249057,0.613587,0.061527,0.019123,-0.786994
1640841543250889984,-0.361200,0.289941,1.249471,0.613386,0.061387,0.019045,-0.787164
1640841543252549888,-0.363355,0.289860,1.249945,0.613155,0.061227,0.018948,-0.787358
1640841543255810048,-0.367589,0.289693,1.250879,0.612703,0.060908,0.018750,-0.787740
1640841543257710080,-0.370056,0.289591,1.251425,0.612443,0.060715,0.018640,-0.787959
1640841543260470016,-0.373639,0.289438,1.252220,0.612074,0.060418,0.018502,-0.788272
1640841543262749952,-0.376600,0.289307,1.252878,0.611779,0.060154,0.018416,-0.788523
1640841543267639808,-0.382949,0.289009,1.254295,0.611152,0.059578,0.018249,-0.789057
1640841543268169984,-0.383637,0.288976,1.254449,0.611083,0.059519,0.018226,-0.789115
1640841543270599936,-0.386793,0.288819,1.255157,0.610758,0.059260,0.018097,-0.789389
1640841543273159936,-0.390117,0.288649,1.255904,0.610407,0.059003,0.017927,-0.789684
1640841543277720064,-0.396038,0.288332,1.257240,0.609778,0.058548,0.017574,-0.790212
1640841543279119872,-0.397856,0.288231,1.257651,0.609587,0.058399,0.017461,-0.790372
1640841543280499968,-0.399647,0.288131,1.258058,0.609403,0.058245,0.017351,-0.790528
1640841543282680064,-0.402478,0.287968,1.258701,0.609116,0.057988,0.017179,-0.790772
1640841543285539840,-0.406191,0.287749,1.259546,0.608745,0.057633,0.016957,-0.791088
1640841543287639808,-0.408918,0.287584,1.260169,0.608472,0.057367,0.016794,-0.791321
1640841543290949888,-0.413215,0.287316,1.261153,0.608034,0.056951,0.016532,-0.791693
1640841543292929792,-0.415786,0.287152,1.261743,0.607767,0.056708,0.016373,-0.791918
1640841543295539968,-0.419174,0.286931,1.262523,0.607414,0.056394,0.016163,-0.792216
1640841543297669888,-0.421939,0.286747,1.263161,0.607128,0.056142,0.015994,-0.792457
1640841543300570112,-0.425704,0.286490,1.264032,0.606746,0.055803,0.015771,-0.792778
1640841543305359872,-0.431922,0.286051,1.265476,0.606130,0.055248,0.015411,-0.793295
1640841543306380032,-0.433246,0.285956,1.265784,0.605998,0.055130,0.015332,-0.793405
1640841543310319872,-0.438360,0.285579,1.266979,0.605481,0.054671,0.015011,-0.793838
1640841543311259904,-0.439580,0.285488,1.267265,0.605354,0.054560,0.014930,-0.793943
1640841543312609792,-0.441332,0.285355,1.267676,0.605171,0.054401,0.014809,-0.794096
1640841543316019968,-0.445758,0.285014,1.268716,0.604704,0.053996,0.014487,-0.794486
1640841543317720064,-0.447964,0.284841,1.269236,0.604471,0.053794,0.014318,-0.794680
1640841543320539904,-0.451624,0.284549,1.270100,0.604087,0.053460,0.014025,-0.794999
1640841543322789888,-0.454544,0.284312,1.270792,0.603784,0.053194,0.013782,-0.795252
1640841543325989888,-0.458696,0.283969,1.271779,0.603352,0.052819,0.013427,-0.795611
1640841543328249856,-0.461629,0.283722,1.272477,0.603044,0.052558,0.013171,-0.795866
1640841543330720000,-0.464834,0.283448,1.273243,0.602703,0.052275,0.012889,-0.796147
1640841543332589824,-0.467260,0.283238,1.273823,0.602441,0.052063,0.012674,-0.796363
1640841543335549952,-0.471100,0.282900,1.274745,0.602024,0.051728,0.012330,-0.796706
1640841543338919936,-0.475472,0.282509,1.275798,0.601550,0.051346,0.011926,-0.797094
1640841543342319872,-0.479883,0.282106,1.276864,0.601080,0.050953,0.011504,-0.797480
1640841543342870016,-0.480596,0.282040,1.277037,0.601004,0.050889,0.011435,-0.797542
1640841543345839872,-0.484449,0.281681,1.277971,0.600598,0.050533,0.011066,-0.797876
1640841543347620096,-0.486758,0.281463,1.278533,0.600354,0.050314,0.010850,-0.798076
1640841543350619904,-0.490649,0.281091,1.279482,0.599941,0.049929,0.010503,-0.798415
1640841543352619776,-0.493242,0.280840,1.280116,0.599664,0.049663,0.010285,-0.798643
1640841543355980032,-0.497600,0.280412,1.281184,0.599198,0.049207,0.009943,-0.799025
1640841543358319872,-0.500634,0.280110,1.281931,0.598877,0.048890,0.009718,-0.799288
1640841543360689920,-0.503707,0.279800,1.282688,0.598557,0.048577,0.009498,-0.799550
1640841543362779904,-0.506417,0.279524,1.283358,0.598278,0.048307,0.009309,-0.799777
1640841543365849856,-0.510398,0.279114,1.284344,0.597869,0.047919,0.009033,-0.800109
1640841543367620096,-0.512693,0.278876,1.284915,0.597629,0.047699,0.008871,-0.800303
1640841543371959808,-0.518319,0.278282,1.286317,0.597022,0.047167,0.008453,-0.800793
1640841543372709888,-0.519292,0.278178,1.286560,0.596914,0.047075,0.008377,-0.800879
1640841543375589888,-0.523025,0.277777,1.287495,0.596495,0.046724,0.008078,-0.801215
1640841543377750016,-0.525825,0.277473,1.288198,0.596178,0.046461,0.007846,-0.801469
1640841543380529920,-0.529428,0.277078,1.289106,0.595769,0.046121,0.007536,-0.801795
1640841543382599936,-0.532111,0.276781,1.289783,0.595468,0.045867,0.007298,-0.802036
1640841543385829888,-0.536297,0.276312,1.290843,0.595000,0.045468,0.006919,-0.802409
1640841543387899904,-0.538980,0.276009,1.291524,0.594700,0.045212,0.006674,-0.802648
1640841543390560000,-0.542427,0.275616,1.292402,0.594313,0.044884,0.006361,-0.802955
1640841543392560128,-0.545018,0.275319,1.293063,0.594021,0.044638,0.006127,-0.803187
1640841543395699968,-0.549087,0.274847,1.294104,0.593559,0.044254,0.005762,-0.803552
1640841543397739776,-0.551730,0.274537,1.294783,0.593257,0.044008,0.005525,-0.803790
1640841543401569792,-0.556692,0.273951,1.296060,0.592687,0.043553,0.005078,-0.804239
1640841543403769856,-0.559543,0.273611,1.296797,0.592358,0.043298,0.004819,-0.804496
1640841543406609920,-0.563222,0.273168,1.297750,0.591934,0.042967,0.004488,-0.804828
1640841543408669952,-0.565890,0.272844,1.298443,0.591629,0.042722,0.004256,-0.805066
1640841543410469888,-0.568222,0.272560,1.299050,0.591367,0.042501,0.004062,-0.805272
1640841543412849920,-0.571305,0.272182,1.299854,0.591026,0.042196,0.003819,-0.805539
1640841543415520000,-0.574763,0.271754,1.300759,0.590647,0.041842,0.003560,-0.805837
1640841543417870080,-0.577807,0.271375,1.301557,0.590314,0.041524,0.003338,-0.806098
1640841543420559872,-0.581290,0.270938,1.302473,0.589928,0.041161,0.003083,-0.806400
1640841543422749952,-0.584127,0.270579,1.303222,0.589610,0.040866,0.002871,-0.806648
1640841543425570048,-0.587779,0.270115,1.304187,0.589198,0.040486,0.002596,-0.806970
1640841543427739904,-0.590588,0.269755,1.304933,0.588880,0.040194,0.002383,-0.807217
1640841543430480128,-0.594136,0.269298,1.305876,0.588481,0.039824,0.002113,-0.807527
1640841543432689920,-0.596998,0.268927,1.306639,0.588161,0.039525,0.001893,-0.807775
1640841543435559936,-0.600714,0.268442,1.307633,0.587745,0.039145,0.001600,-0.808097
1640841543437729792,-0.603523,0.268073,1.308386,0.587428,0.038867,0.001369,-0.808342
1640841543440559872,-0.607187,0.267589,1.309371,0.587009,0.038523,0.001051,-0.808663
1640841543442769920,-0.610048,0.267209,1.310143,0.586675,0.038273,0.000786,-0.808917
1640841543445539840,-0.613634,0.266730,1.311112,0.586252,0.037978,0.000438,-0.809238
1640841543449590016,-0.618876,0.266024,1.312535,0.585636,0.037551,-0.000074,-0.809704
1640841543451379968,-0.621193,0.265710,1.313166,0.585369,0.037353,-0.000293,-0.809906
1640841543452539904,-0.622694,0.265506,1.313575,0.585198,0.037220,-0.000432,-0.810036
1640841543455440128,-0.626448,0.264994,1.314601,0.584773,0.036878,-0.000778,-0.810358
1640841543457609984,-0.629256,0.264609,1.315371,0.584453,0.036614,-0.001040,-0.810600
1640841543460439808,-0.632918,0.264104,1.316378,0.584029,0.036264,-0.001394,-0.810921
1640841543463259904,-0.636567,0.263598,1.317384,0.583601,0.035911,-0.001754,-0.811244
1640841543465590016,-0.639582,0.263178,1.318217,0.583248,0.035617,-0.002050,-0.811511
1640841543467919872,-0.642597,0.262756,1.319053,0.582897,0.035322,-0.002337,-0.811774
1640841543472409856,-0.648406,0.261939,1.320670,0.582241,0.034757,-0.002843,-0.812268
1640841543473090048,-0.649285,0.261814,1.320915,0.582144,0.034672,-0.002914,-0.812341
1640841543475739904,-0.652714,0.261328,1.321874,0.581769,0.034341,-0.003178,-0.812623
1640841543477860096,-0.655456,0.260938,1.322642,0.581467,0.034077,-0.003381,-0.812849
1640841543480589824,-0.658987,0.260433,1.323635,0.581071,0.033737,-0.003639,-0.813145
1640841543482640128,-0.661638,0.260052,1.324382,0.580767,0.033482,-0.003835,-0.813372
1640841543485649920,-0.665531,0.259491,1.325482,0.580313,0.033111,-0.004133,-0.813710
1640841543487660032,-0.668130,0.259115,1.326219,0.580007,0.032865,-0.004342,-0.813936
1640841543490720000,-0.672087,0.258541,1.327344,0.579545,0.032498,-0.004682,-0.814279
1640841543492569856,-0.674478,0.258192,1.328025,0.579268,0.032281,-0.004901,-0.814483
1640841543496140032,-0.679094,0.257517,1.329345,0.578733,0.031871,-0.005340,-0.814876
1640841543498720000,-0.682429,0.257027,1.330301,0.578344,0.031583,-0.005658,-0.815162
1640841543500509952,-0.684742,0.256686,1.330967,0.578070,0.031387,-0.005872,-0.815362
1640841543502629888,-0.687482,0.256281,1.331756,0.577742,0.031160,-0.006118,-0.815602
1640841543505559808,-0.691269,0.255720,1.332850,0.577283,0.030851,-0.006442,-0.815935
1640841543507779840,-0.694137,0.255294,1.333682,0.576935,0.030620,-0.006679,-0.816189
1640841543511059968,-0.698375,0.254661,1.334914,0.576421,0.030280,-0.007017,-0.816561
1640841543514009856,-0.702186,0.254091,1.336026,0.575966,0.029975,-0.007311,-0.816891
1640841543515559936,-0.704188,0.253790,1.336611,0.575731,0.029814,-0.007463,-0.817062
1640841543517710080,-0.706965,0.253373,1.337425,0.575410,0.029589,-0.007671,-0.817294
1640841543520549888,-0.710633,0.252819,1.338503,0.574992,0.029289,-0.007940,-0.817596
1640841543523459840,-0.714390,0.252251,1.339611,0.574560,0.028986,-0.008199,-0.817908
1640841543525440000,-0.716947,0.251863,1.340367,0.574261,0.028782,-0.008365,-0.818123
1640841543527670016,-0.719825,0.251426,1.341220,0.573922,0.028552,-0.008546,-0.818368
1640841543533179904,-0.726937,0.250342,1.343337,0.573076,0.027974,-0.008968,-0.818976
1640841543533999872,-0.727995,0.250180,1.343653,0.572950,0.027886,-0.009029,-0.819066
1640841543535569920,-0.730021,0.249870,1.344259,0.572709,0.027716,-0.009146,-0.819239
1640841543537659904,-0.732717,0.249457,1.345067,0.572392,0.027488,-0.009300,-0.819466
1640841543540580096,-0.736484,0.248878,1.346200,0.571959,0.027168,-0.009515,-0.819777
1640841543542699776,-0.739218,0.248457,1.347024,0.571652,0.026937,-0.009672,-0.819997
1640841543547139840,-0.744944,0.247574,1.348757,0.571014,0.026473,-0.010005,-0.820453
1640841543547689984,-0.745653,0.247465,1.348972,0.570934,0.026418,-0.010047,-0.820510
1640841543550839808,-0.749714,0.246837,1.350207,0.570464,0.026126,-0.010286,-0.820842
1640841543552599808,-0.751983,0.246485,1.350898,0.570195,0.025976,-0.010421,-0.821033
1640841543555460096,-0.755668,0.245914,1.352025,0.569750,0.025746,-0.010639,-0.821346
1640841543557639936,-0.758477,0.245477,1.352887,0.569408,0.025579,-0.010804,-0.821586
1640841543560459776,-0.762110,0.244912,1.354004,0.568968,0.025368,-0.011013,-0.821895
1640841543563350016,-0.765832,0.244333,1.355152,0.568520,0.025153,-0.011226,-0.822208
1640841543565709824,-0.768871,0.243859,1.356093,0.568157,0.024978,-0.011404,-0.822462
1640841543567639808,-0.771356,0.243472,1.356864,0.567862,0.024835,-0.011555,-0.822668
1640841543571640064,-0.776505,0.242667,1.358466,0.567255,0.024537,-0.011896,-0.823091
1640841543572620032,-0.777766,0.242470,1.358860,0.567106,0.024463,-0.011985,-0.823194
1640841543575539712,-0.781523,0.241883,1.360035,0.566663,0.024242,-0.012252,-0.823502
1640841543577629952,-0.784212,0.241462,1.360879,0.566344,0.024084,-0.012443,-0.823723
1640841543581989888,-0.789818,0.240584,1.362645,0.565671,0.023752,-0.012822,-0.824189
1640841543582700032,-0.790731,0.240441,1.362934,0.565560,0.023698,-0.012880,-0.824266
1640841543585799936,-0.794716,0.239816,1.364195,0.565077,0.023464,-0.013127,-0.824600
1640841543587669760,-0.797119,0.239440,1.364958,0.564788,0.023324,-0.013270,-0.824800
1640841543590519808,-0.800781,0.238865,1.366124,0.564353,0.023116,-0.013483,-0.825100
1640841543592630016,-0.803491,0.238440,1.366990,0.564038,0.022966,-0.013640,-0.825317
1640841543596329984,-0.808242,0.237695,1.368512,0.563491,0.022713,-0.013916,-0.825693
1640841543597879808,-0.810232,0.237383,1.369152,0.563261,0.022610,-0.014033,-0.825850
1640841543600469760,-0.813556,0.236862,1.370223,0.562870,0.022443,-0.014235,-0.826118
1640841543602809856,-0.816559,0.236391,1.371193,0.562507,0.022295,-0.014421,-0.826366
1640841543605579776,-0.820112,0.235834,1.372345,0.562071,0.022125,-0.014638,-0.826663
1640841543607699968,-0.822830,0.235408,1.373229,0.561736,0.021996,-0.014794,-0.826892
1640841543610949888,-0.826997,0.234755,1.374588,0.561228,0.021798,-0.015004,-0.827238
1640841543612609792,-0.829124,0.234422,1.375284,0.560971,0.021697,-0.015100,-0.827413
1640841543615849984,-0.833275,0.233773,1.376645,0.560472,0.021496,-0.015276,-0.827753
1640841543617580032,-0.835491,0.233426,1.377375,0.560206,0.021386,-0.015369,-0.827935
1640841543620509952,-0.839243,0.232840,1.378612,0.559754,0.021197,-0.015534,-0.828242
1640841543622690048,-0.842033,0.232404,1.379536,0.559415,0.021051,-0.015666,-0.828472
1640841543625649920,-0.845821,0.231813,1.380794,0.558952,0.020851,-0.015854,-0.828786
1640841543627990016,-0.848814,0.231347,1.381791,0.558584,0.020690,-0.016006,-0.829036
1640841543631459840,-0.853251,0.230656,1.383274,0.558034,0.020452,-0.016228,-0.829407
1640841543632789760,-0.854951,0.230392,1.383844,0.557823,0.020362,-0.016311,-0.829550
1640841543635490048,-0.858402,0.229856,1.385004,0.557393,0.020179,-0.016477,-0.829840
1640841543637789952,-0.861340,0.229401,1.385994,0.557028,0.020026,-0.016616,-0.830086
1640841543640519936,-0.864826,0.228860,1.387173,0.556595,0.019847,-0.016777,-0.830378
1640841543642969856,-0.867954,0.228377,1.388234,0.556208,0.019686,-0.016920,-0.830638
1640841543645499904,-0.871183,0.227878,1.389333,0.555811,0.019515,-0.017065,-0.830904
1640841543648179968,-0.874602,0.227351,1.390500,0.555394,0.019322,-0.017214,-0.831185
1640841543650470144,-0.877522,0.226901,1.391500,0.555041,0.019143,-0.017338,-0.831422
1640841543652580096,-0.880212,0.226488,1.392424,0.554719,0.018966,-0.017449,-0.831639
1640841543655419904,-0.883831,0.225932,1.393671,0.554287,0.018722,-0.017596,-0.831929
1640841543660329728,-0.890085,0.224975,1.395836,0.553545,0.018317,-0.017846,-0.832427
1640841543661469952,-0.891537,0.224754,1.396340,0.553372,0.018232,-0.017903,-0.832542
1640841543662700032,-0.893103,0.224515,1.396885,0.553185,0.018146,-0.017966,-0.832667
1640841543665989888,-0.897289,0.223878,1.398346,0.552682,0.017932,-0.018135,-0.833002
1640841543667630080,-0.899376,0.223561,1.399077,0.552429,0.017832,-0.018221,-0.833170
1640841543671330048,-0.904081,0.222848,1.400729,0.551851,0.017613,-0.018420,-0.833553
1640841543674559744,-0.908186,0.222228,1.402178,0.551343,0.017422,-0.018606,-0.833889
1640841543675439872,-0.909304,0.222059,1.402573,0.551204,0.017369,-0.018659,-0.833981
1640841543677709824,-0.912187,0.221625,1.403596,0.550848,0.017230,-0.018802,-0.834216
1640841543680489984,-0.915718,0.221094,1.404851,0.550415,0.017053,-0.018993,-0.834501
1640841543682679808,-0.918497,0.220678,1.405843,0.550077,0.016909,-0.019154,-0.834723
1640841543685489920,-0.922063,0.220145,1.407119,0.549643,0.016725,-0.019367,-0.835007
1640841543687629824,-0.924777,0.219740,1.408094,0.549311,0.016587,-0.019530,-0.835225
1640841543690459904,-0.928366,0.219207,1.409387,0.548867,0.016414,-0.019742,-0.835515
1640841543692629760,-0.931116,0.218799,1.410380,0.548523,0.016287,-0.019899,-0.835740
1640841543696120064,-0.935538,0.218145,1.411985,0.547970,0.016081,-0.020142,-0.836101
1640841543697659904,-0.937488,0.217858,1.412694,0.547728,0.015985,-0.020246,-0.836259
1640841543700539904,-0.941135,0.217322,1.414025,0.547284,0.015791,-0.020436,-0.836548
1640841543703539968,-0.944931,0.216765,1.415416,0.546835,0.015565,-0.020628,-0.836842
1640841543705740032,-0.947715,0.216359,1.416439,0.546510,0.015392,-0.020767,-0.837053
1640841543707660032,-0.950143,0.216005,1.417335,0.546229,0.015242,-0.020889,-0.837237
1640841543710469888,-0.953695,0.215489,1.418648,0.545815,0.015033,-0.021068,-0.837506
1640841543712689920,-0.956501,0.215082,1.419689,0.545484,0.014883,-0.021213,-0.837720
1640841543715499776,-0.960051,0.214570,1.421010,0.545062,0.014707,-0.021395,-0.837994
1640841543717759744,-0.962905,0.214159,1.422076,0.544720,0.014568,-0.021536,-0.838215
1640841543720499968,-0.966364,0.213663,1.423373,0.544307,0.014392,-0.021695,-0.838482
1640841543722800128,-0.969267,0.213248,1.424464,0.543960,0.014237,-0.021817,-0.838706
1640841543725430016,-0.972584,0.212775,1.425715,0.543566,0.014059,-0.021946,-0.838962
1640841543727650048,-0.975384,0.212378,1.426774,0.543234,0.013912,-0.022049,-0.839177
1640841543730579968,-0.979077,0.211855,1.428177,0.542797,0.013728,-0.022178,-0.839459
1640841543732579840,-0.981598,0.211500,1.429137,0.542500,0.013611,-0.022266,-0.839651
1640841543735639808,-0.985452,0.210958,1.430610,0.542048,0.013438,-0.022407,-0.839941
1640841543738030080,-0.988462,0.210537,1.431765,0.541699,0.013304,-0.022532,-0.840165
1640841543740429824,-0.991483,0.210116,1.432927,0.541353,0.013167,-0.022676,-0.840386
1640841543742739968,-0.994390,0.209712,1.434049,0.541024,0.013032,-0.022835,-0.840596
1640841543745449984,-0.997799,0.209240,1.435370,0.540636,0.012875,-0.023034,-0.840843
1640841543747680000,-1.000603,0.208853,1.436459,0.540311,0.012752,-0.023200,-0.841049
1640841543750939904,-1.004701,0.208291,1.438058,0.539821,0.012590,-0.023431,-0.841360
1640841543752679936,-1.006887,0.207992,1.438913,0.539551,0.012513,-0.023545,-0.841530
1640841543756280064,-1.011409,0.207376,1.440689,0.538990,0.012362,-0.023769,-0.841886
1640841543758249984,-1.013883,0.207041,1.441664,0.538686,0.012278,-0.023887,-0.842078
1640841543760489984,-1.016694,0.206661,1.442775,0.538350,0.012178,-0.024021,-0.842291
1640841543762619904,-1.019367,0.206301,1.443835,0.538039,0.012074,-0.024148,-0.842487
1640841543765659904,-1.023180,0.205791,1.445352,0.537606,0.011913,-0.024323,-0.842761
1640841543767769856,-1.025826,0.205438,1.446408,0.537309,0.011791,-0.024436,-0.842949
1640841543771100160,-1.030000,0.204884,1.448080,0.536840,0.011584,-0.024593,-0.843246
1640841543772759808,-1.032080,0.204609,1.448916,0.536602,0.011474,-0.024659,-0.843397
1640841543775499776,-1.035512,0.204157,1.450300,0.536205,0.011284,-0.024752,-0.843650
1640841543777609728,-1.038154,0.203811,1.451368,0.535895,0.011137,-0.024818,-0.843846
1640841543780979968,-1.042373,0.203261,1.453081,0.535401,0.010913,-0.024929,-0.844160
1640841543782670080,-1.044487,0.202986,1.453942,0.535155,0.010811,-0.024994,-0.844315
1640841543785529856,-1.048065,0.202524,1.455404,0.534744,0.010658,-0.025122,-0.844573
1640841543788999936,-1.052403,0.201967,1.457184,0.534251,0.010496,-0.025278,-0.844883
1640841543790550016,-1.054340,0.201719,1.457981,0.534032,0.010429,-0.025337,-0.845020
1640841543792599808,-1.056902,0.201393,1.459038,0.533742,0.010342,-0.025404,-0.845203
1640841543795660032,-1.060724,0.200909,1.460621,0.533307,0.010215,-0.025499,-0.845475
1640841543797629952,-1.063184,0.200599,1.461643,0.533026,0.010133,-0.025566,-0.845652
1640841543800750080,-1.067078,0.200110,1.463267,0.532574,0.010001,-0.025705,-0.845934
1640841543802929920,-1.069798,0.199771,1.464405,0.532255,0.009905,-0.025829,-0.846132
1640841543805659904,-1.073203,0.199349,1.465834,0.531852,0.009782,-0.026000,-0.846382
1640841543808589824,-1.076856,0.198899,1.467373,0.531420,0.009652,-0.026176,-0.846649
1640841543810479872,-1.079211,0.198610,1.468369,0.531143,0.009569,-0.026271,-0.846820
1640841543812669952,-1.081940,0.198277,1.469525,0.530825,0.009476,-0.026361,-0.847018
1640841543815470080,-1.085427,0.197854,1.471008,0.530420,0.009360,-0.026457,-0.847270
1640841543817999872,-1.088576,0.197474,1.472353,0.530056,0.009259,-0.026535,-0.847497
1640841543820509952,-1.091700,0.197099,1.473690,0.529695,0.009161,-0.026616,-0.847721
1640841543822749952,-1.094486,0.196766,1.474887,0.529372,0.009076,-0.026698,-0.847921
1640841543825549824,-1.097968,0.196354,1.476388,0.528967,0.008972,-0.026826,-0.848171
1640841543827739904,-1.100690,0.196033,1.477566,0.528651,0.008886,-0.026936,-0.848366
1640841543830449920,-1.104057,0.195638,1.479027,0.528268,0.008756,-0.027051,-0.848602
1640841543832599808,-1.106728,0.195327,1.480189,0.527971,0.008631,-0.027116,-0.848785
1640841543835959808,-1.110899,0.194845,1.482012,0.527513,0.008419,-0.027184,-0.849070
1640841543840760064,-1.116854,0.194163,1.484629,0.526845,0.008139,-0.027265,-0.849485
1640841543841750016,-1.118082,0.194024,1.485170,0.526703,0.008089,-0.027283,-0.849573
1640841543842759936,-1.119334,0.193882,1.485723,0.526559,0.008040,-0.027301,-0.849662
1640841543845779968,-1.123078,0.193460,1.487380,0.526125,0.007908,-0.027354,-0.849930
1640841543847719936,-1.125481,0.193191,1.488448,0.525849,0.007831,-0.027384,-0.850101
1640841543850579968,-1.129023,0.192797,1.490027,0.525451,0.007725,-0.027419,-0.850347
1640841543852939776,-1.131944,0.192474,1.491333,0.525128,0.007642,-0.027445,-0.850546
1640841543855549696,-1.135174,0.192120,1.492783,0.524775,0.007552,-0.027477,-0.850764
1640841543857689856,-1.137821,0.191831,1.493974,0.524485,0.007477,-0.027514,-0.850942
1640841543860460032,-1.141246,0.191461,1.495521,0.524106,0.007374,-0.027582,-0.851175
1640841543862819840,-1.144162,0.191147,1.496842,0.523778,0.007282,-0.027661,-0.851375
1640841543865559808,-1.147546,0.190786,1.498380,0.523394,0.007177,-0.027768,-0.851608
1640841543867739904,-1.150238,0.190501,1.499608,0.523087,0.007099,-0.027856,-0.851794
1640841543870419968,-1.153545,0.190154,1.501121,0.522712,0.007017,-0.027960,-0.852022
1640841543872659968,-1.156308,0.189866,1.502390,0.522399,0.006958,-0.028043,-0.852211
1640841543875529984,-1.159847,0.189499,1.504020,0.522000,0.006891,-0.028140,-0.852453
1640841543877649920,-1.162459,0.189231,1.505227,0.521706,0.006846,-0.028205,-0.852632
1640841543880489728,-1.165957,0.188874,1.506848,0.521312,0.006787,-0.028282,-0.852870
1640841543883040000,-1.169097,0.188557,1.508309,0.520959,0.006732,-0.028341,-0.853085
1640841543885459968,-1.172075,0.188258,1.509698,0.520623,0.006677,-0.028388,-0.853289
1640841543887660032,-1.174781,0.187989,1.510965,0.520317,0.006626,-0.028428,-0.853474
1640841543890539776,-1.178321,0.187639,1.512627,0.519913,0.006561,-0.028481,-0.853719
1640841543892659968,-1.180926,0.187384,1.513855,0.519614,0.006515,-0.028522,-0.853900
1640841543895559936,-1.184487,0.187038,1.515538,0.519206,0.006453,-0.028576,-0.854147
1640841543898340096,-1.187899,0.186709,1.517157,0.518820,0.006393,-0.028619,-0.854380
1640841543900440064,-1.190475,0.186463,1.518382,0.518534,0.006346,-0.028643,-0.854553
1640841543903439872,-1.194153,0.186115,1.520138,0.518132,0.006279,-0.028664,-0.854797
1640841543905459968,-1.196629,0.185883,1.521324,0.517862,0.006235,-0.028673,-0.854961
1640841543907640064,-1.199299,0.185634,1.522606,0.517569,0.006190,-0.028678,-0.855138
1640841543910769920,-1.203130,0.185280,1.524452,0.517143,0.006135,-0.028684,-0.855396
1640841543912619776,-1.205394,0.185073,1.525546,0.516888,0.006107,-0.028688,-0.855551
1640841543915989760,-1.209514,0.184700,1.527544,0.516419,0.006066,-0.028703,-0.855834
1640841543917779968,-1.211702,0.184503,1.528608,0.516169,0.006049,-0.028717,-0.855984
1640841543920440064,-1.214951,0.184214,1.530193,0.515798,0.006030,-0.028749,-0.856206
1640841543922619904,-1.217612,0.183979,1.531495,0.515495,0.006020,-0.028785,-0.856388
1640841543925459968,-1.221077,0.183675,1.533196,0.515099,0.006012,-0.028840,-0.856625
1640841543927769856,-1.223894,0.183431,1.534582,0.514772,0.006010,-0.028887,-0.856819
1640841543931289856,-1.228183,0.183063,1.536702,0.514264,0.006012,-0.028956,-0.857122
1640841543932649728,-1.229839,0.182922,1.537522,0.514064,0.006014,-0.028980,-0.857241
1640841543935579904,-1.233405,0.182622,1.539295,0.513631,0.006021,-0.029027,-0.857499
1640841543937649920,-1.235923,0.182411,1.540550,0.513326,0.006027,-0.029058,-0.857680
1640841543941959936,-1.241162,0.181979,1.543171,0.512703,0.006040,-0.029115,-0.858051
1640841543942629888,-1.241976,0.181912,1.543579,0.512607,0.006041,-0.029124,-0.858108
1640841543945560064,-1.245534,0.181624,1.545368,0.512192,0.006045,-0.029155,-0.858355
1640841543947789824,-1.248240,0.181406,1.546733,0.511875,0.006043,-0.029174,-0.858543
1640841543950469888,-1.251490,0.181148,1.548378,0.511493,0.006032,-0.029189,-0.858770
1640841543952689920,-1.254180,0.180935,1.549743,0.511175,0.006019,-0.029193,-0.858959
1640841543955529984,-1.257620,0.180667,1.551494,0.510769,0.006002,-0.029181,-0.859202
1640841543957690112,-1.260235,0.180465,1.552828,0.510463,0.005993,-0.029156,-0.859385
1640841543960419840,-1.263537,0.180212,1.554519,0.510081,0.005991,-0.029101,-0.859613
1640841543962749952,-1.266354,0.179999,1.555965,0.509759,0.005999,-0.029036,-0.859806
1640841543965590016,-1.269785,0.179742,1.557731,0.509368,0.006014,-0.028946,-0.860041
1640841543967779840,-1.272429,0.179546,1.559097,0.509066,0.006026,-0.028877,-0.860222
1640841543970479872,-1.275686,0.179307,1.560784,0.508688,0.006039,-0.028800,-0.860448
1640841543974109952,-1.280062,0.178990,1.563058,0.508170,0.006050,-0.028718,-0.860757
1640841543975429888,-1.281653,0.178876,1.563887,0.507978,0.006054,-0.028694,-0.860870
1640841543978099712,-1.284868,0.178647,1.565567,0.507588,0.006062,-0.028652,-0.861102
1640841543980499968,-1.287756,0.178444,1.567080,0.507233,0.006073,-0.028621,-0.861312
1640841543982689792,-1.290389,0.178261,1.568463,0.506906,0.006087,-0.028597,-0.861505
1640841543985600000,-1.293887,0.178020,1.570305,0.506470,0.006117,-0.028573,-0.861763
1640841543988910080,-1.297861,0.177749,1.572405,0.505971,0.006171,-0.028555,-0.862055
1640841543990379776,-1.299625,0.177631,1.573340,0.505750,0.006204,-0.028551,-0.862185
1640841543992679936,-1.302384,0.177446,1.574805,0.505404,0.006265,-0.028547,-0.862388
1640841543995450112,-1.305704,0.177227,1.576573,0.504988,0.006350,-0.028538,-0.862631
1640841543997649920,-1.308339,0.177055,1.577979,0.504659,0.006420,-0.028521,-0.862824
1640841544000559872,-1.311822,0.176830,1.579844,0.504224,0.006511,-0.028475,-0.863079
1640841544002720000,-1.314405,0.176666,1.581231,0.503901,0.006571,-0.028425,-0.863268
1640841544006959872,-1.319473,0.176347,1.583960,0.503268,0.006666,-0.028303,-0.863641
1640841544007649792,-1.320297,0.176295,1.584406,0.503164,0.006677,-0.028282,-0.863702
1640841544010799872,-1.324057,0.176063,1.586440,0.502690,0.006709,-0.028184,-0.863981
1640841544013479936,-1.327253,0.175869,1.588175,0.502286,0.006715,-0.028101,-0.864219
1640841544015409920,-1.329554,0.175730,1.589427,0.501996,0.006715,-0.028037,-0.864389
1640841544017750016,-1.332342,0.175564,1.590947,0.501651,0.006723,-0.027950,-0.864593
1640841544020539904,-1.335663,0.175368,1.592763,0.501249,0.006754,-0.027823,-0.864829
1640841544022840064,-1.338399,0.175209,1.594262,0.500924,0.006797,-0.027703,-0.865021
1640841544026719744,-1.343011,0.174944,1.596798,0.500378,0.006889,-0.027485,-0.865344
1640841544027670016,-1.344139,0.174880,1.597420,0.500242,0.006913,-0.027430,-0.865424
1640841544030429952,-1.347416,0.174695,1.599230,0.499839,0.006981,-0.027277,-0.865660
1640841544032599808,-1.349991,0.174552,1.600655,0.499514,0.007030,-0.027164,-0.865851
1640841544035539968,-1.353476,0.174361,1.602589,0.499066,0.007096,-0.027021,-0.866114
1640841544037859840,-1.356225,0.174211,1.604119,0.498711,0.007150,-0.026916,-0.866321
1640841544042959872,-1.362261,0.173890,1.607490,0.497943,0.007289,-0.026712,-0.866767
1640841544045369856,-1.365111,0.173740,1.609087,0.497585,0.007366,-0.026627,-0.866975
1640841544046550016,-1.366506,0.173668,1.609870,0.497409,0.007405,-0.026588,-0.867077
1640841544047649792,-1.367805,0.173601,1.610600,0.497245,0.007443,-0.026552,-0.867172
1640841544050429696,-1.371088,0.173433,1.612448,0.496824,0.007544,-0.026467,-0.867415
1640841544052649984,-1.373708,0.173301,1.613927,0.496483,0.007629,-0.026402,-0.867611
1640841544055559936,-1.377139,0.173129,1.615868,0.496032,0.007745,-0.026316,-0.867871
1640841544057829888,-1.379814,0.172998,1.617385,0.495679,0.007838,-0.026246,-0.868074
1640841544060689920,-1.383182,0.172834,1.619300,0.495236,0.007958,-0.026149,-0.868329
1640841544062680064,-1.385524,0.172721,1.620635,0.494929,0.008043,-0.026074,-0.868505
1640841544065420032,-1.388747,0.172568,1.622475,0.494511,0.008157,-0.025963,-0.868745
1640841544067749888,-1.391485,0.172439,1.624042,0.494157,0.008249,-0.025860,-0.868949
1640841544070639872,-1.394879,0.172282,1.625990,0.493723,0.008353,-0.025724,-0.869199
1640841544072640000,-1.397227,0.172175,1.627339,0.493424,0.008420,-0.025624,-0.869371
1640841544077469952,-1.402891,0.171920,1.630606,0.492708,0.008573,-0.025360,-0.869783
1640841544079379968,-1.405129,0.171821,1.631901,0.492427,0.008634,-0.025246,-0.869945
1640841544080459776,-1.406394,0.171765,1.632633,0.492268,0.008670,-0.025179,-0.870036
1640841544083399936,-1.409836,0.171615,1.634631,0.491837,0.008768,-0.024993,-0.870284
1640841544085440000,-1.412222,0.171513,1.636018,0.491538,0.008837,-0.024863,-0.870456
1640841544088079872,-1.415309,0.171382,1.637817,0.491151,0.008928,-0.024700,-0.870679
1640841544090579968,-1.418230,0.171259,1.639523,0.490782,0.009013,-0.024556,-0.870890
1640841544092979968,-1.421032,0.171143,1.641163,0.490426,0.009095,-0.024427,-0.871093
1640841544095539712,-1.424019,0.171021,1.642915,0.490043,0.009185,-0.024295,-0.871311
1640841544097849856,-1.426713,0.170912,1.644498,0.489696,0.009272,-0.024174,-0.871509
1640841544100459776,-1.429755,0.170790,1.646289,0.489300,0.009378,-0.024030,-0.871734
1640841544102680064,-1.432341,0.170688,1.647816,0.488961,0.009477,-0.023904,-0.871927
1640841544105919744,-1.436113,0.170541,1.650046,0.488465,0.009641,-0.023727,-0.872208
1640841544107859968,-1.438369,0.170455,1.651384,0.488167,0.009750,-0.023632,-0.872376
1640841544110449920,-1.441381,0.170340,1.653172,0.487771,0.009913,-0.023528,-0.872598
1640841544112869888,-1.444192,0.170234,1.654845,0.487402,0.010081,-0.023456,-0.872804
1640841544115520000,-1.447269,0.170120,1.656679,0.486998,0.010272,-0.023386,-0.873029
1640841544117779968,-1.449892,0.170024,1.658246,0.486652,0.010430,-0.023313,-0.873223
1640841544120819712,-1.453417,0.169896,1.660357,0.486181,0.010620,-0.023171,-0.873486
1640841544123129856,-1.456094,0.169800,1.661963,0.485819,0.010749,-0.023034,-0.873690
1640841544125459968,-1.458793,0.169705,1.663585,0.485453,0.010869,-0.022883,-0.873896
1640841544127899904,-1.461618,0.169606,1.665286,0.485068,0.010989,-0.022726,-0.874112
1640841544130439936,-1.464557,0.169504,1.667060,0.484668,0.011113,-0.022578,-0.874336
1640841544133260032,-1.467817,0.169393,1.669031,0.484225,0.011255,-0.022452,-0.874583
1640841544135469824,-1.470371,0.169306,1.670578,0.483880,0.011376,-0.022396,-0.874774
1640841544137719808,-1.472969,0.169219,1.672155,0.483531,0.011508,-0.022376,-0.874965
1640841544140879872,-1.476616,0.169099,1.674373,0.483050,0.011691,-0.022280,-0.875231
1640841544142649856,-1.478658,0.169032,1.675616,0.482784,0.011785,-0.022162,-0.875380
1640841544145519872,-1.481967,0.168925,1.677636,0.482353,0.011929,-0.021910,-0.875622
1640841544147680000,-1.484455,0.168845,1.679157,0.482027,0.012032,-0.021703,-0.875805
1640841544150439936,-1.487633,0.168744,1.681104,0.481605,0.012158,-0.021453,-0.876042
1640841544152659968,-1.490188,0.168664,1.682672,0.481262,0.012257,-0.021269,-0.876233
1640841544156069888,-1.494110,0.168542,1.685083,0.480734,0.012407,-0.021007,-0.876527
1640841544157670144,-1.495949,0.168486,1.686216,0.480487,0.012476,-0.020889,-0.876664
1640841544160440064,-1.499131,0.168389,1.688180,0.480066,0.012596,-0.020687,-0.876898
1640841544162729984,-1.501761,0.168310,1.689805,0.479724,0.012697,-0.020517,-0.877088
1640841544165489920,-1.504928,0.168215,1.691766,0.479315,0.012825,-0.020310,-0.877314
1640841544167909888,-1.507703,0.168133,1.693487,0.478955,0.012948,-0.020127,-0.877513
1640841544171340032,-1.511634,0.168018,1.695931,0.478436,0.013146,-0.019871,-0.877799
1640841544172709888,-1.513204,0.167972,1.696907,0.478224,0.013234,-0.019770,-0.877916
1640841544175459840,-1.516352,0.167881,1.698870,0.477794,0.013419,-0.019570,-0.878151
1640841544177789952,-1.519019,0.167805,1.700535,0.477426,0.013579,-0.019405,-0.878353
1640841544181489920,-1.523250,0.167685,1.703183,0.476838,0.013831,-0.019155,-0.878674
1640841544182649856,-1.524575,0.167648,1.704014,0.476653,0.013908,-0.019078,-0.878774
1640841544185740032,-1.528105,0.167549,1.706229,0.476166,0.014111,-0.018879,-0.879040
1640841544188059904,-1.530754,0.167476,1.707894,0.475805,0.014263,-0.018731,-0.879236
1640841544190389760,-1.533413,0.167403,1.709569,0.475449,0.014417,-0.018583,-0.879429
1640841544192889856,-1.536264,0.167325,1.711367,0.475072,0.014582,-0.018427,-0.879633
1640841544195489792,-1.539228,0.167244,1.713239,0.474681,0.014754,-0.018276,-0.879844
1640841544197749760,-1.541802,0.167174,1.714867,0.474336,0.014903,-0.018160,-0.880030
1640841544200450048,-1.544877,0.167092,1.716815,0.473913,0.015078,-0.018050,-0.880258
1640841544206739968,-1.552031,0.166901,1.721360,0.472901,0.015473,-0.017847,-0.880799
1640841544207500032,-1.552895,0.166878,1.721911,0.472781,0.015519,-0.017818,-0.880863
1640841544207919872,-1.553372,0.166866,1.722214,0.472715,0.015545,-0.017801,-0.880898
1640841544210799872,-1.556644,0.166779,1.724300,0.472274,0.015718,-0.017659,-0.881135
1640841544212639744,-1.558733,0.166725,1.725634,0.472002,0.015825,-0.017547,-0.881281
1640841544215559936,-1.562047,0.166638,1.727752,0.471578,0.015989,-0.017343,-0.881509
1640841544217890048,-1.564690,0.166569,1.729444,0.471243,0.016112,-0.017166,-0.881689
1640841544220480000,-1.567626,0.166492,1.731327,0.470869,0.016238,-0.016962,-0.881890
1640841544222759936,-1.570209,0.166425,1.732985,0.470537,0.016343,-0.016779,-0.882069
1640841544225430016,-1.573233,0.166347,1.734929,0.470144,0.016467,-0.016557,-0.882281
1640841544227680000,-1.575780,0.166281,1.736568,0.469811,0.016577,-0.016364,-0.882460
1640841544230399744,-1.578856,0.166201,1.738552,0.469405,0.016726,-0.016121,-0.882677
1640841544232709888,-1.581468,0.166133,1.740238,0.469059,0.016867,-0.015906,-0.882863
1640841544235759872,-1.584914,0.166044,1.742466,0.468602,0.017066,-0.015617,-0.883107
1640841544237939712,-1.587376,0.165980,1.744059,0.468277,0.017208,-0.015412,-0.883280
1640841544241679872,-1.591597,0.165871,1.746795,0.467728,0.017440,-0.015073,-0.883572
1640841544242640128,-1.592680,0.165843,1.747498,0.467589,0.017495,-0.014989,-0.883646
1640841544247010048,-1.597606,0.165715,1.750700,0.466954,0.017741,-0.014616,-0.883983
1640841544247789824,-1.598485,0.165692,1.751272,0.466839,0.017785,-0.014550,-0.884044
1640841544250589952,-1.601638,0.165610,1.753326,0.466423,0.017947,-0.014313,-0.884264
1640841544252669696,-1.603979,0.165548,1.754853,0.466106,0.018073,-0.014135,-0.884431
1640841544255549952,-1.607220,0.165463,1.756969,0.465660,0.018253,-0.013892,-0.884667
1640841544257659904,-1.609592,0.165401,1.758520,0.465329,0.018386,-0.013720,-0.884841
1640841544260509952,-1.612795,0.165316,1.760616,0.464880,0.018564,-0.013501,-0.885076
1640841544263109888,-1.615716,0.165238,1.762530,0.464470,0.018721,-0.013316,-0.885291
1640841544265869824,-1.618814,0.165155,1.764562,0.464036,0.018887,-0.013125,-0.885518
1640841544268440064,-1.621698,0.165078,1.766456,0.463633,0.019043,-0.012939,-0.885728
1640841544270489856,-1.623996,0.165016,1.767968,0.463313,0.019170,-0.012779,-0.885895
1640841544272709888,-1.626485,0.164948,1.769605,0.462969,0.019309,-0.012592,-0.886075
1640841544275719936,-1.629857,0.164856,1.771827,0.462505,0.019496,-0.012319,-0.886317
1640841544277669888,-1.632040,0.164796,1.773267,0.462207,0.019614,-0.012129,-0.886472
1640841544280480000,-1.635185,0.164709,1.775343,0.461782,0.019775,-0.011841,-0.886694
1640841544282820096,-1.637802,0.164636,1.777073,0.461430,0.019904,-0.011592,-0.886878
1640841544286549760,-1.641971,0.164518,1.779832,0.460861,0.020111,-0.011186,-0.887174
1640841544287999744,-1.643591,0.164472,1.780905,0.460635,0.020195,-0.011029,-0.887291
1640841544290459904,-1.646339,0.164393,1.782726,0.460242,0.020347,-0.010768,-0.887495
1640841544292649984,-1.648783,0.164323,1.784348,0.459885,0.020488,-0.010540,-0.887679
1640841544295439872,-1.651896,0.164232,1.786415,0.459428,0.020669,-0.010257,-0.887915
1640841544297709824,-1.654427,0.164158,1.788098,0.459059,0.020812,-0.010032,-0.888105
1640841544300539904,-1.657581,0.164064,1.790196,0.458611,0.020978,-0.009757,-0.888336
1640841544302670080,-1.659954,0.163993,1.791776,0.458285,0.021091,-0.009553,-0.888504
1640841544305590016,-1.663205,0.163895,1.793943,0.457845,0.021236,-0.009277,-0.888730
1640841544307699968,-1.665553,0.163823,1.795510,0.457525,0.021341,-0.009079,-0.888894
1640841544310649856,-1.668834,0.163721,1.797700,0.457059,0.021499,-0.008800,-0.889133
1640841544312679936,-1.671091,0.163651,1.799209,0.456724,0.021618,-0.008607,-0.889304
1640841544315490048,-1.674214,0.163552,1.801297,0.456249,0.021789,-0.008337,-0.889546
1640841544317699840,-1.676668,0.163474,1.802939,0.455872,0.021922,-0.008124,-0.889738
1640841544320459776,-1.679732,0.163375,1.804992,0.455404,0.022079,-0.007855,-0.889976
1640841544322749952,-1.682273,0.163292,1.806695,0.455022,0.022199,-0.007630,-0.890171
1640841544326309888,-1.686222,0.163161,1.809344,0.454439,0.022367,-0.007268,-0.890468
1640841544328039936,-1.688139,0.163097,1.810631,0.454160,0.022443,-0.007086,-0.890609
1640841544330569984,-1.690942,0.163002,1.812515,0.453757,0.022546,-0.006808,-0.890814
1640841544332739840,-1.693346,0.162920,1.814130,0.453415,0.022631,-0.006561,-0.890988
1640841544335449856,-1.696346,0.162816,1.816149,0.452989,0.022733,-0.006241,-0.891204
1640841544337779968,-1.698924,0.162726,1.817884,0.452621,0.022820,-0.005961,-0.891391
1640841544340420096,-1.701844,0.162622,1.819852,0.452199,0.022920,-0.005638,-0.891605
1640841544342670080,-1.704332,0.162533,1.821528,0.451835,0.023009,-0.005362,-0.891789
1640841544345739776,-1.707724,0.162409,1.823817,0.451336,0.023131,-0.004982,-0.892040
1640841544347810048,-1.710011,0.162325,1.825360,0.451001,0.023213,-0.004726,-0.892209
1640841544350429952,-1.712904,0.162217,1.827314,0.450582,0.023316,-0.004403,-0.892419
1640841544352619776,-1.715320,0.162125,1.828947,0.450238,0.023401,-0.004135,-0.892592
1640841544355520000,-1.718520,0.162003,1.831110,0.449785,0.023510,-0.003786,-0.892819
1640841544357779968,-1.721012,0.161906,1.832796,0.449433,0.023594,-0.003522,-0.892995
1640841544360450048,-1.723955,0.161790,1.834789,0.449012,0.023692,-0.003224,-0.893206
1640841544363339776,-1.727139,0.161663,1.836945,0.448549,0.023798,-0.002918,-0.893436
1640841544366769920,-1.730917,0.161510,1.839505,0.447992,0.023927,-0.002567,-0.893714
1640841544367749888,-1.731995,0.161466,1.840237,0.447831,0.023966,-0.002467,-0.893793
1640841544370460160,-1.734978,0.161342,1.842260,0.447385,0.024079,-0.002189,-0.894014
1640841544372699904,-1.737442,0.161239,1.843932,0.447016,0.024176,-0.001955,-0.894197
1640841544375579904,-1.740609,0.161104,1.846082,0.446544,0.024296,-0.001652,-0.894430
1640841544377660160,-1.742895,0.161006,1.847636,0.446207,0.024371,-0.001433,-0.894597
1640841544380590080,-1.746115,0.160865,1.849824,0.445743,0.024451,-0.001128,-0.894826
1640841544382789888,-1.748531,0.160758,1.851466,0.445402,0.024492,-0.000897,-0.894995
1640841544385399808,-1.751397,0.160630,1.853416,0.445006,0.024532,-0.000613,-0.895191
1640841544387640064,-1.753856,0.160518,1.855089,0.444671,0.024568,-0.000353,-0.895357
1640841544390429952,-1.756917,0.160377,1.857172,0.444261,0.024626,0.000001,-0.895559
1640841544392659968,-1.759362,0.160263,1.858838,0.443937,0.024686,0.000311,-0.895718
1640841544395969792,-1.762991,0.160091,1.861310,0.443459,0.024786,0.000798,-0.895952
1640841544403960064,-1.771743,0.159663,1.867278,0.442299,0.024972,0.001972,-0.896518
1640841544405089792,-1.772980,0.159601,1.868122,0.442133,0.024991,0.002128,-0.896599
1640841544405419776,-1.773341,0.159583,1.868368,0.442085,0.024996,0.002174,-0.896622
1640841544405730048,-1.773680,0.159566,1.868600,0.442039,0.025001,0.002216,-0.896645
1640841544407689728,-1.775825,0.159458,1.870064,0.441750,0.025033,0.002475,-0.896785
1640841544410469888,-1.778866,0.159302,1.872140,0.441337,0.025080,0.002821,-0.896986
1640841544412760064,-1.781370,0.159171,1.873850,0.440994,0.025125,0.003083,-0.897153
1640841544415789824,-1.784681,0.158997,1.876112,0.440536,0.025200,0.003391,-0.897375
1640841544417690112,-1.786757,0.158886,1.877531,0.440247,0.025259,0.003560,-0.897514
1640841544420460032,-1.789783,0.158722,1.879599,0.439821,0.025366,0.003768,-0.897719
1640841544422679808,-1.792206,0.158589,1.881256,0.439477,0.025467,0.003908,-0.897884
1640841544427340032,-1.797291,0.158305,1.884734,0.438772,0.025600,0.004303,-0.898223
1640841544428429824,-1.798480,0.158237,1.885548,0.438612,0.025605,0.004430,-0.898301
1640841544432509952,-1.802928,0.157981,1.888592,0.438012,0.025619,0.004879,-0.898591
1640841544434789888,-1.805413,0.157836,1.890293,0.437672,0.025646,0.005085,-0.898754
1640841544437459968,-1.808321,0.157663,1.892284,0.437276,0.025685,0.005309,-0.898945
1640841544438050048,-1.808963,0.157625,1.892724,0.437189,0.025693,0.005359,-0.898987
1640841544440539904,-1.811674,0.157461,1.894581,0.436825,0.025725,0.005579,-0.899161
1640841544442759936,-1.814090,0.157314,1.896236,0.436506,0.025746,0.005790,-0.899314
1640841544445639936,-1.817222,0.157119,1.898382,0.436098,0.025763,0.006077,-0.899510
1640841544447859968,-1.819636,0.156968,1.900037,0.435788,0.025768,0.006304,-0.899658
1640841544450459904,-1.822462,0.156788,1.901974,0.435427,0.025765,0.006569,-0.899831
1640841544453019904,-1.825242,0.156608,1.903880,0.435073,0.025755,0.006828,-0.900001
1640841544455849984,-1.828315,0.156407,1.905987,0.434680,0.025739,0.007114,-0.900189
1640841544458040064,-1.830691,0.156250,1.907618,0.434371,0.025725,0.007338,-0.900337
1640841544460609792,-1.833479,0.156062,1.909530,0.434002,0.025711,0.007606,-0.900513
1640841544462729984,-1.835777,0.155906,1.911107,0.433693,0.025700,0.007831,-0.900660
1640841544465430016,-1.838703,0.155704,1.913115,0.433298,0.025687,0.008117,-0.900848
1640841544468729856,-1.842277,0.155453,1.915568,0.432821,0.025667,0.008461,-0.901075
1640841544470899712,-1.844625,0.155286,1.917180,0.432517,0.025651,0.008679,-0.901219
1640841544474419712,-1.848432,0.155011,1.919795,0.432034,0.025616,0.009018,-0.901448
1640841544475859968,-1.849989,0.154897,1.920864,0.431837,0.025600,0.009152,-0.901542
1640841544477769728,-1.852053,0.154745,1.922282,0.431571,0.025577,0.009327,-0.901668
1640841544480569856,-1.855077,0.154519,1.924359,0.431168,0.025540,0.009578,-0.901859
1640841544483209728,-1.857926,0.154302,1.926317,0.430775,0.025503,0.009813,-0.902046
1640841544485509888,-1.860407,0.154112,1.928022,0.430428,0.025469,0.010020,-0.902210
1640841544487799808,-1.862876,0.153919,1.929718,0.430084,0.025433,0.010232,-0.902373
1640841544490819840,-1.866130,0.153662,1.931955,0.429642,0.025383,0.010527,-0.902581
1640841544492770048,-1.868229,0.153494,1.933398,0.429367,0.025348,0.010729,-0.902710
1640841544495559936,-1.871231,0.153251,1.935462,0.428984,0.025292,0.011030,-0.902891
1640841544497759744,-1.873596,0.153056,1.937089,0.428686,0.025240,0.011276,-0.903031
1640841544500519936,-1.876562,0.152809,1.939129,0.428312,0.025159,0.011591,-0.903206
1640841544502769920,-1.878978,0.152606,1.940790,0.428005,0.025081,0.011852,-0.903351
1640841544505929984,-1.882369,0.152315,1.943123,0.427571,0.024963,0.012222,-0.903555
1640841544507789824,-1.884363,0.152142,1.944495,0.427314,0.024895,0.012441,-0.903675
1640841544510429952,-1.887192,0.151894,1.946441,0.426951,0.024807,0.012752,-0.903845
1640841544512819968,-1.889751,0.151666,1.948203,0.426622,0.024738,0.013032,-0.903998
1640841544516189696,-1.893356,0.151340,1.950684,0.426158,0.024645,0.013423,-0.904213
1640841544517750016,-1.895024,0.151188,1.951832,0.425944,0.024602,0.013602,-0.904313
1640841544520549888,-1.898015,0.150911,1.953891,0.425559,0.024516,0.013918,-0.904492
1640841544523209728,-1.900854,0.150644,1.955845,0.425191,0.024424,0.014214,-0.904662
1640841544525580032,-1.903382,0.150403,1.957586,0.424861,0.024336,0.014476,-0.904816
1640841544527809792,-1.905758,0.150174,1.959222,0.424547,0.024248,0.014722,-0.904961
1640841544530449920,-1.908569,0.149900,1.961158,0.424170,0.024140,0.015016,-0.905136
1640841544534710016,-1.913100,0.149449,1.964279,0.423550,0.023968,0.015492,-0.905423
1640841544535419904,-1.913854,0.149373,1.964799,0.423446,0.023941,0.015570,-0.905471
1640841544537789696,-1.916371,0.149118,1.966533,0.423099,0.023853,0.015829,-0.905631
1640841544540459776,-1.919205,0.148826,1.968485,0.422711,0.023764,0.016113,-0.905810
1640841544543079936,-1.921982,0.148536,1.970399,0.422332,0.023685,0.016384,-0.905983
1640841544545459968,-1.924503,0.148270,1.972136,0.421989,0.023611,0.016628,-0.906141
1640841544547889920,-1.927074,0.147995,1.973908,0.421636,0.023523,0.016878,-0.906303
1640841544550449920,-1.929780,0.147701,1.975774,0.421260,0.023409,0.017147,-0.906476
1640841544552689920,-1.932147,0.147441,1.977405,0.420928,0.023290,0.017391,-0.906628
1640841544555599872,-1.935217,0.147100,1.979522,0.420498,0.023118,0.017725,-0.906826
1640841544557949952,-1.937694,0.146820,1.981230,0.420154,0.022970,0.018012,-0.906983
1640841544560480000,-1.940358,0.146516,1.983067,0.419792,0.022808,0.018340,-0.907148
1640841544562709760,-1.942704,0.146245,1.984685,0.419476,0.022665,0.018643,-0.907292
1640841544565519872,-1.945657,0.145899,1.986722,0.419080,0.022483,0.019034,-0.907471
1640841544569530112,-1.949866,0.145397,1.989625,0.418507,0.022222,0.019591,-0.907730
1640841544571120128,-1.951533,0.145195,1.990775,0.418275,0.022118,0.019807,-0.907835
1640841544572880128,-1.953376,0.144970,1.992047,0.418017,0.022001,0.020045,-0.907952
1640841544576910080,-1.957593,0.144448,1.994956,0.417425,0.021719,0.020603,-0.908218
1640841544577769984,-1.958491,0.144336,1.995577,0.417300,0.021655,0.020727,-0.908274
1640841544580489984,-1.961332,0.143976,1.997537,0.416911,0.021443,0.021135,-0.908449
1640841544582739712,-1.963678,0.143676,1.999157,0.416597,0.021253,0.021493,-0.908589
1640841544586609920,-1.967710,0.143151,2.001940,0.416064,0.020917,0.022116,-0.908826
1640841544589910016,-1.971142,0.142696,2.004310,0.415601,0.020643,0.022608,-0.909032
1640841544591849984,-1.973157,0.142426,2.005702,0.415321,0.020494,0.022865,-0.909157
1640841544592659968,-1.973998,0.142312,2.006282,0.415202,0.020435,0.022967,-0.909210
1640841544595619840,-1.977068,0.141893,2.008403,0.414761,0.020227,0.023325,-0.909407
1640841544597760000,-1.979284,0.141587,2.009934,0.414438,0.020083,0.023579,-0.909550
1640841544600979968,-1.982616,0.141120,2.012236,0.413950,0.019869,0.023982,-0.909767
1640841544603279872,-1.984992,0.140783,2.013878,0.413603,0.019713,0.024302,-0.909919
1640841544605819904,-1.987613,0.140406,2.015689,0.413224,0.019533,0.024694,-0.910085
1640841544607699968,-1.989551,0.140124,2.017029,0.412947,0.019391,0.024985,-0.910206
1640841544610380032,-1.992310,0.139719,2.018937,0.412555,0.019171,0.025361,-0.910378
1640841544612720128,-1.994717,0.139360,2.020601,0.412215,0.018968,0.025655,-0.910528
1640841544616609792,-1.998711,0.138757,2.023362,0.411652,0.018619,0.026113,-0.910777
1640841544617839872,-1.999972,0.138564,2.024235,0.411473,0.018509,0.026259,-0.910856
1640841544620839936,-2.003045,0.138089,2.026361,0.411035,0.018250,0.026634,-0.911047
1640841544622759936,-2.005009,0.137781,2.027719,0.410754,0.018089,0.026891,-0.911170
1640841544625440000,-2.007747,0.137348,2.029614,0.410359,0.017865,0.027266,-0.911341
1640841544627749888,-2.010104,0.136970,2.031246,0.410018,0.017668,0.027604,-0.911488
1640841544630449920,-2.012856,0.136524,2.033151,0.409620,0.017428,0.028010,-0.911660
1640841544633100032,-2.015552,0.136081,2.035018,0.409231,0.017184,0.028415,-0.911826
1640841544635699968,-2.018194,0.135641,2.036847,0.408852,0.016938,0.028814,-0.911988
1640841544637760000,-2.020285,0.135289,2.038296,0.408555,0.016741,0.029129,-0.912115
1640841544640559872,-2.023122,0.134806,2.040262,0.408158,0.016474,0.029548,-0.912284
1640841544642679808,-2.025268,0.134436,2.041749,0.407861,0.016272,0.029859,-0.912411
1640841544645409792,-2.028027,0.133956,2.043661,0.407477,0.016014,0.030250,-0.912574
1640841544648049920,-2.030691,0.133485,2.045509,0.407099,0.015767,0.030622,-0.912734
1640841544650679808,-2.033342,0.133011,2.047347,0.406709,0.015522,0.030989,-0.912900
1640841544652779776,-2.035455,0.132629,2.048813,0.406385,0.015329,0.031280,-0.913037
1640841544655559936,-2.038249,0.132118,2.050752,0.405948,0.015075,0.031664,-0.913223
1640841544657719808,-2.040416,0.131717,2.052256,0.405606,0.014880,0.031961,-0.913368
1640841544660450048,-2.043152,0.131205,2.054156,0.405179,0.014636,0.032335,-0.913548
1640841544662720000,-2.045424,0.130775,2.055733,0.404830,0.014433,0.032645,-0.913695
1640841544665499904,-2.048201,0.130243,2.057663,0.404408,0.014181,0.033024,-0.913872
1640841544667889920,-2.050585,0.129780,2.059320,0.404049,0.013958,0.033349,-0.914022
1640841544670859776,-2.053544,0.129199,2.061377,0.403608,0.013670,0.033753,-0.914207
1640841544673120000,-2.055791,0.128752,2.062940,0.403276,0.013440,0.034063,-0.914346
1640841544675419904,-2.058075,0.128293,2.064529,0.402939,0.013200,0.034386,-0.914485
1640841544677979904,-2.060614,0.127777,2.066296,0.402566,0.012927,0.034761,-0.914640
1640841544680499968,-2.063109,0.127264,2.068033,0.402199,0.012654,0.035151,-0.914790
1640841544683189760,-2.065768,0.126711,2.069885,0.401808,0.012361,0.035589,-0.914949
1640841544685570048,-2.068117,0.126217,2.071523,0.401460,0.012102,0.035988,-0.915089
1640841544688930048,-2.071427,0.125511,2.073831,0.400965,0.011741,0.036556,-0.915288
1640841544690419968,-2.072893,0.125195,2.074853,0.400743,0.011584,0.036805,-0.915377
1640841544692879872,-2.075309,0.124669,2.076540,0.400375,0.011326,0.037211,-0.915525
1640841544695479808,-2.077860,0.124108,2.078320,0.399984,0.011052,0.037635,-0.915683
1640841544698269952,-2.080592,0.123499,2.080229,0.399563,0.010750,0.038083,-0.915851
1640841544700369920,-2.082645,0.123037,2.081664,0.399248,0.010515,0.038417,-0.915978
1640841544702819840,-2.085036,0.122493,2.083336,0.398882,0.010228,0.038803,-0.916124
1640841544706369792,-2.088495,0.121695,2.085757,0.398354,0.009794,0.039355,-0.916335
1640841544707699968,-2.089789,0.121393,2.086663,0.398153,0.009635,0.039560,-0.916415
1640841544710409984,-2.092422,0.120774,2.088507,0.397732,0.009336,0.039974,-0.916583
1640841544712709888,-2.094653,0.120244,2.090071,0.397364,0.009110,0.040323,-0.916730
1640841544715809792,-2.097654,0.119521,2.092176,0.396858,0.008830,0.040790,-0.916931
1640841544717769984,-2.099548,0.119060,2.093505,0.396538,0.008659,0.041085,-0.917058
1640841544720599808,-2.102279,0.118389,2.095423,0.396082,0.008410,0.041511,-0.917238
1640841544722729984,-2.104331,0.117878,2.096865,0.395746,0.008215,0.041832,-0.917370
1640841544725479936,-2.106976,0.117214,2.098725,0.395316,0.007956,0.042242,-0.917539
1640841544727959808,-2.109357,0.116609,2.100401,0.394930,0.007718,0.042606,-0.917690
1640841544730939904,-2.112213,0.115875,2.102413,0.394461,0.007430,0.043030,-0.917874
1640841544732909824,-2.114097,0.115385,2.103741,0.394146,0.007240,0.043300,-0.917999
1640841544735489792,-2.116561,0.114738,2.105479,0.393726,0.006995,0.043644,-0.918165
1640841544737949952,-2.118907,0.114116,2.107135,0.393328,0.006765,0.043977,-0.918321
1640841544740559872,-2.121390,0.113450,2.108890,0.392919,0.006522,0.044352,-0.918480
1640841544742749952,-2.123471,0.112887,2.110361,0.392584,0.006320,0.044684,-0.918608
1640841544745609984,-2.126184,0.112144,2.112281,0.392154,0.006056,0.045132,-0.918772
1640841544750399744,-2.130714,0.110884,2.115491,0.391424,0.005610,0.045893,-0.919048
1640841544751780096,-2.132016,0.110516,2.116415,0.391208,0.005480,0.046110,-0.919130
1640841544752749824,-2.132930,0.110257,2.117064,0.391054,0.005388,0.046261,-0.919188
1640841544755499776,-2.135520,0.109518,2.118903,0.390615,0.005124,0.046684,-0.919355
1640841544757740032,-2.137625,0.108911,2.120400,0.390254,0.004907,0.047022,-0.919492
1640841544760499968,-2.140214,0.108157,2.122243,0.389812,0.004637,0.047429,-0.919661
1640841544763139840,-2.142685,0.107428,2.124003,0.389391,0.004377,0.047808,-0.919821
1640841544765719808,-2.145095,0.106710,2.125722,0.388981,0.004126,0.048166,-0.919977
1640841544767769856,-2.147007,0.106135,2.127087,0.388654,0.003932,0.048439,-0.920101
1640841544771569920,-2.150543,0.105059,2.129615,0.388047,0.003588,0.048919,-0.920334
1640841544772739840,-2.151630,0.104725,2.130392,0.387858,0.003487,0.049060,-0.920406
1640841544775599872,-2.154282,0.103903,2.132291,0.387397,0.003245,0.049398,-0.920583
1640841544778309888,-2.156789,0.103117,2.134089,0.386957,0.003017,0.049718,-0.920751
1640841544780679936,-2.158978,0.102424,2.135660,0.386571,0.002815,0.050003,-0.920899
1640841544782719744,-2.160858,0.101823,2.137011,0.386239,0.002636,0.050259,-0.921025
1640841544785559808,-2.163471,0.100980,2.138891,0.385775,0.002375,0.050637,-0.921199
1640841544787799808,-2.165527,0.100310,2.140372,0.385409,0.002160,0.050948,-0.921336
1640841544790589696,-2.168083,0.099468,2.142216,0.384953,0.001886,0.051336,-0.921505
1640841544792669952,-2.169985,0.098835,2.143589,0.384614,0.001682,0.051614,-0.921632
1640841544795500032,-2.172567,0.097968,2.145456,0.384156,0.001409,0.051961,-0.921804
1640841544797750016,-2.174616,0.097274,2.146939,0.383793,0.001200,0.052199,-0.921942
1640841544800750080,-2.177341,0.096340,2.148915,0.383314,0.000938,0.052451,-0.922127
1640841544802729728,-2.179136,0.095719,2.150217,0.383000,0.000770,0.052611,-0.922249
1640841544805569792,-2.181705,0.094821,2.152085,0.382552,0.000517,0.052915,-0.922417
1640841544807760128,-2.183682,0.094123,2.153523,0.382207,0.000303,0.053249,-0.922541
1640841544811239936,-2.186815,0.093006,2.155807,0.381653,-0.000051,0.053815,-0.922738
1640841544812749824,-2.188172,0.092517,2.156797,0.381409,-0.000202,0.054007,-0.922827
1640841544815449856,-2.190593,0.091637,2.158567,0.380967,-0.000461,0.054245,-0.922996
1640841544818519808,-2.193339,0.090629,2.160577,0.380462,-0.000743,0.054451,-0.923192
1640841544820479744,-2.195087,0.089980,2.161859,0.380143,-0.000918,0.054603,-0.923314
1640841544822880000,-2.197225,0.089181,2.163428,0.379755,-0.001126,0.054821,-0.923461
1640841544825559808,-2.199606,0.088281,2.165178,0.379323,-0.001349,0.055093,-0.923622
1640841544827819776,-2.201609,0.087518,2.166653,0.378957,-0.001529,0.055334,-0.923757
1640841544830419968,-2.203908,0.086632,2.168349,0.378531,-0.001725,0.055612,-0.923915
1640841544833299968,-2.206448,0.085644,2.170225,0.378056,-0.001933,0.055909,-0.924091
1640841544835500032,-2.208383,0.084884,2.171657,0.377692,-0.002090,0.056127,-0.924226
1640841544837929984,-2.210516,0.084039,2.173237,0.377291,-0.002268,0.056355,-0.924376
1640841544840509952,-2.212775,0.083135,2.174914,0.376871,-0.002469,0.056580,-0.924533
1640841544843489792,-2.215377,0.082083,2.176849,0.376390,-0.002714,0.056824,-0.924713
1640841544845609984,-2.217223,0.081329,2.178224,0.376051,-0.002892,0.056993,-0.924840
1640841544847839744,-2.219161,0.080532,2.179669,0.375693,-0.003081,0.057171,-0.924974
1640841544850439936,-2.221415,0.079595,2.181353,0.375276,-0.003297,0.057385,-0.925129
1640841544853369856,-2.223947,0.078532,2.183249,0.374804,-0.003535,0.057640,-0.925304
1640841544857449984,-2.227460,0.077038,2.185886,0.374153,-0.003861,0.058017,-0.925542
1640841544860319744,-2.229922,0.075977,2.187738,0.373705,-0.004093,0.058299,-0.925705
1640841544861039872,-2.230538,0.075709,2.188202,0.373594,-0.004151,0.058372,-0.925745
1640841544862919680,-2.232146,0.075009,2.189414,0.373309,-0.004307,0.058566,-0.925847
1640841544865520128,-2.234363,0.074034,2.191089,0.372919,-0.004526,0.058834,-0.925986
1640841544868439808,-2.236846,0.072931,2.192968,0.372476,-0.004775,0.059118,-0.926145
1640841544870649856,-2.238719,0.072090,2.194389,0.372131,-0.004964,0.059309,-0.926270
1640841544873299712,-2.240959,0.071076,2.196092,0.371707,-0.005188,0.059515,-0.926426
1640841544875979776,-2.243218,0.070043,2.197811,0.371273,-0.005408,0.059706,-0.926586
1640841544877809920,-2.244757,0.069334,2.198985,0.370977,-0.005552,0.059830,-0.926696
1640841544880440064,-2.246962,0.068309,2.200670,0.370554,-0.005750,0.060007,-0.926853
1640841544882880000,-2.249001,0.067352,2.202232,0.370166,-0.005921,0.060171,-0.926996
1640841544885479936,-2.251168,0.066325,2.203894,0.369753,-0.006092,0.060342,-0.927149
1640841544888069888,-2.253320,0.065296,2.205549,0.369337,-0.006249,0.060505,-0.927303
1640841544890839808,-2.255613,0.064188,2.207316,0.368883,-0.006406,0.060666,-0.927472
1640841544892849920,-2.257273,0.063379,2.208598,0.368546,-0.006514,0.060772,-0.927598
1640841544895459840,-2.259421,0.062323,2.210260,0.368105,-0.006654,0.060895,-0.927764
1640841544897809920,-2.261350,0.061366,2.211756,0.367710,-0.006785,0.060991,-0.927913
1640841544900480000,-2.263534,0.060273,2.213453,0.367272,-0.006948,0.061083,-0.928080
1640841544902870016,-2.265483,0.059288,2.214971,0.366888,-0.007105,0.061154,-0.928226
1640841544906880000,-2.268739,0.057622,2.217514,0.366250,-0.007383,0.061266,-0.928468
1640841544910719744,-2.271840,0.056013,2.219946,0.365635,-0.007652,0.061389,-0.928700
1640841544911510016,-2.272477,0.055680,2.220446,0.365506,-0.007707,0.061418,-0.928748
1640841544912770048,-2.273490,0.055147,2.221243,0.365300,-0.007793,0.061467,-0.928826
1640841544915510016,-2.275687,0.053984,2.222974,0.364849,-0.007978,0.061584,-0.928993
1640841544917809920,-2.277526,0.053002,2.224426,0.364472,-0.008135,0.061688,-0.929133
1640841544922609920,-2.281343,0.050936,2.227452,0.363708,-0.008477,0.061901,-0.929415
1640841544923559936,-2.282095,0.050524,2.228050,0.363561,-0.008548,0.061940,-0.929470
1640841544925449728,-2.283590,0.049702,2.229239,0.363271,-0.008694,0.062015,-0.929577
1640841544927909888,-2.285528,0.048628,2.230786,0.362892,-0.008889,0.062104,-0.929717
1640841544930469888,-2.287539,0.047503,2.232394,0.362489,-0.009100,0.062188,-0.929867
1640841544932960000,-2.289487,0.046403,2.233956,0.362083,-0.009310,0.062259,-0.930018
1640841544935539968,-2.291498,0.045256,2.235573,0.361655,-0.009527,0.062328,-0.930177
1640841544940259840,-2.295157,0.043142,2.238526,0.360871,-0.009910,0.062455,-0.930469
1640841544941210112,-2.295891,0.042714,2.239120,0.360715,-0.009983,0.062482,-0.930527
1640841544942949888,-2.297231,0.041927,2.240206,0.360432,-0.010112,0.062534,-0.930632
1640841544945529856,-2.299212,0.040755,2.241816,0.360017,-0.010298,0.062614,-0.930785
1640841544947889920,-2.301018,0.039678,2.243288,0.359639,-0.010469,0.062687,-0.930925
1640841544950899712,-2.303311,0.038296,2.245162,0.359155,-0.010697,0.062777,-0.931103
1640841544952869888,-2.304806,0.037386,2.246387,0.358837,-0.010854,0.062831,-0.931220
1640841544955559936,-2.306840,0.036138,2.248058,0.358399,-0.011076,0.062897,-0.931381
1640841544957799936,-2.308527,0.035093,2.249449,0.358032,-0.011267,0.062944,-0.931517
1640841544960519936,-2.310568,0.033818,2.251135,0.357583,-0.011505,0.062989,-0.931683
1640841544962769920,-2.312249,0.032758,2.252529,0.357211,-0.011705,0.063019,-0.931822
1640841544965679872,-2.314414,0.031379,2.254329,0.356731,-0.011969,0.063054,-0.932000
1640841544967959808,-2.316103,0.030293,2.255738,0.356358,-0.012177,0.063084,-0.932138
1640841544970779904,-2.318184,0.028943,2.257479,0.355904,-0.012437,0.063131,-0.932305
1640841544972780032,-2.319654,0.027981,2.258713,0.355586,-0.012622,0.063171,-0.932421
1640841544975620096,-2.321732,0.026607,2.260462,0.355137,-0.012886,0.063233,-0.932584
1640841544977779968,-2.323306,0.025558,2.261791,0.354795,-0.013088,0.063279,-0.932709
1640841544980460032,-2.325251,0.024249,2.263439,0.354365,-0.013339,0.063332,-0.932865
1640841544983119872,-2.327172,0.022944,2.265072,0.353934,-0.013590,0.063377,-0.933022
1640841544985539840,-2.328913,0.021750,2.266556,0.353542,-0.013823,0.063411,-0.933165
1640841544988659968,-2.331146,0.020202,2.268467,0.353041,-0.014131,0.063445,-0.933347
1640841544990899968,-2.332741,0.019085,2.269838,0.352687,-0.014360,0.063463,-0.933476
1640841544992749824,-2.334054,0.018159,2.270969,0.352399,-0.014552,0.063474,-0.933582
1640841544995479808,-2.335984,0.016786,2.272636,0.351978,-0.014834,0.063483,-0.933735
1640841544997859840,-2.337658,0.015584,2.274088,0.351613,-0.015076,0.063484,-0.933869
1640841545000739840,-2.339675,0.014121,2.275843,0.351173,-0.015355,0.063478,-0.934030
1640841545002990080,-2.341243,0.012973,2.277213,0.350828,-0.015563,0.063467,-0.934157
1640841545005609984,-2.343060,0.011630,2.278806,0.350428,-0.015800,0.063447,-0.934305
1640841545007920128,-2.344655,0.010440,2.280210,0.350077,-0.016010,0.063422,-0.934434
1640841545010439936,-2.346387,0.009137,2.281739,0.349697,-0.016248,0.063386,-0.934575
1640841545012669952,-2.347913,0.007978,2.283091,0.349365,-0.016466,0.063348,-0.934698
1640841545015519744,-2.349854,0.006491,2.284816,0.348945,-0.016755,0.063290,-0.934853
1640841545017900032,-2.351467,0.005242,2.286256,0.348600,-0.017000,0.063237,-0.934981
1640841545023209728,-2.355038,0.002438,2.289463,0.347848,-0.017553,0.063108,-0.935260
1640841545023680000,-2.355352,0.002188,2.289746,0.347783,-0.017602,0.063096,-0.935284
1640841545025440000,-2.356526,0.001252,2.290808,0.347543,-0.017787,0.063054,-0.935372
1640841545027869952,-2.358141,-0.000046,2.292271,0.347222,-0.018048,0.063002,-0.935490
1640841545030669824,-2.359991,-0.001548,2.293956,0.346867,-0.018357,0.062953,-0.935619
1640841545032899840,-2.361458,-0.002750,2.295297,0.346596,-0.018610,0.062924,-0.935717
1640841545035559936,-2.363198,-0.004189,2.296894,0.346282,-0.018914,0.062904,-0.935828
1640841545037920000,-2.364734,-0.005472,2.298310,0.346010,-0.019185,0.062899,-0.935924
1640841545040499968,-2.366405,-0.006881,2.299856,0.345715,-0.019478,0.062910,-0.936026
1640841545042799872,-2.367887,-0.008142,2.301233,0.345454,-0.019736,0.062929,-0.936115
1640841545045509888,-2.369624,-0.009634,2.302854,0.345150,-0.020041,0.062949,-0.936220
1640841545047819776,-2.371097,-0.010911,2.304234,0.344893,-0.020304,0.062950,-0.936309
1640841545050720000,-2.372935,-0.012522,2.305965,0.344576,-0.020643,0.062916,-0.936420
1640841545053040128,-2.374398,-0.013816,2.307348,0.344327,-0.020918,0.062862,-0.936509
1640841545057699840,-2.377314,-0.016430,2.310122,0.343842,-0.021472,0.062707,-0.936685
1640841545058159872,-2.377600,-0.016690,2.310396,0.343795,-0.021526,0.062689,-0.936703
1640841545060459776,-2.379027,-0.017989,2.311763,0.343565,-0.021793,0.062599,-0.936787
1640841545062850048,-2.380502,-0.019344,2.313183,0.343332,-0.022063,0.062503,-0.936872
1640841545065420032,-2.382079,-0.020807,2.314707,0.343090,-0.022347,0.062403,-0.936961
1640841545068450048,-2.383926,-0.022540,2.316503,0.342814,-0.022680,0.062292,-0.937061
1640841545071109888,-2.385538,-0.024068,2.318078,0.342581,-0.022975,0.062201,-0.937145
1640841545072859904,-2.386593,-0.025077,2.319113,0.342432,-0.023174,0.062144,-0.937199
1640841545075520000,-2.388188,-0.026616,2.320685,0.342212,-0.023486,0.062059,-0.937277
1640841545077929984,-2.389625,-0.028016,2.322107,0.342018,-0.023781,0.061981,-0.937345
1640841545080440064,-2.391113,-0.029479,2.323588,0.341823,-0.024105,0.061895,-0.937414
1640841545082919936,-2.392575,-0.030931,2.325049,0.341637,-0.024439,0.061808,-0.937479
1640841545085889792,-2.394314,-0.032677,2.326797,0.341427,-0.024853,0.061707,-0.937551
1640841545089540096,-2.396434,-0.034834,2.328943,0.341191,-0.025371,0.061595,-0.937630
1640841545090419968,-2.396943,-0.035356,2.329459,0.341139,-0.025496,0.061572,-0.937648
1640841545092819968,-2.398324,-0.036783,2.330868,0.341005,-0.025836,0.061517,-0.937691
1640841545095500032,-2.399856,-0.038382,2.332439,0.340869,-0.026209,0.061467,-0.937733
1640841545098019840,-2.401288,-0.039892,2.333915,0.340750,-0.026552,0.061428,-0.937769
1640841545100489728,-2.402683,-0.041377,2.335360,0.340639,-0.026878,0.061395,-0.937803
1640841545105789952,-2.405646,-0.044583,2.338457,0.340401,-0.027528,0.061323,-0.937875
1640841545107209984,-2.406433,-0.045446,2.339285,0.340337,-0.027691,0.061300,-0.937895
1640841545108160000,-2.406958,-0.046025,2.339839,0.340295,-0.027801,0.061282,-0.937908
1640841545110469888,-2.408230,-0.047434,2.341185,0.340199,-0.028074,0.061223,-0.937938
1640841545112819968,-2.409515,-0.048874,2.342554,0.340113,-0.028361,0.061145,-0.937966
1640841545115549952,-2.410999,-0.050551,2.344142,0.340024,-0.028698,0.061042,-0.937995
1640841545117830144,-2.412230,-0.051958,2.345467,0.339959,-0.028974,0.060951,-0.938016
1640841545120529920,-2.413677,-0.053629,2.347034,0.339892,-0.029287,0.060846,-0.938037
1640841545123289856,-2.415147,-0.055344,2.348634,0.339831,-0.029594,0.060740,-0.938056
1640841545126419968,-2.416800,-0.057297,2.350447,0.339771,-0.029938,0.060612,-0.938075
1640841545127869952,-2.417560,-0.058204,2.351285,0.339746,-0.030098,0.060546,-0.938084
1640841545131330048,-2.419364,-0.060377,2.353285,0.339691,-0.030494,0.060366,-0.938103
1640841545132809984,-2.420130,-0.061310,2.354140,0.339670,-0.030669,0.060281,-0.938110
1640841545135479808,-2.421504,-0.062997,2.355680,0.339642,-0.030991,0.060123,-0.938120
1640841545138109952,-2.422847,-0.064664,2.357195,0.339627,-0.031316,0.059967,-0.938124
1640841545140770048,-2.424196,-0.066357,2.358726,0.339629,-0.031651,0.059818,-0.938121
1640841545142839808,-2.425238,-0.067678,2.359916,0.339645,-0.031913,0.059712,-0.938114
1640841545145579776,-2.426608,-0.069433,2.361490,0.339680,-0.032260,0.059585,-0.938097
1640841545148119808,-2.427868,-0.071065,2.362947,0.339722,-0.032574,0.059479,-0.938078
1640841545150459904,-2.429020,-0.072573,2.364288,0.339767,-0.032853,0.059390,-0.938058
1640841545152760064,-2.430145,-0.074060,2.365604,0.339812,-0.033115,0.059308,-0.938037
1640841545155739904,-2.431591,-0.075993,2.367308,0.339873,-0.033446,0.059196,-0.938011
1640841545157760000,-2.432563,-0.077308,2.368461,0.339917,-0.033676,0.059105,-0.937992
1640841545161389824,-2.434295,-0.079678,2.370531,0.340006,-0.034120,0.058885,-0.937957
1640841545163460096,-2.435275,-0.081035,2.371710,0.340064,-0.034390,0.058732,-0.937936
1640841545168979968,-2.437854,-0.084669,2.374848,0.340247,-0.035122,0.058306,-0.937869
1640841545170779904,-2.438686,-0.085859,2.375870,0.340317,-0.035354,0.058180,-0.937843
1640841545171749888,-2.439132,-0.086502,2.376420,0.340358,-0.035477,0.058117,-0.937828
1640841545173149952,-2.439773,-0.087430,2.377213,0.340418,-0.035650,0.058033,-0.937804
1640841545175699968,-2.440933,-0.089126,2.378657,0.340536,-0.035957,0.057893,-0.937758
1640841545177939968,-2.441944,-0.090619,2.379923,0.340644,-0.036222,0.057780,-0.937716
1640841545180460032,-2.443073,-0.092304,2.381346,0.340771,-0.036517,0.057659,-0.937666
1640841545183460096,-2.444404,-0.094316,2.383038,0.340927,-0.036870,0.057516,-0.937604
1640841545185439744,-2.445275,-0.095648,2.384153,0.341032,-0.037106,0.057420,-0.937562
1640841545188189952,-2.446475,-0.097503,2.385700,0.341184,-0.037440,0.057282,-0.937502
1640841545190449920,-2.447452,-0.099032,2.386969,0.341313,-0.037722,0.057163,-0.937451
1640841545192969984,-2.448533,-0.100741,2.388383,0.341464,-0.038047,0.057024,-0.937392
1640841545195539968,-2.449625,-0.102488,2.389822,0.341628,-0.038386,0.056886,-0.937327
1640841545197779968,-2.450569,-0.104016,2.391075,0.341782,-0.038682,0.056783,-0.937264
1640841545200539904,-2.451721,-0.105903,2.392617,0.341991,-0.039039,0.056697,-0.937178
1640841545203419904,-2.452910,-0.107878,2.394222,0.342231,-0.039403,0.056652,-0.937078
1640841545205539840,-2.453778,-0.109336,2.395403,0.342416,-0.039669,0.056631,-0.937001
1640841545207849984,-2.454716,-0.110929,2.396687,0.342622,-0.039961,0.056607,-0.936914
1640841545210670080,-2.455849,-0.112878,2.398253,0.342875,-0.040325,0.056556,-0.936810
1640841545212739840,-2.456673,-0.114312,2.399400,0.343060,-0.040596,0.056503,-0.936733
1640841545215479808,-2.457753,-0.116215,2.400916,0.343309,-0.040959,0.056417,-0.936631
1640841545218159872,-2.458799,-0.118082,2.402397,0.343560,-0.041316,0.056320,-0.936530
1640841545220450048,-2.459683,-0.119681,2.403660,0.343781,-0.041621,0.056229,-0.936440
1640841545222839808,-2.460597,-0.121354,2.404976,0.344019,-0.041937,0.056130,-0.936345
1640841545225659904,-2.461665,-0.123333,2.406526,0.344305,-0.042300,0.056009,-0.936231
1640841545228029952,-2.462552,-0.125001,2.407826,0.344547,-0.042594,0.055906,-0.936134
1640841545235119872,-2.465153,-0.130012,2.411703,0.345275,-0.043404,0.055598,-0.935847
1640841545236800000,-2.465758,-0.131205,2.412619,0.345452,-0.043590,0.055526,-0.935778
1640841545239140096,-2.466593,-0.132869,2.413893,0.345703,-0.043852,0.055426,-0.935679
1640841545239919872,-2.466870,-0.133424,2.414317,0.345788,-0.043941,0.055392,-0.935645
1640841545240460032,-2.467060,-0.133809,2.414610,0.345848,-0.044003,0.055369,-0.935621
1640841545242720000,-2.467854,-0.135422,2.415837,0.346102,-0.044268,0.055274,-0.935520
1640841545245719808,-2.468894,-0.137568,2.417462,0.346449,-0.044634,0.055149,-0.935382
1640841545247739904,-2.469587,-0.139016,2.418554,0.346689,-0.044891,0.055067,-0.935285
1640841545250540032,-2.470536,-0.141028,2.420065,0.347029,-0.045263,0.054956,-0.935148
1640841545253219840,-2.471433,-0.142958,2.421507,0.347361,-0.045633,0.054856,-0.935013
1640841545255429888,-2.472163,-0.144554,2.422695,0.347641,-0.045941,0.054781,-0.934898
1640841545258019840,-2.473010,-0.146427,2.424083,0.347974,-0.046298,0.054706,-0.934761
1640841545260720128,-2.473880,-0.148385,2.425528,0.348329,-0.046657,0.054646,-0.934614
1640841545262869760,-2.474565,-0.149947,2.426675,0.348617,-0.046933,0.054610,-0.934495
1640841545265420032,-2.475368,-0.151804,2.428034,0.348964,-0.047253,0.054574,-0.934352
1640841545268290048,-2.476259,-0.153898,2.429559,0.349361,-0.047613,0.054529,-0.934188
1640841545270469888,-2.476926,-0.155492,2.430715,0.349666,-0.047892,0.054483,-0.934062
1640841545272849920,-2.477646,-0.157236,2.431974,0.350002,-0.048207,0.054419,-0.933924
1640841545276719872,-2.478797,-0.160079,2.434015,0.350552,-0.048727,0.054290,-0.933698
1640841545277900032,-2.479143,-0.160948,2.434636,0.350719,-0.048885,0.054247,-0.933629
1640841545280539904,-2.479909,-0.162895,2.436023,0.351093,-0.049236,0.054150,-0.933476
1640841545282809856,-2.480558,-0.164571,2.437212,0.351415,-0.049532,0.054065,-0.933344
1640841545285590016,-2.481341,-0.166629,2.438664,0.351815,-0.049888,0.053960,-0.933180
1640841545287829760,-2.481963,-0.168291,2.439832,0.352147,-0.050171,0.053875,-0.933045
1640841545290679808,-2.482743,-0.170409,2.441313,0.352585,-0.050525,0.053766,-0.932867
1640841545292780032,-2.483308,-0.171973,2.442402,0.352919,-0.050785,0.053689,-0.932731
1640841545295640064,-2.484067,-0.174107,2.443881,0.353379,-0.051139,0.053598,-0.932542
1640841545297789696,-2.484628,-0.175714,2.444989,0.353726,-0.051409,0.053546,-0.932399
1640841545300539904,-2.485334,-0.177773,2.446403,0.354165,-0.051761,0.053507,-0.932215
1640841545306829824,-2.486902,-0.182500,2.449621,0.355151,-0.052593,0.053470,-0.931796
1640841545307409920,-2.487043,-0.182937,2.449916,0.355242,-0.052671,0.053463,-0.931757
1640841545307859968,-2.487153,-0.183276,2.450145,0.355314,-0.052731,0.053456,-0.931726
1640841545310390016,-2.487760,-0.185185,2.451431,0.355721,-0.053068,0.053400,-0.931555
1640841545312849920,-2.488340,-0.187044,2.452677,0.356125,-0.053396,0.053323,-0.931386
1640841545315510016,-2.488956,-0.189059,2.454021,0.356572,-0.053752,0.053236,-0.931200
1640841545318179840,-2.489562,-0.191084,2.455365,0.357029,-0.054113,0.053166,-0.931008
1640841545320580096,-2.490096,-0.192908,2.456569,0.357447,-0.054442,0.053136,-0.930830
1640841545322959872,-2.490617,-0.194720,2.457759,0.357868,-0.054774,0.053155,-0.930648
1640841545325419776,-2.491144,-0.196596,2.458985,0.358309,-0.055125,0.053236,-0.930453
1640841545327790080,-2.491642,-0.198407,2.460163,0.358734,-0.055467,0.053330,-0.930263
1640841545330439936,-2.492188,-0.200435,2.461475,0.359204,-0.055848,0.053358,-0.930057
1640841545332769792,-2.492658,-0.202220,2.462625,0.359610,-0.056179,0.053305,-0.929883
1640841545340039936,-2.494064,-0.207810,2.466187,0.360861,-0.057186,0.053002,-0.929355
1640841545340649728,-2.494177,-0.208281,2.466484,0.360966,-0.057269,0.052986,-0.929310
1640841545341199872,-2.494279,-0.208705,2.466752,0.361061,-0.057343,0.052973,-0.929269
1640841545342769920,-2.494568,-0.209916,2.467515,0.361333,-0.057553,0.052949,-0.929151
1640841545345369856,-2.495036,-0.211926,2.468775,0.361786,-0.057899,0.052939,-0.928954
1640841545347849728,-2.495471,-0.213845,2.469972,0.362223,-0.058227,0.052948,-0.928763
1640841545350439936,-2.495915,-0.215853,2.471217,0.362684,-0.058570,0.052961,-0.928561
1640841545353129984,-2.496363,-0.217942,2.472504,0.363168,-0.058928,0.052972,-0.928348
1640841545356209920,-2.496860,-0.220338,2.473972,0.363723,-0.059343,0.052989,-0.928104
1640841545357849856,-2.497118,-0.221616,2.474750,0.364018,-0.059567,0.053003,-0.927973
1640841545360519936,-2.497528,-0.223698,2.476013,0.364497,-0.059936,0.053034,-0.927759
1640841545362759936,-2.497862,-0.225448,2.477068,0.364896,-0.060250,0.053070,-0.927580
1640841545365499904,-2.498259,-0.227592,2.478352,0.365385,-0.060636,0.053121,-0.927359
1640841545367899904,-2.498595,-0.229472,2.479473,0.365815,-0.060972,0.053168,-0.927165
1640841545373750016,-2.499373,-0.234067,2.482183,0.366882,-0.061772,0.053288,-0.926683
1640841545374349824,-2.499449,-0.234539,2.482460,0.366993,-0.061853,0.053302,-0.926633
1640841545375369984,-2.499577,-0.235342,2.482929,0.367182,-0.061990,0.053327,-0.926548
1640841545377869824,-2.499884,-0.237312,2.484075,0.367645,-0.062326,0.053403,-0.926337
1640841545380399872,-2.500182,-0.239308,2.485229,0.368115,-0.062666,0.053502,-0.926122
1640841545383239936,-2.500504,-0.241552,2.486518,0.368642,-0.063051,0.053638,-0.925878
1640841545385560064,-2.500756,-0.243388,2.487566,0.369070,-0.063371,0.053759,-0.925679
1640841545389319936,-2.501144,-0.246368,2.489253,0.369758,-0.063900,0.053951,-0.925357
1640841545390650112,-2.501275,-0.247424,2.489847,0.369999,-0.064092,0.054013,-0.925244
1640841545392750080,-2.501475,-0.249092,2.490782,0.370377,-0.064398,0.054103,-0.925066
1640841545395539968,-2.501730,-0.251311,2.492017,0.370878,-0.064807,0.054208,-0.924830
1640841545397799936,-2.501925,-0.253111,2.493012,0.371288,-0.065136,0.054285,-0.924638
1640841545400790016,-2.502170,-0.255495,2.494321,0.371838,-0.065561,0.054379,-0.924382
1640841545402979840,-2.502338,-0.257244,2.495275,0.372247,-0.065866,0.054445,-0.924191
1640841545405789952,-2.502542,-0.259491,2.496491,0.372775,-0.066257,0.054532,-0.923945
1640841545407949824,-2.502689,-0.261219,2.497421,0.373180,-0.066564,0.054604,-0.923755
1640841545410459904,-2.502849,-0.263231,2.498496,0.373646,-0.066933,0.054699,-0.923535
1640841545413019904,-2.503001,-0.265285,2.499586,0.374117,-0.067323,0.054805,-0.923310
1640841545415439872,-2.503133,-0.267228,2.500610,0.374561,-0.067699,0.054915,-0.923095
1640841545418139904,-2.503268,-0.269400,2.501746,0.375059,-0.068125,0.055044,-0.922854
1640841545420499968,-2.503374,-0.271300,2.502732,0.375498,-0.068498,0.055161,-0.922641
1640841545422839808,-2.503470,-0.273185,2.503704,0.375938,-0.068868,0.055281,-0.922427
1640841545425410048,-2.503564,-0.275259,2.504766,0.376424,-0.069268,0.055412,-0.922191
1640841545427849984,-2.503642,-0.277230,2.505767,0.376885,-0.069640,0.055534,-0.921967
1640841545430409984,-2.503712,-0.279299,2.506810,0.377366,-0.070019,0.055657,-0.921735
1640841545432899840,-2.503768,-0.281315,2.507819,0.377829,-0.070372,0.055768,-0.921511
1640841545435840000,-2.503820,-0.283697,2.509000,0.378366,-0.070766,0.055887,-0.921254
1640841545438779904,-2.503856,-0.286083,2.510172,0.378894,-0.071145,0.055995,-0.921001
1640841545440759808,-2.503871,-0.287691,2.510956,0.379251,-0.071412,0.056074,-0.920828
1640841545442769920,-2.503879,-0.289324,2.511748,0.379614,-0.071696,0.056160,-0.920651
1640841545445570048,-2.503878,-0.291602,2.512843,0.380122,-0.072105,0.056287,-0.920402
1640841545447769856,-2.503866,-0.293394,2.513697,0.380520,-0.072432,0.056391,-0.920206
1640841545451149824,-2.503832,-0.296149,2.514998,0.381126,-0.072931,0.056551,-0.919906
1640841545453149952,-2.503801,-0.297781,2.515761,0.381481,-0.073219,0.056644,-0.919730
1640841545455539968,-2.503755,-0.299733,2.516667,0.381904,-0.073558,0.056750,-0.919521
1640841545458259712,-2.503689,-0.301957,2.517691,0.382389,-0.073943,0.056864,-0.919281
1640841545460399872,-2.503627,-0.303708,2.518489,0.382777,-0.074249,0.056947,-0.919090
1640841545462839808,-2.503547,-0.305705,2.519393,0.383226,-0.074602,0.057040,-0.918868
1640841545465469952,-2.503448,-0.307861,2.520360,0.383715,-0.074991,0.057144,-0.918626
1640841545467820032,-2.503348,-0.309789,2.521216,0.384158,-0.075347,0.057246,-0.918406
1640841545470469888,-2.503224,-0.311964,2.522173,0.384661,-0.075759,0.057380,-0.918153
1640841545472839936,-2.503101,-0.313911,2.523022,0.385113,-0.076136,0.057518,-0.917923
1640841545475610112,-2.502944,-0.316189,2.524005,0.385641,-0.076582,0.057693,-0.917653
1640841545477890048,-2.502805,-0.318065,2.524807,0.386072,-0.076946,0.057837,-0.917432
1640841545482109952,-2.502520,-0.321542,2.526274,0.386855,-0.077594,0.058080,-0.917033
1640841545483429888,-2.502424,-0.322630,2.526728,0.387097,-0.077790,0.058150,-0.916910
1640841545485420032,-2.502274,-0.324272,2.527408,0.387462,-0.078084,0.058255,-0.916724
1640841545487859968,-2.502079,-0.326286,2.528234,0.387913,-0.078443,0.058385,-0.916494
1640841545490379776,-2.501865,-0.328367,2.529080,0.388387,-0.078815,0.058527,-0.916252
1640841545492829952,-2.501647,-0.330392,2.529894,0.388853,-0.079181,0.058670,-0.916014
1640841545495460096,-2.501399,-0.332568,2.530759,0.389353,-0.079574,0.058820,-0.915758
1640841545497949952,-2.501153,-0.334629,2.531569,0.389819,-0.079945,0.058948,-0.915519
1640841545500589824,-2.500879,-0.336815,2.532418,0.390298,-0.080334,0.059060,-0.915274
1640841545505990144,-2.500277,-0.341293,2.534126,0.391231,-0.081109,0.059207,-0.914797
1640841545506539776,-2.500213,-0.341749,2.534297,0.391325,-0.081186,0.059218,-0.914750
1640841545507739904,-2.500071,-0.342745,2.534670,0.391530,-0.081353,0.059242,-0.914645
1640841545510439936,-2.499740,-0.344987,2.535502,0.391998,-0.081721,0.059292,-0.914409
1640841545512809984,-2.499439,-0.346956,2.536224,0.392414,-0.082041,0.059337,-0.914199
1640841545516189696,-2.498990,-0.349766,2.537238,0.393011,-0.082501,0.059408,-0.913896
1640841545517920000,-2.498752,-0.351205,2.537752,0.393317,-0.082742,0.059449,-0.913740
1640841545520599808,-2.498372,-0.353435,2.538538,0.393786,-0.083128,0.059522,-0.913498
1640841545523190016,-2.497992,-0.355592,2.539287,0.394236,-0.083516,0.059602,-0.913264
1640841545525410048,-2.497656,-0.357441,2.539922,0.394618,-0.083858,0.059675,-0.913062
1640841545527869952,-2.497273,-0.359491,2.540616,0.395039,-0.084243,0.059757,-0.912840
1640841545530720000,-2.496814,-0.361868,2.541410,0.395524,-0.084694,0.059849,-0.912582
1640841545532869888,-2.496458,-0.363661,2.542000,0.395888,-0.085033,0.059915,-0.912388
1640841545535460096,-2.496017,-0.365823,2.542701,0.396326,-0.085439,0.059989,-0.912155
1640841545539199744,-2.495358,-0.368946,2.543696,0.396961,-0.086012,0.060086,-0.911819
1640841545540419840,-2.495137,-0.369965,2.544016,0.397168,-0.086195,0.060117,-0.911709
1640841545542779904,-2.494702,-0.371937,2.544627,0.397571,-0.086544,0.060175,-0.911497
1640841545545459968,-2.494194,-0.374178,2.545312,0.398029,-0.086938,0.060242,-0.911255
1640841545548450048,-2.493612,-0.376678,2.546061,0.398541,-0.087380,0.060324,-0.910984
1640841545550469888,-2.493209,-0.378368,2.546559,0.398886,-0.087685,0.060387,-0.910799
1640841545552829952,-2.492728,-0.380343,2.547133,0.399288,-0.088049,0.060469,-0.910582
1640841545555500032,-2.492171,-0.382578,2.547771,0.399741,-0.088465,0.060564,-0.910337
1640841545557750016,-2.491691,-0.384462,2.548300,0.400118,-0.088813,0.060636,-0.910132
1640841545560449792,-2.491103,-0.386723,2.548923,0.400565,-0.089215,0.060701,-0.909892
1640841545562840064,-2.490570,-0.388726,2.549465,0.400956,-0.089558,0.060736,-0.909684
1640841545565519872,-2.489959,-0.390972,2.550061,0.401392,-0.089931,0.060753,-0.909454
1640841545567869952,-2.489413,-0.392941,2.550573,0.401774,-0.090253,0.060753,-0.909253
1640841545570619904,-2.488759,-0.395247,2.551161,0.402225,-0.090629,0.060738,-0.909017
1640841545573439744,-2.488074,-0.397612,2.551750,0.402691,-0.091017,0.060711,-0.908774
1640841545575419904,-2.487584,-0.399273,2.552155,0.403018,-0.091290,0.060686,-0.908603
1640841545577989888,-2.486937,-0.401428,2.552671,0.403444,-0.091645,0.060650,-0.908381
1640841545580410112,-2.486315,-0.403459,2.553146,0.403842,-0.091982,0.060613,-0.908172
1640841545582880000,-2.485670,-0.405532,2.553621,0.404246,-0.092327,0.060576,-0.907960
1640841545585469952,-2.484980,-0.407705,2.554106,0.404669,-0.092688,0.060539,-0.907737
1640841545587989760,-2.484296,-0.409820,2.554567,0.405079,-0.093040,0.060508,-0.907521
1640841545590359808,-2.483642,-0.411810,2.554990,0.405464,-0.093369,0.060485,-0.907316
1640841545592759808,-2.482969,-0.413825,2.555408,0.405855,-0.093701,0.060467,-0.907108
1640841545595490048,-2.482189,-0.416117,2.555871,0.406300,-0.094079,0.060442,-0.906872
1640841545598559744,-2.481296,-0.418694,2.556374,0.406803,-0.094506,0.060399,-0.906605
1640841545600410112,-2.480748,-0.420247,2.556669,0.407107,-0.094765,0.060358,-0.906444
1640841545605919744,-2.479079,-0.424874,2.557510,0.408015,-0.095544,0.060182,-0.905965
1640841545606530048,-2.478891,-0.425386,2.557600,0.408116,-0.095630,0.060160,-0.905912
1640841545607800064,-2.478496,-0.426452,2.557784,0.408325,-0.095809,0.060114,-0.905802
1640841545610540032,-2.477635,-0.428753,2.558171,0.408777,-0.096189,0.060020,-0.905565
1640841545612819968,-2.476906,-0.430667,2.558482,0.409151,-0.096499,0.059946,-0.905367
1640841545615500032,-2.476038,-0.432917,2.558835,0.409589,-0.096858,0.059862,-0.905137
1640841545617899776,-2.475248,-0.434932,2.559139,0.409978,-0.097173,0.059784,-0.904932
1640841545620800000,-2.474279,-0.437366,2.559491,0.410444,-0.097545,0.059682,-0.904687
1640841545622779904,-2.473608,-0.439028,2.559722,0.410759,-0.097794,0.059605,-0.904522
1640841545625489920,-2.472678,-0.441302,2.560026,0.411188,-0.098129,0.059487,-0.904299
1640841545627820032,-2.471866,-0.443257,2.560275,0.411557,-0.098412,0.059372,-0.904108
1640841545630380032,-2.470963,-0.445405,2.560537,0.411963,-0.098718,0.059230,-0.903899
1640841545632910080,-2.470058,-0.447527,2.560782,0.412367,-0.099017,0.059071,-0.903692
1640841545635479808,-2.469126,-0.449682,2.561018,0.412778,-0.099319,0.058896,-0.903483
1640841545637929984,-2.468225,-0.451737,2.561231,0.413167,-0.099609,0.058724,-0.903284
1640841545640940032,-2.467103,-0.454260,2.561476,0.413640,-0.099973,0.058515,-0.903041
1640841545645399808,-2.465409,-0.457997,2.561804,0.414333,-0.100520,0.058214,-0.902682
1640841545645689856,-2.465298,-0.458240,2.561824,0.414379,-0.100555,0.058195,-0.902659
1640841545647849984,-2.464462,-0.460050,2.561967,0.414719,-0.100814,0.058046,-0.902483
1640841545650419968,-2.463456,-0.462202,2.562124,0.415132,-0.101109,0.057864,-0.902272
1640841545653319936,-2.462306,-0.464630,2.562285,0.415608,-0.101428,0.057648,-0.902030
1640841545655969792,-2.461241,-0.466848,2.562416,0.416049,-0.101712,0.057441,-0.901809
1640841545657920000,-2.460449,-0.468480,2.562504,0.416372,-0.101922,0.057283,-0.901645
1640841545660969984,-2.459195,-0.471031,2.562624,0.416873,-0.102256,0.057028,-0.901392
1640841545662749952,-2.458455,-0.472519,2.562686,0.417161,-0.102457,0.056874,-0.901246
1640841545665419776,-2.457334,-0.474751,2.562765,0.417587,-0.102759,0.056637,-0.901029
1640841545667859968,-2.456298,-0.476790,2.562824,0.417974,-0.103028,0.056414,-0.900833
1640841545671020032,-2.454939,-0.479429,2.562881,0.418474,-0.103352,0.056117,-0.900583
1640841545673349888,-2.453924,-0.481374,2.562909,0.418843,-0.103571,0.055893,-0.900400
1640841545676039936,-2.452740,-0.483618,2.562928,0.419269,-0.103809,0.055629,-0.900190
1640841545677919744,-2.451905,-0.485187,2.562931,0.419567,-0.103970,0.055443,-0.900045
1640841545680409856,-2.450788,-0.487263,2.562924,0.419958,-0.104182,0.055194,-0.899853
1640841545683329792,-2.449463,-0.489696,2.562898,0.420415,-0.104433,0.054896,-0.899629
1640841545685789696,-2.448334,-0.491745,2.562861,0.420800,-0.104644,0.054633,-0.899440
1640841545687859968,-2.447376,-0.493469,2.562820,0.421126,-0.104820,0.054401,-0.899281
1640841545690439936,-2.446169,-0.495615,2.562756,0.421536,-0.105035,0.054090,-0.899082
1640841545692930048,-2.444993,-0.497686,2.562680,0.421936,-0.105238,0.053770,-0.898890
1640841545695449856,-2.443791,-0.499781,2.562589,0.422341,-0.105441,0.053429,-0.898697
1640841545697919744,-2.442601,-0.501833,2.562486,0.422735,-0.105639,0.053083,-0.898509
1640841545700399872,-2.441395,-0.503892,2.562369,0.423124,-0.105840,0.052729,-0.898323
1640841545703019776,-2.440108,-0.506066,2.562231,0.423529,-0.106055,0.052352,-0.898128
1640841545705799936,-2.438728,-0.508372,2.562067,0.423960,-0.106285,0.051956,-0.897921
1640841545708420096,-2.437415,-0.510543,2.561896,0.424373,-0.106504,0.051593,-0.897721
1640841545710419968,-2.436404,-0.512200,2.561756,0.424696,-0.106672,0.051326,-0.897563
1640841545712750080,-2.435216,-0.514128,2.561581,0.425080,-0.106868,0.051025,-0.897375
1640841545715600128,-2.433749,-0.516486,2.561350,0.425556,-0.107108,0.050665,-0.897141
1640841545717799936,-2.432607,-0.518305,2.561159,0.425923,-0.107292,0.050389,-0.896961
1640841545720409856,-2.431240,-0.520461,2.560918,0.426353,-0.107510,0.050058,-0.896749
1640841545723019776,-2.429860,-0.522615,2.560662,0.426773,-0.107725,0.049722,-0.896542
1640841545725789952,-2.428382,-0.524900,2.560373,0.427209,-0.107946,0.049364,-0.896327
1640841545728809728,-2.426754,-0.527389,2.560038,0.427677,-0.108175,0.048981,-0.896098
1640841545730389760,-2.425896,-0.528691,2.559855,0.427919,-0.108288,0.048785,-0.895980
1640841545732879872,-2.424534,-0.530740,2.559554,0.428298,-0.108458,0.048478,-0.895794
1640841545735659776,-2.423000,-0.533027,2.559201,0.428724,-0.108637,0.048130,-0.895588
1640841545738790144,-2.421255,-0.535599,2.558783,0.429210,-0.108825,0.047717,-0.895354
1640841545741519872,-2.419719,-0.537840,2.558399,0.429645,-0.108980,0.047329,-0.895147
1640841545743140096,-2.418801,-0.539169,2.558164,0.429906,-0.109067,0.047088,-0.895024
1640841545745420032,-2.417501,-0.541038,2.557822,0.430274,-0.109183,0.046739,-0.894851
1640841545747990016,-2.416024,-0.543143,2.557422,0.430688,-0.109305,0.046336,-0.894658
1640841545750409728,-2.414622,-0.545124,2.557031,0.431072,-0.109409,0.045954,-0.894480
1640841545752879872,-2.413180,-0.547144,2.556619,0.431459,-0.109506,0.045560,-0.894302
1640841545755389952,-2.411704,-0.549194,2.556185,0.431848,-0.109596,0.045155,-0.894124
1640841545757809920,-2.410269,-0.551170,2.555753,0.432221,-0.109677,0.044758,-0.893953
1640841545760489984,-2.408668,-0.553356,2.555259,0.432635,-0.109761,0.044308,-0.893765
1640841545762869760,-2.407236,-0.555295,2.554806,0.433004,-0.109833,0.043903,-0.893597
1640841545765440000,-2.405677,-0.557387,2.554302,0.433409,-0.109907,0.043472,-0.893413
1640841545768260096,-2.403953,-0.559681,2.553731,0.433863,-0.109984,0.043021,-0.893205
1640841545771709952,-2.401825,-0.562483,2.553008,0.434434,-0.110071,0.042512,-0.892941
1640841545772879872,-2.401098,-0.563432,2.552756,0.434630,-0.110099,0.042345,-0.892850
1640841545775439872,-2.399500,-0.565508,2.552194,0.435057,-0.110157,0.041977,-0.892652
1640841545777929984,-2.397934,-0.567526,2.551633,0.435466,-0.110208,0.041601,-0.892464
1640841545780400128,-2.396369,-0.569525,2.551063,0.435858,-0.110254,0.041190,-0.892287
1640841545783340032,-2.394493,-0.571901,2.550365,0.436299,-0.110300,0.040631,-0.892091
1640841545785440000,-2.393143,-0.573597,2.549854,0.436602,-0.110327,0.040195,-0.891959
1640841545788229888,-2.391338,-0.575848,2.549159,0.437005,-0.110352,0.039616,-0.891785
1640841545790380032,-2.389938,-0.577580,2.548611,0.437330,-0.110361,0.039201,-0.891643
1640841545792790016,-2.388358,-0.579520,2.547984,0.437712,-0.110360,0.038779,-0.891474
1640841545795480064,-2.386583,-0.581684,2.547269,0.438151,-0.110349,0.038340,-0.891278
1640841545797769984,-2.385062,-0.583523,2.546646,0.438530,-0.110335,0.037978,-0.891109
1640841545800799744,-2.383035,-0.585954,2.545803,0.439027,-0.110313,0.037489,-0.890888
1640841545805729792,-2.379703,-0.589901,2.544386,0.439814,-0.110273,0.036652,-0.890539
1640841545806439936,-2.379220,-0.590469,2.544178,0.439926,-0.110265,0.036528,-0.890490
1640841545807960064,-2.378182,-0.591684,2.543727,0.440165,-0.110249,0.036264,-0.890385
1640841545810380032,-2.376521,-0.593617,2.542998,0.440544,-0.110218,0.035841,-0.890218
1640841545812759808,-2.374879,-0.595515,2.542268,0.440916,-0.110181,0.035427,-0.890055
1640841545815510016,-2.372968,-0.597705,2.541408,0.441347,-0.110127,0.034958,-0.889867
1640841545818080000,-2.371171,-0.599750,2.540588,0.441753,-0.110064,0.034532,-0.889690
1640841545820489984,-2.369475,-0.601664,2.539806,0.442139,-0.109994,0.034149,-0.889522
1640841545823180032,-2.367571,-0.603799,2.538916,0.442574,-0.109900,0.033730,-0.889332
1640841545825379840,-2.366004,-0.605542,2.538176,0.442933,-0.109812,0.033367,-0.889178
1640841545827859968,-2.364229,-0.607505,2.537329,0.443338,-0.109701,0.032907,-0.889008
1640841545830390016,-2.362406,-0.609504,2.536449,0.443748,-0.109575,0.032352,-0.888839
1640841545832880128,-2.360602,-0.611470,2.535569,0.444148,-0.109444,0.031753,-0.888677
1640841545835849984,-2.358436,-0.613810,2.534501,0.444618,-0.109294,0.031126,-0.888482
1640841545838160128,-2.356741,-0.615628,2.533656,0.444979,-0.109185,0.030769,-0.888327
1640841545840479744,-2.355030,-0.617451,2.532795,0.445333,-0.109071,0.030424,-0.888176
1640841545842969856,-2.353184,-0.619405,2.531857,0.445706,-0.108931,0.030001,-0.888020
1640841545845360128,-2.351402,-0.621278,2.530943,0.446059,-0.108783,0.029554,-0.887876
1640841545847879936,-2.349513,-0.623250,2.529965,0.446431,-0.108612,0.029054,-0.887727
1640841545850449920,-2.347575,-0.625258,2.528953,0.446815,-0.108425,0.028530,-0.887574
1640841545853019904,-2.345627,-0.627263,2.527926,0.447206,-0.108226,0.028004,-0.887417
1640841545855459840,-2.343767,-0.629163,2.526937,0.447584,-0.108033,0.027511,-0.887266
1640841545858149888,-2.341705,-0.631255,2.525830,0.448001,-0.107823,0.026981,-0.887097
1640841545860379904,-2.339987,-0.632987,2.524901,0.448346,-0.107657,0.026556,-0.886956
1640841545862749696,-2.338153,-0.634824,2.523900,0.448709,-0.107487,0.026117,-0.886806
1640841545865829888,-2.335754,-0.637208,2.522581,0.449178,-0.107267,0.025555,-0.886611
1640841545867889920,-2.334142,-0.638799,2.521687,0.449489,-0.107115,0.025179,-0.886483
1640841545873329920,-2.329851,-0.642991,2.519280,0.450305,-0.106669,0.024170,-0.886151
1640841545875200000,-2.328366,-0.644429,2.518437,0.450585,-0.106506,0.023830,-0.886037
1640841545875779840,-2.327904,-0.644874,2.518174,0.450672,-0.106456,0.023727,-0.886002
1640841545878019840,-2.326115,-0.646593,2.517151,0.451010,-0.106262,0.023344,-0.885863
1640841545880379904,-2.324221,-0.648401,2.516061,0.451368,-0.106064,0.022975,-0.885714
1640841545882880000,-2.322206,-0.650312,2.514893,0.451749,-0.105862,0.022620,-0.885553
1640841545885499904,-2.320083,-0.652312,2.513654,0.452146,-0.105652,0.022266,-0.885385
1640841545887970048,-2.318072,-0.654194,2.512472,0.452511,-0.105449,0.021927,-0.885231
1640841545890909952,-2.315666,-0.656429,2.511048,0.452931,-0.105191,0.021489,-0.885058
1640841545892809984,-2.314105,-0.657871,2.510117,0.453194,-0.105014,0.021187,-0.884951
1640841545895449856,-2.311925,-0.659871,2.508811,0.453554,-0.104753,0.020748,-0.884808
1640841545897909760,-2.309885,-0.661731,2.507580,0.453890,-0.104495,0.020329,-0.884676
1640841545900339968,-2.307860,-0.663565,2.506352,0.454227,-0.104225,0.019913,-0.884544
1640841545902889984,-2.305726,-0.665485,2.505048,0.454588,-0.103928,0.019477,-0.884403
1640841545905599744,-2.303448,-0.667522,2.503648,0.454980,-0.103598,0.019014,-0.884251
1640841545908480000,-2.301014,-0.669682,2.502143,0.455405,-0.103233,0.018518,-0.884085
1640841545910419968,-2.299368,-0.671134,2.501118,0.455695,-0.102980,0.018178,-0.883972
1640841545912859904,-2.297290,-0.672957,2.499819,0.456062,-0.102656,0.017745,-0.883829
1640841545915539968,-2.294996,-0.674954,2.498377,0.456463,-0.102299,0.017262,-0.883673
1640841545917850112,-2.293012,-0.676673,2.497121,0.456801,-0.101994,0.016844,-0.883542
1640841545920440064,-2.290777,-0.678595,2.495701,0.457168,-0.101659,0.016373,-0.883400
1640841545922899968,-2.288645,-0.680417,2.494338,0.457504,-0.101347,0.015927,-0.883270
1640841545925519872,-2.286366,-0.682353,2.492873,0.457859,-0.101012,0.015458,-0.883132
1640841545928019968,-2.284181,-0.684197,2.491461,0.458206,-0.100678,0.015018,-0.882998
1640841545930619904,-2.281900,-0.686109,2.489980,0.458587,-0.100306,0.014574,-0.882850
1640841545932859904,-2.279926,-0.687753,2.488692,0.458934,-0.099963,0.014202,-0.882715
1640841545935439872,-2.277645,-0.689643,2.487196,0.459345,-0.099552,0.013784,-0.882554
1640841545938069760,-2.275310,-0.691564,2.485657,0.459768,-0.099128,0.013369,-0.882388
1640841545940549888,-2.273099,-0.693372,2.484192,0.460161,-0.098734,0.012986,-0.882233
1640841545943300096,-2.270637,-0.695371,2.482554,0.460583,-0.098306,0.012566,-0.882067
1640841545945619712,-2.268552,-0.697054,2.481159,0.460928,-0.097948,0.012207,-0.881931
1640841545947840000,-2.266550,-0.698661,2.479815,0.461250,-0.097600,0.011855,-0.881806
1640841545950449920,-2.264188,-0.700545,2.478222,0.461619,-0.097179,0.011424,-0.881665
1640841545952889856,-2.261971,-0.702302,2.476720,0.461960,-0.096772,0.011008,-0.881537
1640841545955539968,-2.259554,-0.704206,2.475076,0.462333,-0.096312,0.010550,-0.881397
1640841545958629888,-2.256725,-0.706419,2.473141,0.462781,-0.095753,0.010021,-0.881229
1640841545960499968,-2.255006,-0.707756,2.471961,0.463065,-0.095401,0.009708,-0.881122
1640841545963160064,-2.252553,-0.709652,2.470270,0.463482,-0.094889,0.009274,-0.880962
1640841545965570048,-2.250323,-0.711365,2.468726,0.463865,-0.094420,0.008888,-0.880815
1640841545967879936,-2.248178,-0.713003,2.467236,0.464229,-0.093977,0.008520,-0.880674
1640841545970530048,-2.245708,-0.714878,2.465514,0.464633,-0.093485,0.008097,-0.880517
1640841545972889856,-2.243502,-0.716543,2.463969,0.464977,-0.093065,0.007716,-0.880384
1640841545975429888,-2.241119,-0.718330,2.462294,0.465337,-0.092623,0.007300,-0.880244
1640841545978200064,-2.238511,-0.720273,2.460453,0.465727,-0.092139,0.006841,-0.880092
1640841545980429824,-2.236404,-0.721833,2.458961,0.466045,-0.091740,0.006465,-0.879968
1640841545983619840,-2.233379,-0.724058,2.456810,0.466515,-0.091143,0.005921,-0.879785
1640841545985440000,-2.231648,-0.725325,2.455574,0.466787,-0.090791,0.005608,-0.879679
1640841545988389888,-2.228833,-0.727371,2.453558,0.467233,-0.090204,0.005102,-0.879506
1640841545990399744,-2.226909,-0.728761,2.452175,0.467537,-0.089795,0.004759,-0.879388
1640841545992829952,-2.224575,-0.730438,2.450492,0.467902,-0.089294,0.004348,-0.879247
1640841545995790080,-2.221724,-0.732474,2.448429,0.468347,-0.088676,0.003848,-0.879075
1640841545998259968,-2.219336,-0.734168,2.446695,0.468719,-0.088160,0.003428,-0.878931
1640841546000419840,-2.217242,-0.735645,2.445169,0.469046,-0.087709,0.003057,-0.878803
1640841546002889984,-2.214841,-0.737330,2.443414,0.469421,-0.087198,0.002628,-0.878654
1640841546005849856,-2.211953,-0.739342,2.441297,0.469869,-0.086590,0.002112,-0.878477
1640841546007920128,-2.209928,-0.740745,2.439807,0.470178,-0.086167,0.001753,-0.878353
1640841546010520064,-2.207377,-0.742502,2.437924,0.470560,-0.085640,0.001306,-0.878201
1640841546012960000,-2.204976,-0.744145,2.436147,0.470914,-0.085148,0.000892,-0.878060
1640841546015409920,-2.202558,-0.745791,2.434351,0.471270,-0.084652,0.000481,-0.877917
1640841546017959936,-2.200034,-0.747499,2.432472,0.471650,-0.084132,0.000053,-0.877763
1640841546020459776,-2.197552,-0.749167,2.430618,0.472037,-0.083616,-0.000367,-0.877604
1640841546022879744,-2.195143,-0.750778,2.428813,0.472424,-0.083108,-0.000774,-0.877444
1640841546025859840,-2.192168,-0.752754,2.426577,0.472906,-0.082473,-0.001273,-0.877244
1640841546028019968,-2.190005,-0.754182,2.424947,0.473253,-0.082006,-0.001631,-0.877100
1640841546030560000,-2.187455,-0.755856,2.423020,0.473652,-0.081450,-0.002047,-0.876935
1640841546032809984,-2.185190,-0.757334,2.421303,0.473996,-0.080952,-0.002412,-0.876795
1640841546035460096,-2.182516,-0.759069,2.419271,0.474393,-0.080358,-0.002840,-0.876633
1640841546037999872,-2.179945,-0.760727,2.417312,0.474771,-0.079781,-0.003252,-0.876480
1640841546041789952,-2.176097,-0.763191,2.414369,0.475340,-0.078907,-0.003881,-0.876248
1640841546043149824,-2.174712,-0.764071,2.413308,0.475546,-0.078590,-0.004112,-0.876163
1640841546045479936,-2.172335,-0.765577,2.411481,0.475904,-0.078048,-0.004515,-0.876016
1640841546047940096,-2.169820,-0.767161,2.409544,0.476287,-0.077476,-0.004952,-0.875856
1640841546050400000,-2.167298,-0.768741,2.407597,0.476676,-0.076909,-0.005403,-0.875691
1640841546053009920,-2.164616,-0.770410,2.405520,0.477093,-0.076312,-0.005896,-0.875513
1640841546055749888,-2.161793,-0.772157,2.403328,0.477531,-0.075686,-0.006426,-0.875325
1640841546058049792,-2.159417,-0.773617,2.401479,0.477894,-0.075158,-0.006880,-0.875169
1640841546060439808,-2.156942,-0.775131,2.399549,0.478265,-0.074604,-0.007357,-0.875010
1640841546062909952,-2.154379,-0.776689,2.397545,0.478640,-0.074026,-0.007854,-0.874850
1640841546065489920,-2.151695,-0.778311,2.395441,0.479029,-0.073419,-0.008373,-0.874683
1640841546067869952,-2.149214,-0.779803,2.393491,0.479388,-0.072857,-0.008849,-0.874529
1640841546071259904,-2.145670,-0.781918,2.390699,0.479907,-0.072057,-0.009517,-0.874303
1640841546073570048,-2.143249,-0.783354,2.388786,0.480269,-0.071518,-0.009961,-0.874144
1640841546075719936,-2.140991,-0.784686,2.386999,0.480610,-0.071023,-0.010365,-0.873992
1640841546077900032,-2.138697,-0.786032,2.385179,0.480959,-0.070534,-0.010762,-0.873835
1640841546080349952,-2.136114,-0.787540,2.383125,0.481352,-0.070005,-0.011192,-0.873656
1640841546082939904,-2.133377,-0.789129,2.380945,0.481768,-0.069465,-0.011633,-0.873464
1640841546085389824,-2.130782,-0.790626,2.378873,0.482160,-0.068962,-0.012047,-0.873282
1640841546090849792,-2.124981,-0.793943,2.374224,0.483020,-0.067815,-0.013013,-0.872882
1640841546093029888,-2.122657,-0.795260,2.372355,0.483358,-0.067337,-0.013418,-0.872726
1640841546094759936,-2.120810,-0.796302,2.370868,0.483625,-0.066954,-0.013736,-0.872602
1640841546095379712,-2.120147,-0.796674,2.370334,0.483721,-0.066816,-0.013848,-0.872558
1640841546097879808,-2.117472,-0.798174,2.368174,0.484107,-0.066261,-0.014284,-0.872379
1640841546100459776,-2.114706,-0.799716,2.365936,0.484507,-0.065695,-0.014692,-0.872193
1640841546102969856,-2.112009,-0.801210,2.363750,0.484900,-0.065154,-0.015043,-0.872010
1640841546105589760,-2.109189,-0.802763,2.361459,0.485311,-0.064597,-0.015380,-0.871816
1640841546109560064,-2.104904,-0.805106,2.357968,0.485935,-0.063763,-0.015886,-0.871521
1640841546110460160,-2.103931,-0.805635,2.357173,0.486076,-0.063575,-0.016007,-0.871454
1640841546112809984,-2.101388,-0.807012,2.355094,0.486442,-0.063083,-0.016335,-0.871279
1640841546115419904,-2.098557,-0.808536,2.352776,0.486847,-0.062534,-0.016722,-0.871086
1640841546117959936,-2.095798,-0.810014,2.350511,0.487238,-0.061994,-0.017121,-0.870898
1640841546120409856,-2.093131,-0.811433,2.348318,0.487612,-0.061466,-0.017525,-0.870718
1640841546124120064,-2.089085,-0.813572,2.344981,0.488176,-0.060651,-0.018166,-0.870446
1640841546125389824,-2.087697,-0.814302,2.343835,0.488369,-0.060368,-0.018390,-0.870353
1640841546128779776,-2.083987,-0.816241,2.340765,0.488885,-0.059607,-0.018998,-0.870102
1640841546130369792,-2.082245,-0.817147,2.339320,0.489129,-0.059247,-0.019284,-0.869983
1640841546132869888,-2.079500,-0.818567,2.337041,0.489516,-0.058680,-0.019732,-0.869794
1640841546135490048,-2.076620,-0.820049,2.334644,0.489923,-0.058088,-0.020198,-0.869594
1640841546138180096,-2.073657,-0.821564,2.332174,0.490344,-0.057490,-0.020670,-0.869385
1640841546140450048,-2.071153,-0.822837,2.330082,0.490699,-0.056996,-0.021061,-0.869208
1640841546143879936,-2.067363,-0.824752,2.326909,0.491237,-0.056269,-0.021639,-0.868937
1640841546145509888,-2.065559,-0.825658,2.325396,0.491493,-0.055927,-0.021907,-0.868808
1640841546147899904,-2.062911,-0.826982,2.323172,0.491869,-0.055421,-0.022292,-0.868618
1640841546150720000,-2.059782,-0.828537,2.320538,0.492312,-0.054810,-0.022733,-0.868394
1640841546152969728,-2.057281,-0.829773,2.318430,0.492667,-0.054313,-0.023074,-0.868215
1640841546155599872,-2.054354,-0.831211,2.315958,0.493084,-0.053731,-0.023454,-0.868004
1640841546158259968,-2.051389,-0.832659,2.313449,0.493508,-0.053150,-0.023814,-0.867789
1640841546160440064,-2.048956,-0.833841,2.311386,0.493859,-0.052690,-0.024087,-0.867610
1640841546163209984,-2.045861,-0.835337,2.308757,0.494308,-0.052122,-0.024414,-0.867379
1640841546165419776,-2.043388,-0.836525,2.306653,0.494667,-0.051677,-0.024668,-0.867194
1640841546169920000,-2.038343,-0.838929,2.302351,0.495398,-0.050757,-0.025207,-0.866816
1640841546171520000,-2.036547,-0.839780,2.300816,0.495656,-0.050421,-0.025414,-0.866682
1640841546172989952,-2.034896,-0.840559,2.299403,0.495892,-0.050109,-0.025610,-0.866559
1640841546175849984,-2.031679,-0.842069,2.296647,0.496348,-0.049494,-0.026006,-0.866321
1640841546177999872,-2.029257,-0.843199,2.294569,0.496688,-0.049030,-0.026312,-0.866144
1640841546181120000,-2.025740,-0.844830,2.291544,0.497176,-0.048360,-0.026761,-0.865888
1640841546182950144,-2.023674,-0.845783,2.289765,0.497459,-0.047968,-0.027027,-0.865738
1640841546185509888,-2.020781,-0.847111,2.287270,0.497855,-0.047420,-0.027403,-0.865529
1640841546187939840,-2.018033,-0.848365,2.284895,0.498230,-0.046897,-0.027764,-0.865330
1640841546190599936,-2.015020,-0.849732,2.282287,0.498642,-0.046319,-0.028164,-0.865111
1640841546192920064,-2.012390,-0.850919,2.280007,0.499002,-0.045814,-0.028516,-0.864919
1640841546195409920,-2.009565,-0.852186,2.277553,0.499389,-0.045275,-0.028892,-0.864711
1640841546199249920,-2.005202,-0.854130,2.273756,0.499989,-0.044465,-0.029459,-0.864388
1640841546200369920,-2.003928,-0.854694,2.272646,0.500164,-0.044237,-0.029620,-0.864293
1640841546202939904,-2.001003,-0.855984,2.270092,0.500566,-0.043721,-0.029982,-0.864073
1640841546205410048,-1.998189,-0.857217,2.267632,0.500954,-0.043232,-0.030319,-0.863862
1640841546207949824,-1.995293,-0.858480,2.265096,0.501353,-0.042727,-0.030657,-0.863643
1640841546210449920,-1.992440,-0.859716,2.262593,0.501748,-0.042219,-0.030983,-0.863427
1640841546213049856,-1.989470,-0.860996,2.259984,0.502159,-0.041677,-0.031316,-0.863203
1640841546215419904,-1.986760,-0.862156,2.257599,0.502534,-0.041175,-0.031618,-0.862997
1640841546218249984,-1.983522,-0.863535,2.254744,0.502984,-0.040573,-0.031985,-0.862750
1640841546220450048,-1.981003,-0.864601,2.252520,0.503334,-0.040107,-0.032277,-0.862557
1640841546222899968,-1.978195,-0.865783,2.250037,0.503724,-0.039591,-0.032609,-0.862340
1640841546225430016,-1.975293,-0.866998,2.247466,0.504125,-0.039058,-0.032957,-0.862117
1640841546228009984,-1.972332,-0.868229,2.244839,0.504530,-0.038510,-0.033312,-0.861891
1640841546231089920,-1.968794,-0.869692,2.241695,0.505005,-0.037846,-0.033732,-0.861626
1640841546232909824,-1.966702,-0.870551,2.239832,0.505283,-0.037450,-0.033978,-0.861471
1640841546235559936,-1.963654,-0.871797,2.237115,0.505687,-0.036869,-0.034335,-0.861245
1640841546238009856,-1.960835,-0.872942,2.234597,0.506059,-0.036330,-0.034664,-0.861036
1640841546240379904,-1.958106,-0.874045,2.232156,0.506422,-0.035808,-0.034982,-0.860831
1640841546242959872,-1.955133,-0.875239,2.229493,0.506820,-0.035242,-0.035329,-0.860607
1640841546245449984,-1.952262,-0.876385,2.226918,0.507204,-0.034697,-0.035659,-0.860389
1640841546248339968,-1.948928,-0.877707,2.223922,0.507648,-0.034067,-0.036033,-0.860136
1640841546249680128,-1.947382,-0.878317,2.222530,0.507853,-0.033776,-0.036200,-0.860020
1640841546253069824,-1.943468,-0.879853,2.219002,0.508362,-0.033043,-0.036604,-0.859730
1640841546253509888,-1.942959,-0.880052,2.218544,0.508428,-0.032949,-0.036655,-0.859693
1640841546258040064,-1.937725,-0.882084,2.213813,0.509110,-0.031996,-0.037142,-0.859305
1640841546258639872,-1.937031,-0.882351,2.213185,0.509202,-0.031873,-0.037202,-0.859252
1640841546263039744,-1.931942,-0.884303,2.208571,0.509895,-0.031000,-0.037622,-0.858854
1640841546263759872,-1.931109,-0.884621,2.207815,0.510011,-0.030860,-0.037687,-0.858788
1640841546268260096,-1.925900,-0.886593,2.203077,0.510737,-0.029979,-0.038093,-0.858369
1640841546269199872,-1.924812,-0.887003,2.202086,0.510887,-0.029791,-0.038179,-0.858283
1640841546272999936,-1.920410,-0.888649,2.198070,0.511491,-0.029015,-0.038535,-0.857934
1640841546273579776,-1.919738,-0.888899,2.197456,0.511582,-0.028894,-0.038591,-0.857881
1640841546278220032,-1.914361,-0.890886,2.192535,0.512308,-0.027907,-0.039072,-0.857459
1640841546279449856,-1.912935,-0.891409,2.191228,0.512499,-0.027640,-0.039210,-0.857347
1640841546283099904,-1.908703,-0.892953,2.187342,0.513063,-0.026838,-0.039646,-0.857015
1640841546284719872,-1.906824,-0.893633,2.185615,0.513313,-0.026479,-0.039846,-0.856867
1640841546287979776,-1.903043,-0.894995,2.182132,0.513815,-0.025759,-0.040243,-0.856569
1640841546288600064,-1.902323,-0.895252,2.181469,0.513911,-0.025623,-0.040316,-0.856512
1640841546292919808,-1.897311,-0.897037,2.176841,0.514581,-0.024683,-0.040797,-0.856115
1640841546293259776,-1.896917,-0.897177,2.176476,0.514634,-0.024609,-0.040834,-0.856084
1640841546298060032,-1.891347,-0.899135,2.171318,0.515385,-0.023569,-0.041355,-0.855636
1640841546299439872,-1.889745,-0.899694,2.169832,0.515602,-0.023268,-0.041511,-0.855505
1640841546302990080,-1.885625,-0.901122,2.166003,0.516166,-0.022493,-0.041927,-0.855166
1640841546303769856,-1.884720,-0.901434,2.165161,0.516291,-0.022325,-0.042020,-0.855091
1640841546308009984,-1.879799,-0.903119,2.160576,0.516971,-0.021430,-0.042502,-0.854679
1640841546309009920,-1.878639,-0.903514,2.159493,0.517132,-0.021228,-0.042608,-0.854581
1640841546313349888,-1.873602,-0.905215,2.154785,0.517833,-0.020385,-0.043030,-0.854155
1640841546314149888,-1.872674,-0.905526,2.153916,0.517963,-0.020233,-0.043103,-0.854077
1640841546317949952,-1.868265,-0.906996,2.149783,0.518579,-0.019513,-0.043448,-0.853702
1640841546321240064,-1.864449,-0.908257,2.146198,0.519111,-0.018873,-0.043760,-0.853377
1640841546322909952,-1.862513,-0.908892,2.144376,0.519381,-0.018534,-0.043929,-0.853212
1640841546323409920,-1.861932,-0.909082,2.143830,0.519462,-0.018431,-0.043982,-0.853162
1640841546328019968,-1.856588,-0.910818,2.138791,0.520202,-0.017424,-0.044518,-0.852704
1640841546332839936,-1.851002,-0.912610,2.133511,0.520968,-0.016410,-0.045080,-0.852227
1640841546333149952,-1.850643,-0.912725,2.133171,0.521017,-0.016349,-0.045114,-0.852196
1640841546333479936,-1.850260,-0.912846,2.132809,0.521069,-0.016284,-0.045150,-0.852164
1640841546338289920,-1.844689,-0.914607,2.127525,0.521833,-0.015380,-0.045653,-0.851687
1640841546339249920,-1.843578,-0.914955,2.126470,0.521986,-0.015204,-0.045752,-0.851590
1640841546342929920,-1.839319,-0.916282,2.122419,0.522583,-0.014523,-0.046128,-0.851216
1640841546343419904,-1.838752,-0.916457,2.121879,0.522663,-0.014432,-0.046178,-0.851166
1640841546349030144,-1.832265,-0.918449,2.115689,0.523584,-0.013354,-0.046763,-0.850585
1640841546349759744,-1.831421,-0.918706,2.114883,0.523704,-0.013209,-0.046841,-0.850509
1640841546353029888,-1.827643,-0.919849,2.111268,0.524241,-0.012547,-0.047197,-0.850168
1640841546353649920,-1.826927,-0.920065,2.110582,0.524343,-0.012420,-0.047266,-0.850104
1640841546357929984,-1.821986,-0.921541,2.105843,0.525040,-0.011544,-0.047765,-0.849657
1640841546358579968,-1.821236,-0.921764,2.105123,0.525146,-0.011412,-0.047845,-0.849590
1640841546363049984,-1.816081,-0.923282,2.100164,0.525866,-0.010521,-0.048417,-0.849123
1640841546363889920,-1.815113,-0.923565,2.099232,0.526000,-0.010356,-0.048527,-0.849036
1640841546367950080,-1.810436,-0.924922,2.094720,0.526652,-0.009573,-0.049065,-0.848610
1640841546368509952,-1.809792,-0.925108,2.094098,0.526742,-0.009466,-0.049139,-0.848551
1640841546373539840,-1.804005,-0.926761,2.088500,0.527555,-0.008524,-0.049781,-0.848018
1640841546374139904,-1.803315,-0.926957,2.087831,0.527653,-0.008414,-0.049853,-0.847954
1640841546379289856,-1.797400,-0.928619,2.082091,0.528501,-0.007495,-0.050425,-0.847400
1640841546381479936,-1.794887,-0.929318,2.079647,0.528866,-0.007116,-0.050642,-0.847163
1640841546383219968,-1.792891,-0.929869,2.077704,0.529157,-0.006817,-0.050809,-0.846974
1640841546383999744,-1.791997,-0.930115,2.076834,0.529287,-0.006683,-0.050884,-0.846889
1640841546388000000,-1.787415,-0.931367,2.072364,0.529954,-0.005989,-0.051270,-0.846454
1640841546388790016,-1.786510,-0.931612,2.071481,0.530084,-0.005849,-0.051349,-0.846368
1640841546393169920,-1.781501,-0.932960,2.066581,0.530805,-0.005056,-0.051816,-0.845893
1640841546394599936,-1.779867,-0.933395,2.064980,0.531041,-0.004794,-0.051973,-0.845737
1640841546399589888,-1.774171,-0.934898,2.059391,0.531873,-0.003889,-0.052507,-0.845186
1640841546400280064,-1.773384,-0.935104,2.058618,0.531989,-0.003766,-0.052578,-0.845109
1640841546402969856,-1.770319,-0.935901,2.055603,0.532448,-0.003291,-0.052844,-0.844805
1640841546403379968,-1.769852,-0.936022,2.055143,0.532518,-0.003219,-0.052884,-0.844759
1640841546408049920,-1.764538,-0.937386,2.049904,0.533320,-0.002399,-0.053313,-0.844228
1640841546409299968,-1.763117,-0.937747,2.048501,0.533535,-0.002178,-0.053422,-0.844086
1640841546413059840,-1.758848,-0.938824,2.044280,0.534178,-0.001514,-0.053741,-0.843661
1640841546413649920,-1.758179,-0.938992,2.043617,0.534279,-0.001410,-0.053790,-0.843594
1640841546417939968,-1.753317,-0.940199,2.038798,0.535003,-0.000672,-0.054152,-0.843113
1640841546418579712,-1.752592,-0.940378,2.038079,0.535109,-0.000566,-0.054207,-0.843042
1640841546422929920,-1.747672,-0.941579,2.033190,0.535829,0.000136,-0.054595,-0.842559
1640841546423300096,-1.747254,-0.941681,2.032774,0.535890,0.000194,-0.054629,-0.842518
1640841546428339968,-1.741567,-0.943046,2.027106,0.536723,0.000985,-0.055097,-0.841957
1640841546429240064,-1.740553,-0.943287,2.026094,0.536873,0.001127,-0.055182,-0.841856
1640841546433319680,-1.735960,-0.944369,2.021504,0.537558,0.001770,-0.055562,-0.841393
1640841546434059776,-1.735128,-0.944563,2.020671,0.537683,0.001886,-0.055629,-0.841308
1640841546438669824,-1.729951,-0.945761,2.015484,0.538469,0.002591,-0.056033,-0.840776
1640841546439179776,-1.729379,-0.945892,2.014910,0.538556,0.002667,-0.056076,-0.840717
1640841546443130112,-1.724953,-0.946898,2.010464,0.539236,0.003235,-0.056390,-0.840258
1640841546443980032,-1.724002,-0.947113,2.009507,0.539383,0.003353,-0.056456,-0.840159
1640841546450039808,-1.717232,-0.948620,2.002686,0.540421,0.004161,-0.056918,-0.839457
1640841546450670080,-1.716530,-0.948774,2.001977,0.540529,0.004242,-0.056966,-0.839384
1640841546453409792,-1.713477,-0.949441,1.998892,0.540995,0.004589,-0.057178,-0.839068
1640841546453920000,-1.712909,-0.949564,1.998318,0.541081,0.004653,-0.057217,-0.839009
1640841546458079744,-1.708284,-0.950560,1.993636,0.541796,0.005172,-0.057531,-0.838523
1640841546458720000,-1.707573,-0.950711,1.992915,0.541907,0.005252,-0.057578,-0.838447
1640841546462889984,-1.702949,-0.951688,1.988222,0.542642,0.005779,-0.057877,-0.837947
1640841546463519744,-1.702251,-0.951834,1.987514,0.542754,0.005860,-0.057922,-0.837871
1640841546467969792,-1.697329,-0.952854,1.982506,0.543542,0.006454,-0.058248,-0.837334
1640841546468679936,-1.696545,-0.953015,1.981707,0.543666,0.006553,-0.058303,-0.837248
1640841546473079808,-1.691693,-0.954000,1.976758,0.544423,0.007181,-0.058667,-0.836726
1640841546474169856,-1.690493,-0.954241,1.975532,0.544608,0.007338,-0.058762,-0.836598
1640841546477969920,-1.686316,-0.955071,1.971259,0.545242,0.007872,-0.059107,-0.836155
1640841546478649856,-1.685569,-0.955218,1.970495,0.545355,0.007964,-0.059171,-0.836076
1640841546483289856,-1.680482,-0.956209,1.965280,0.546114,0.008563,-0.059614,-0.835543
1640841546483980032,-1.679727,-0.956354,1.964504,0.546226,0.008648,-0.059681,-0.835464
1640841546488019968,-1.675312,-0.957196,1.959966,0.546883,0.009133,-0.060071,-0.835001
1640841546489149696,-1.674079,-0.957428,1.958697,0.547068,0.009266,-0.060179,-0.834871
1640841546492930048,-1.669961,-0.958196,1.954453,0.547687,0.009697,-0.060532,-0.834434
1640841546493329920,-1.669525,-0.958277,1.954004,0.547753,0.009741,-0.060568,-0.834388
1640841546497999872,-1.664452,-0.959204,1.948765,0.548523,0.010232,-0.060963,-0.833847
1640841546499159808,-1.663194,-0.959431,1.947464,0.548715,0.010346,-0.061052,-0.833713
1640841546502899968,-1.659145,-0.960153,1.943271,0.549334,0.010688,-0.061318,-0.833281
1640841546503500032,-1.658496,-0.960267,1.942598,0.549433,0.010741,-0.061359,-0.833212
1640841546510550016,-1.650893,-0.961586,1.934702,0.550594,0.011313,-0.061858,-0.832401
1640841546511109888,-1.650291,-0.961689,1.934075,0.550686,0.011356,-0.061899,-0.832337
1640841546512849920,-1.648420,-0.962006,1.932128,0.550971,0.011489,-0.062026,-0.832136
1640841546513209856,-1.648034,-0.962071,1.931725,0.551031,0.011517,-0.062052,-0.832095
1640841546518759936,-1.642083,-0.963060,1.925519,0.551949,0.011928,-0.062372,-0.831456
1640841546519609856,-1.641174,-0.963209,1.924569,0.552092,0.011990,-0.062403,-0.831358
1640841546523089920,-1.637457,-0.963810,1.920682,0.552681,0.012244,-0.062478,-0.830958
1640841546523619840,-1.636891,-0.963901,1.920090,0.552770,0.012282,-0.062484,-0.830897
1640841546527930112,-1.632301,-0.964627,1.915280,0.553492,0.012595,-0.062524,-0.830409
1640841546528379904,-1.631823,-0.964702,1.914778,0.553566,0.012628,-0.062530,-0.830359
1640841546532960000,-1.626962,-0.965451,1.909672,0.554302,0.012957,-0.062606,-0.829856
1640841546533489920,-1.626400,-0.965537,1.909082,0.554386,0.012995,-0.062616,-0.829799
1640841546538319872,-1.621293,-0.966303,1.903704,0.555146,0.013321,-0.062698,-0.829280
1640841546541669888,-1.617760,-0.966821,1.899977,0.555674,0.013527,-0.062726,-0.828920
1640841546542909952,-1.616455,-0.967010,1.898599,0.555871,0.013598,-0.062729,-0.828787
1640841546543520000,-1.615813,-0.967102,1.897921,0.555968,0.013632,-0.062729,-0.828721
1640841546547969792,-1.611140,-0.967766,1.892978,0.556678,0.013872,-0.062744,-0.828239
1640841546549459968,-1.609579,-0.967984,1.891325,0.556915,0.013952,-0.062764,-0.828077
1640841546553089792,-1.605783,-0.968506,1.887299,0.557490,0.014150,-0.062860,-0.827679
1640841546553849856,-1.604989,-0.968614,1.886456,0.557610,0.014193,-0.062887,-0.827596
1640841546558660096,-1.599977,-0.969283,1.881129,0.558362,0.014465,-0.063046,-0.827072
1640841546559320064,-1.599290,-0.969373,1.880399,0.558464,0.014502,-0.063062,-0.827001
1640841546562929920,-1.595542,-0.969859,1.876407,0.559024,0.014695,-0.063119,-0.826615
1640841546563350016,-1.595107,-0.969914,1.875942,0.559089,0.014715,-0.063121,-0.826571
1640841546568059904,-1.590233,-0.970528,1.870740,0.559825,0.014882,-0.063092,-0.826072
1640841546568979968,-1.589283,-0.970645,1.869725,0.559970,0.014899,-0.063073,-0.825974
1640841546574169856,-1.583937,-0.971293,1.864004,0.560805,0.014932,-0.062904,-0.825420
1640841546574980096,-1.583104,-0.971391,1.863111,0.560937,0.014935,-0.062871,-0.825333
1640841546578089984,-1.579912,-0.971765,1.859688,0.561448,0.014962,-0.062738,-0.824995
1640841546578789888,-1.579195,-0.971848,1.858918,0.561563,0.014974,-0.062708,-0.824918
1640841546583200000,-1.574685,-0.972360,1.854071,0.562292,0.015076,-0.062508,-0.824435
1640841546583629824,-1.574246,-0.972409,1.853599,0.562362,0.015087,-0.062488,-0.824388
1640841546588120064,-1.569671,-0.972910,1.848672,0.563083,0.015204,-0.062263,-0.823911
1640841546588759808,-1.569020,-0.972980,1.847970,0.563182,0.015218,-0.062229,-0.823846
1640841546592979968,-1.564738,-0.973432,1.843348,0.563822,0.015292,-0.061992,-0.823424
1640841546593479936,-1.564231,-0.973484,1.842801,0.563897,0.015299,-0.061963,-0.823375
1640841546598309888,-1.559348,-0.973980,1.837519,0.564622,0.015371,-0.061698,-0.822897
1640841546599089920,-1.558562,-0.974058,1.836667,0.564741,0.015384,-0.061658,-0.822818
1640841546602979840,-1.554645,-0.974438,1.832421,0.565342,0.015467,-0.061473,-0.822418
1640841546603479808,-1.554143,-0.974486,1.831876,0.565419,0.015479,-0.061451,-0.822366
1640841546607899904,-1.549710,-0.974901,1.827060,0.566099,0.015616,-0.061255,-0.821910
1640841546608450048,-1.549159,-0.974951,1.826461,0.566183,0.015637,-0.061231,-0.821854
1640841546613090048,-1.544524,-0.975365,1.821414,0.566869,0.015836,-0.061018,-0.821392
1640841546613709824,-1.543906,-0.975419,1.820741,0.566959,0.015863,-0.060988,-0.821332
1640841546618099968,-1.539539,-0.975791,1.815976,0.567594,0.016043,-0.060758,-0.820907
1640841546618949888,-1.538695,-0.975861,1.815054,0.567717,0.016071,-0.060710,-0.820825
1640841546622949888,-1.534733,-0.976183,1.810721,0.568305,0.016153,-0.060456,-0.820435
1640841546623429888,-1.534258,-0.976220,1.810201,0.568376,0.016156,-0.060422,-0.820388
1640841546628000000,-1.529748,-0.976568,1.805260,0.569077,0.016096,-0.060069,-0.819929
1640841546628549888,-1.529206,-0.976609,1.804666,0.569162,0.016087,-0.060025,-0.819874
1640841546632920064,-1.524912,-0.976923,1.799950,0.569823,0.016137,-0.059688,-0.819438
1640841546633659904,-1.524186,-0.976975,1.799152,0.569932,0.016159,-0.059632,-0.819366
1640841546637979904,-1.519958,-0.977266,1.794500,0.570565,0.016292,-0.059290,-0.818947
1640841546638479872,-1.519470,-0.977299,1.793962,0.570638,0.016303,-0.059247,-0.818899
1640841546643139840,-1.514929,-0.977593,1.788954,0.571315,0.016352,-0.058824,-0.818457
1640841546643810048,-1.514277,-0.977634,1.788235,0.571412,0.016352,-0.058761,-0.818393
1640841546648389888,-1.509834,-0.977903,1.783324,0.572070,0.016335,-0.058330,-0.817965
1640841546649829888,-1.508440,-0.977984,1.781782,0.572274,0.016328,-0.058200,-0.817832
1640841546652999936,-1.505379,-0.978156,1.778390,0.572720,0.016320,-0.057928,-0.817539
1640841546653400064,-1.504993,-0.978178,1.777962,0.572776,0.016319,-0.057895,-0.817502
1640841546657879808,-1.500681,-0.978405,1.773178,0.573402,0.016314,-0.057535,-0.817088
1640841546658389760,-1.500192,-0.978430,1.772634,0.573474,0.016313,-0.057494,-0.817041
1640841546662939904,-1.495831,-0.978642,1.767785,0.574112,0.016302,-0.057130,-0.816619
1640841546663360000,-1.495430,-0.978661,1.767338,0.574170,0.016301,-0.057096,-0.816580
1640841546668289792,-1.490726,-0.978870,1.762097,0.574860,0.016296,-0.056681,-0.816123
1640841546668969984,-1.490079,-0.978897,1.761375,0.574955,0.016297,-0.056621,-0.816061
1640841546673090048,-1.486166,-0.979054,1.757005,0.575527,0.016315,-0.056241,-0.815683
1640841546673639936,-1.485645,-0.979074,1.756422,0.575603,0.016319,-0.056187,-0.815633
1640841546678099968,-1.481427,-0.979227,1.751702,0.576214,0.016373,-0.055724,-0.815233
1640841546678949888,-1.480625,-0.979254,1.750804,0.576329,0.016388,-0.055630,-0.815157
1640841546683419904,-1.476417,-0.979388,1.746084,0.576933,0.016431,-0.055142,-0.814762
1640841546685009920,-1.474924,-0.979432,1.744408,0.577150,0.016418,-0.054983,-0.814620
1640841546688000000,-1.472122,-0.979509,1.741259,0.577564,0.016377,-0.054680,-0.814347
1640841546688779776,-1.471393,-0.979527,1.740439,0.577674,0.016368,-0.054596,-0.814275
1640841546692979712,-1.467472,-0.979621,1.736025,0.578282,0.016351,-0.054103,-0.813877
1640841546693539840,-1.466951,-0.979632,1.735437,0.578364,0.016352,-0.054036,-0.813823
1640841546698240000,-1.462583,-0.979719,1.730509,0.579046,0.016389,-0.053532,-0.813371
1640841546699339776,-1.461564,-0.979737,1.729358,0.579201,0.016402,-0.053441,-0.813266
1640841546706429952,-1.455016,-0.979828,1.721950,0.580157,0.016511,-0.053024,-0.812609
1640841546707020032,-1.454473,-0.979834,1.721334,0.580234,0.016521,-0.052989,-0.812556
1640841546707939840,-1.453627,-0.979843,1.720376,0.580354,0.016537,-0.052933,-0.812474
1640841546708619776,-1.453002,-0.979849,1.719667,0.580442,0.016549,-0.052888,-0.812414
1640841546713319936,-1.448692,-0.979881,1.714776,0.581050,0.016637,-0.052525,-0.812000
1640841546714899968,-1.447248,-0.979888,1.713134,0.581257,0.016670,-0.052390,-0.811861
1640841546717989888,-1.444429,-0.979896,1.709928,0.581667,0.016741,-0.052120,-0.811583
1640841546719009792,-1.443500,-0.979897,1.708870,0.581806,0.016766,-0.052032,-0.811488
1640841546722970112,-1.439902,-0.979894,1.704770,0.582353,0.016871,-0.051694,-0.811115
1640841546723650048,-1.439285,-0.979892,1.704067,0.582448,0.016889,-0.051637,-0.811051
1640841546727969792,-1.435377,-0.979873,1.699605,0.583048,0.016990,-0.051281,-0.810640
1640841546728600064,-1.434808,-0.979870,1.698955,0.583135,0.017003,-0.051230,-0.810580
1640841546733329920,-1.430549,-0.979831,1.694084,0.583776,0.017074,-0.050847,-0.810141
1640841546734479872,-1.429516,-0.979819,1.692901,0.583931,0.017087,-0.050752,-0.810035
1640841546738080000,-1.426290,-0.979776,1.689203,0.584422,0.017127,-0.050442,-0.809700
1640841546740379904,-1.424235,-0.979743,1.686845,0.584741,0.017154,-0.050229,-0.809481
1640841546743340032,-1.421595,-0.979696,1.683814,0.585161,0.017192,-0.049937,-0.809195
1640841546744119808,-1.420901,-0.979682,1.683016,0.585273,0.017202,-0.049857,-0.809119
1640841546748160000,-1.417313,-0.979605,1.678888,0.585856,0.017249,-0.049417,-0.808723
1640841546749069824,-1.416506,-0.979586,1.677960,0.585988,0.017258,-0.049312,-0.808634
1640841546753100032,-1.412943,-0.979495,1.673854,0.586570,0.017287,-0.048835,-0.808240
1640841546753870080,-1.412264,-0.979476,1.673070,0.586681,0.017291,-0.048743,-0.808165
1640841546757989888,-1.408637,-0.979369,1.668884,0.587269,0.017304,-0.048258,-0.807767
1640841546758810112,-1.407917,-0.979346,1.668052,0.587384,0.017306,-0.048164,-0.807688
1640841546763360000,-1.403930,-0.979211,1.663441,0.588018,0.017318,-0.047663,-0.807256
1640841546764760064,-1.402707,-0.979167,1.662025,0.588212,0.017326,-0.047511,-0.807124
1640841546768090112,-1.399803,-0.979055,1.658661,0.588671,0.017366,-0.047147,-0.806810
1640841546768600064,-1.399359,-0.979038,1.658147,0.588741,0.017376,-0.047091,-0.806762
1640841546772960000,-1.395573,-0.978879,1.653753,0.589342,0.017479,-0.046605,-0.806349
1640841546773479936,-1.395122,-0.978859,1.653230,0.589414,0.017493,-0.046548,-0.806300
1640841546778220032,-1.391025,-0.978671,1.648468,0.590068,0.017610,-0.046064,-0.805846
1640841546779209728,-1.390171,-0.978629,1.647475,0.590205,0.017628,-0.045973,-0.805750
1640841546783449856,-1.386524,-0.978444,1.643228,0.590791,0.017690,-0.045613,-0.805340
1640841546784069888,-1.385992,-0.978416,1.642608,0.590877,0.017697,-0.045563,-0.805280
1640841546787989760,-1.382635,-0.978233,1.638693,0.591417,0.017742,-0.045237,-0.804900
1640841546788519936,-1.382182,-0.978208,1.638164,0.591490,0.017748,-0.045190,-0.804849
1640841546793120000,-1.378259,-0.977978,1.633583,0.592122,0.017809,-0.044760,-0.804407
1640841546794659840,-1.376949,-0.977898,1.632052,0.592335,0.017827,-0.044609,-0.804258
1640841546799199744,-1.373099,-0.977653,1.627547,0.592972,0.017848,-0.044158,-0.803813
1640841546803439872,-1.369517,-0.977412,1.623351,0.593582,0.017815,-0.043751,-0.803386
1640841546804069888,-1.368986,-0.977375,1.622728,0.593673,0.017808,-0.043691,-0.803322
1640841546804489728,-1.368633,-0.977350,1.622313,0.593734,0.017804,-0.043652,-0.803279
1640841546808219904,-1.365496,-0.977126,1.618633,0.594271,0.017770,-0.043305,-0.802901
1640841546809890048,-1.364095,-0.977022,1.616988,0.594509,0.017764,-0.043152,-0.802734
1640841546812950016,-1.361534,-0.976828,1.613979,0.594940,0.017768,-0.042878,-0.802429
1640841546814109952,-1.360564,-0.976753,1.612839,0.595103,0.017772,-0.042778,-0.802313
1640841546817979904,-1.357338,-0.976496,1.609044,0.595647,0.017795,-0.042465,-0.801925
1640841546819609856,-1.355983,-0.976385,1.607448,0.595878,0.017805,-0.042345,-0.801760
1640841546823049984,-1.353129,-0.976145,1.604085,0.596368,0.017825,-0.042112,-0.801407
1640841546824069888,-1.352284,-0.976072,1.603089,0.596514,0.017831,-0.042046,-0.801302
1640841546828199936,-1.348872,-0.975771,1.599064,0.597103,0.017859,-0.041782,-0.800876
1640841546828999936,-1.348212,-0.975712,1.598285,0.597217,0.017865,-0.041729,-0.800794
1640841546833149952,-1.344799,-0.975397,1.594253,0.597805,0.017896,-0.041451,-0.800369
1640841546834729984,-1.343502,-0.975274,1.592721,0.598030,0.017906,-0.041345,-0.800207
1640841546837999872,-1.340825,-0.975015,1.589555,0.598497,0.017913,-0.041130,-0.799868
1640841546838719744,-1.340236,-0.974957,1.588858,0.598600,0.017912,-0.041084,-0.799793
1640841546843200000,-1.336583,-0.974589,1.584533,0.599254,0.017879,-0.040812,-0.799318
1640841546843770112,-1.336119,-0.974542,1.583983,0.599338,0.017873,-0.040778,-0.799257
1640841546849479936,-1.331485,-0.974053,1.578490,0.600192,0.017798,-0.040419,-0.798636
1640841546850009856,-1.331056,-0.974007,1.577981,0.600272,0.017791,-0.040383,-0.798577
1640841546853050112,-1.328599,-0.973738,1.575066,0.600735,0.017753,-0.040169,-0.798241
1640841546853519872,-1.328220,-0.973696,1.574616,0.600806,0.017748,-0.040135,-0.798189
1640841546858219776,-1.324436,-0.973268,1.570121,0.601519,0.017699,-0.039799,-0.797670
1640841546859930112,-1.323062,-0.973109,1.568489,0.601777,0.017684,-0.039681,-0.797482
1640841546862979840,-1.320618,-0.972821,1.565583,0.602232,0.017657,-0.039479,-0.797149
1640841546863739904,-1.320010,-0.972748,1.564860,0.602346,0.017649,-0.039430,-0.797066
1640841546867929856,-1.316665,-0.972342,1.560879,0.602971,0.017588,-0.039174,-0.796607
1640841546868519936,-1.316194,-0.972284,1.560319,0.603060,0.017576,-0.039139,-0.796542
1640841546873859840,-1.311950,-0.971749,1.555264,0.603867,0.017424,-0.038841,-0.795948
1640841546874769920,-1.311228,-0.971656,1.554404,0.604005,0.017394,-0.038791,-0.795846
1640841546878109952,-1.308585,-0.971312,1.551253,0.604510,0.017288,-0.038600,-0.795474
1640841546879760128,-1.307282,-0.971139,1.549698,0.604757,0.017244,-0.038499,-0.795292
1640841546882929920,-1.304783,-0.970803,1.546717,0.605231,0.017168,-0.038296,-0.794943
1640841546883440128,-1.304381,-0.970749,1.546238,0.605307,0.017156,-0.038262,-0.794887
1640841546888019968,-1.300784,-0.970252,1.541943,0.605998,0.017036,-0.037957,-0.794377
1640841546889279744,-1.299796,-0.970113,1.540764,0.606191,0.016995,-0.037873,-0.794235
1640841546893159936,-1.296762,-0.969680,1.537139,0.606793,0.016844,-0.037622,-0.793790
1640841546894429952,-1.295770,-0.969536,1.535954,0.606991,0.016788,-0.037542,-0.793644
1640841546897899776,-1.293067,-0.969139,1.532723,0.607529,0.016625,-0.037330,-0.793246
1640841546898619904,-1.292507,-0.969056,1.532053,0.607640,0.016590,-0.037287,-0.793164
1640841546903369984,-1.288821,-0.968500,1.527644,0.608356,0.016353,-0.037014,-0.792632
1640841546904829952,-1.287691,-0.968327,1.526291,0.608573,0.016281,-0.036931,-0.792471
1640841546908279808,-1.285025,-0.967912,1.523101,0.609086,0.016112,-0.036726,-0.792090
1640841546909279744,-1.284253,-0.967791,1.522177,0.609235,0.016065,-0.036663,-0.791979
1640841546912930048,-1.281442,-0.967344,1.518812,0.609787,0.015894,-0.036414,-0.791569
1640841546913529856,-1.280981,-0.967269,1.518260,0.609878,0.015866,-0.036371,-0.791501
1640841546917909760,-1.277620,-0.966721,1.514234,0.610545,0.015644,-0.036057,-0.791006
1640841546918459904,-1.277199,-0.966652,1.513729,0.610628,0.015613,-0.036019,-0.790944
1640841546922950144,-1.273766,-0.966078,1.509616,0.611302,0.015343,-0.035714,-0.790442
1640841546923519744,-1.273331,-0.966004,1.509095,0.611387,0.015307,-0.035677,-0.790379
1640841546928099840,-1.269843,-0.965406,1.504913,0.612059,0.015024,-0.035393,-0.789877
1640841546928709888,-1.269379,-0.965326,1.504357,0.612147,0.014987,-0.035357,-0.789811
1640841546932950016,-1.266162,-0.964761,1.500499,0.612753,0.014742,-0.035119,-0.789356
1640841546933479936,-1.265760,-0.964690,1.500018,0.612829,0.014712,-0.035090,-0.789299
1640841546938089728,-1.262275,-0.964064,1.495838,0.613483,0.014427,-0.034848,-0.788806
1640841546939869952,-1.260932,-0.963819,1.494227,0.613738,0.014304,-0.034757,-0.788615
1640841546942979840,-1.258590,-0.963387,1.491418,0.614185,0.014072,-0.034601,-0.788277
1640841546943719936,-1.258033,-0.963284,1.490750,0.614292,0.014015,-0.034564,-0.788197
1640841546947929856,-1.254872,-0.962690,1.486958,0.614902,0.013687,-0.034356,-0.787736
1640841546948480000,-1.254460,-0.962612,1.486463,0.614982,0.013645,-0.034329,-0.787676
1640841546953420032,-1.250764,-0.961902,1.482030,0.615696,0.013280,-0.034083,-0.787134
1640841546954099968,-1.250256,-0.961803,1.481420,0.615794,0.013230,-0.034049,-0.787060
1640841546957989888,-1.247356,-0.961234,1.477941,0.616350,0.012932,-0.033849,-0.786638
1640841546958809856,-1.246746,-0.961113,1.477209,0.616467,0.012865,-0.033806,-0.786550
1640841546962949888,-1.243669,-0.960497,1.473518,0.617050,0.012510,-0.033577,-0.786108
1640841546963379968,-1.243350,-0.960433,1.473135,0.617110,0.012472,-0.033552,-0.786062
1640841546967909888,-1.239994,-0.959748,1.469110,0.617752,0.012066,-0.033265,-0.785577
1640841546968879872,-1.239276,-0.959600,1.468249,0.617891,0.011980,-0.033197,-0.785471
1640841546973229824,-1.236065,-0.958931,1.464398,0.618520,0.011594,-0.032879,-0.784995
1640841546973690112,-1.235726,-0.958860,1.463991,0.618587,0.011552,-0.032846,-0.784945
1640841546977939968,-1.232598,-0.958196,1.460241,0.619196,0.011155,-0.032553,-0.784482
1640841546979980032,-1.231099,-0.957874,1.458444,0.619482,0.010950,-0.032430,-0.784264
1640841546983379968,-1.228606,-0.957332,1.455455,0.619950,0.010593,-0.032245,-0.783907
1640841546984119808,-1.228064,-0.957214,1.454806,0.620051,0.010514,-0.032206,-0.783830
1640841546987889920,-1.225306,-0.956606,1.451502,0.620559,0.010105,-0.031993,-0.783441
1640841546988459776,-1.224890,-0.956513,1.451003,0.620636,0.010043,-0.031958,-0.783383
1640841546992919808,-1.221637,-0.955784,1.447107,0.621236,0.009560,-0.031654,-0.782926
1640841546993289984,-1.221368,-0.955723,1.446784,0.621286,0.009520,-0.031628,-0.782888
1640841546997929728,-1.217994,-0.954953,1.442744,0.621923,0.009013,-0.031297,-0.782401
1640841546998659840,-1.217464,-0.954830,1.442109,0.622025,0.008932,-0.031247,-0.782323
1640841547003360000,-1.214056,-0.954038,1.438032,0.622696,0.008403,-0.030948,-0.781807
1640841547004189952,-1.213455,-0.953897,1.437313,0.622815,0.008308,-0.030897,-0.781715
1640841547008529920,-1.210319,-0.953154,1.433562,0.623433,0.007812,-0.030630,-0.781237
1640841547009049856,-1.209944,-0.953064,1.433113,0.623506,0.007752,-0.030597,-0.781181
1640841547012869888,-1.207190,-0.952402,1.429821,0.624034,0.007311,-0.030341,-0.780773
1640841547013319936,-1.206866,-0.952323,1.429434,0.624096,0.007258,-0.030309,-0.780726
1640841547018089984,-1.203436,-0.951485,1.425337,0.624751,0.006682,-0.029925,-0.780222
1640841547019879936,-1.202151,-0.951167,1.423803,0.625000,0.006455,-0.029760,-0.780030
1640841547024750080,-1.198662,-0.950296,1.419638,0.625686,0.005817,-0.029276,-0.779503
1640841547025229824,-1.198318,-0.950210,1.419229,0.625754,0.005754,-0.029228,-0.779451
1640841547027889920,-1.196417,-0.949728,1.416960,0.626133,0.005401,-0.028964,-0.779160
1640841547028319744,-1.196110,-0.949650,1.416594,0.626194,0.005345,-0.028922,-0.779112
1640841547032929792,-1.192821,-0.948807,1.412674,0.626850,0.004750,-0.028510,-0.778604
1640841547033929728,-1.192108,-0.948623,1.411825,0.626992,0.004626,-0.028428,-0.778493
1640841547038060032,-1.189170,-0.947857,1.408325,0.627572,0.004138,-0.028110,-0.778040
1640841547038859776,-1.188601,-0.947708,1.407649,0.627683,0.004050,-0.028052,-0.777953
1640841547042850048,-1.185769,-0.946958,1.404278,0.628232,0.003623,-0.027767,-0.777522
1640841547043299840,-1.185450,-0.946873,1.403899,0.628294,0.003575,-0.027735,-0.777473
1640841547047859968,-1.182220,-0.946007,1.400059,0.628914,0.003078,-0.027405,-0.776986
1640841547048339968,-1.181881,-0.945915,1.399656,0.628979,0.003023,-0.027369,-0.776934
1640841547054279936,-1.177684,-0.944770,1.394673,0.629790,0.002288,-0.026894,-0.776297
1640841547055650048,-1.176718,-0.944503,1.393526,0.629979,0.002112,-0.026775,-0.776147
1640841547058439936,-1.174752,-0.943958,1.391195,0.630371,0.001757,-0.026523,-0.775839
1640841547059510016,-1.173999,-0.943748,1.390301,0.630523,0.001623,-0.026422,-0.775719
1640841547062830080,-1.171664,-0.943092,1.387534,0.630999,0.001217,-0.026100,-0.775343
1640841547063200000,-1.171404,-0.943019,1.387226,0.631052,0.001172,-0.026064,-0.775301
1640841547068049920,-1.167998,-0.942051,1.383195,0.631741,0.000589,-0.025595,-0.774757
1640841547068989952,-1.167339,-0.941862,1.382415,0.631871,0.000475,-0.025507,-0.774653
1640841547072939776,-1.164572,-0.941063,1.379143,0.632407,-0.000001,-0.025156,-0.774228
1640841547073720064,-1.164025,-0.940905,1.378498,0.632511,-0.000093,-0.025089,-0.774145
1640841547077900032,-1.161102,-0.940050,1.375046,0.633066,-0.000569,-0.024745,-0.773702
1640841547078409984,-1.160746,-0.939946,1.374626,0.633133,-0.000624,-0.024704,-0.773648
1640841547083170048,-1.157423,-0.938961,1.370707,0.633770,-0.001107,-0.024329,-0.773138
1640841547084179968,-1.156718,-0.938751,1.369877,0.633906,-0.001205,-0.024249,-0.773029
1640841547088729856,-1.153548,-0.937798,1.366144,0.634516,-0.001656,-0.023876,-0.772539
1640841547089259776,-1.153179,-0.937686,1.365710,0.634587,-0.001711,-0.023831,-0.772482
1640841547092890112,-1.150653,-0.936917,1.362740,0.635068,-0.002093,-0.023519,-0.772095
1640841547093420032,-1.150285,-0.936805,1.362307,0.635138,-0.002150,-0.023474,-0.772039
1640841547097999872,-1.147103,-0.935825,1.358571,0.635735,-0.002650,-0.023105,-0.771557
1640841547099319808,-1.146186,-0.935541,1.357496,0.635905,-0.002795,-0.023010,-0.771419
1640841547103299840,-1.143425,-0.934679,1.354259,0.636412,-0.003232,-0.022757,-0.771007
1640841547103960064,-1.142968,-0.934535,1.353723,0.636495,-0.003305,-0.022718,-0.770939
1640841547108640000,-1.139725,-0.933511,1.349929,0.637095,-0.003825,-0.022419,-0.770450
1640841547109890048,-1.138860,-0.933236,1.348917,0.637258,-0.003965,-0.022327,-0.770317
1640841547113039872,-1.136680,-0.932538,1.346371,0.637674,-0.004321,-0.022079,-0.769978
1640841547114310144,-1.135801,-0.932256,1.345346,0.637843,-0.004464,-0.021974,-0.769840
1640841547118019840,-1.133236,-0.931426,1.342355,0.638340,-0.004877,-0.021663,-0.769434
1640841547118860032,-1.132656,-0.931238,1.341678,0.638453,-0.004969,-0.021594,-0.769342
1640841547123040000,-1.129769,-0.930294,1.338317,0.639012,-0.005416,-0.021260,-0.768884
1640841547123719936,-1.129299,-0.930139,1.337771,0.639102,-0.005488,-0.021207,-0.768810
1640841547127990016,-1.126352,-0.929165,1.334347,0.639657,-0.005931,-0.020865,-0.768355
1640841547128480000,-1.126014,-0.929053,1.333955,0.639719,-0.005982,-0.020825,-0.768304
1640841547132829952,-1.123014,-0.928051,1.330476,0.640256,-0.006424,-0.020456,-0.767862
1640841547133159936,-1.122786,-0.927975,1.330212,0.640297,-0.006457,-0.020428,-0.767829
1640841547138039808,-1.119422,-0.926839,1.326320,0.640897,-0.006928,-0.020020,-0.767335
1640841547138899968,-1.118829,-0.926638,1.325634,0.641005,-0.007007,-0.019952,-0.767245
1640841547143209984,-1.115860,-0.925624,1.322206,0.641561,-0.007393,-0.019630,-0.766785
1640841547143689984,-1.115529,-0.925511,1.321825,0.641624,-0.007437,-0.019595,-0.766733
1640841547148009984,-1.112553,-0.924485,1.318397,0.642188,-0.007857,-0.019269,-0.766264
1640841547148659968,-1.112105,-0.924330,1.317882,0.642272,-0.007926,-0.019217,-0.766194
1640841547152900096,-1.109185,-0.923313,1.314526,0.642812,-0.008425,-0.018858,-0.765745
1640841547153400064,-1.108841,-0.923193,1.314131,0.642875,-0.008486,-0.018815,-0.765693
1640841547158299904,-1.105466,-0.922007,1.310262,0.643479,-0.009054,-0.018413,-0.765188
1640841547159639808,-1.104544,-0.921681,1.309206,0.643642,-0.009186,-0.018317,-0.765052
1640841547163019776,-1.102216,-0.920854,1.306544,0.644051,-0.009474,-0.018101,-0.764710
1640841547165370112,-1.100597,-0.920276,1.304696,0.644335,-0.009651,-0.017961,-0.764471
1640841547167859968,-1.098881,-0.919661,1.302741,0.644638,-0.009835,-0.017809,-0.764217
1640841547168289792,-1.098585,-0.919555,1.302403,0.644690,-0.009868,-0.017782,-0.764173
1640841547173100032,-1.095271,-0.918358,1.298633,0.645287,-0.010286,-0.017422,-0.763672
1640841547174019840,-1.094637,-0.918128,1.297913,0.645404,-0.010383,-0.017339,-0.763574
1640841547179259904,-1.091024,-0.916810,1.293816,0.646087,-0.011080,-0.016737,-0.763000
1640841547181039872,-1.089796,-0.916359,1.292427,0.646320,-0.011342,-0.016505,-0.762803
1640841547183529728,-1.088078,-0.915727,1.290485,0.646636,-0.011667,-0.016201,-0.762537
1640841547183970048,-1.087774,-0.915615,1.290142,0.646691,-0.011720,-0.016150,-0.762491
1640841547187919872,-1.085048,-0.914605,1.287067,0.647168,-0.012134,-0.015722,-0.762088
1640841547188489984,-1.084654,-0.914459,1.286624,0.647236,-0.012188,-0.015664,-0.762031
1640841547192999936,-1.081538,-0.913296,1.283121,0.647762,-0.012579,-0.015224,-0.761586
1640841547194039808,-1.080820,-0.913027,1.282314,0.647883,-0.012666,-0.015126,-0.761484
1640841547198009856,-1.078074,-0.911994,1.279237,0.648348,-0.013013,-0.014749,-0.761090
1640841547198599936,-1.077666,-0.911840,1.278780,0.648418,-0.013068,-0.014692,-0.761030
1640841547202919936,-1.074676,-0.910707,1.275439,0.648943,-0.013524,-0.014259,-0.760583
1640841547203310080,-1.074406,-0.910604,1.275138,0.648991,-0.013567,-0.014221,-0.760542
1640841547207980032,-1.071170,-0.909370,1.271533,0.649544,-0.013969,-0.013869,-0.760069
1640841547208779776,-1.070615,-0.909158,1.270917,0.649636,-0.014031,-0.013811,-0.759990
1640841547212899840,-1.067756,-0.908059,1.267744,0.650111,-0.014391,-0.013450,-0.759584
1640841547213349888,-1.067444,-0.907939,1.267397,0.650163,-0.014433,-0.013405,-0.759540
1640841547217929728,-1.064262,-0.906708,1.263877,0.650692,-0.014890,-0.012912,-0.759086
1640841547219059968,-1.063476,-0.906403,1.263010,0.650823,-0.015006,-0.012784,-0.758974
1640841547222820096,-1.060860,-0.905385,1.260126,0.651261,-0.015390,-0.012361,-0.758597
1640841547223269888,-1.060547,-0.905263,1.259782,0.651314,-0.015435,-0.012312,-0.758551
1640841547228029952,-1.057230,-0.903963,1.256138,0.651875,-0.015902,-0.011806,-0.758067
1640841547228590080,-1.056839,-0.903810,1.255710,0.651942,-0.015958,-0.011746,-0.758010
1640841547233559808,-1.053371,-0.902442,1.251915,0.652527,-0.016490,-0.011175,-0.757504
1640841547235040000,-1.052336,-0.902033,1.250786,0.652701,-0.016656,-0.010992,-0.757353
1640841547237859840,-1.050364,-0.901251,1.248638,0.653031,-0.016969,-0.010639,-0.757066
1640841547238469888,-1.049938,-0.901081,1.248173,0.653102,-0.017034,-0.010562,-0.757004
1640841547243039744,-1.046737,-0.899805,1.244697,0.653636,-0.017489,-0.010004,-0.756541
1640841547243739904,-1.046246,-0.899609,1.244165,0.653717,-0.017553,-0.009921,-0.756471
1640841547248559872,-1.042864,-0.898253,1.240507,0.654265,-0.017958,-0.009379,-0.755994
1640841547249709824,-1.042056,-0.897928,1.239636,0.654392,-0.018044,-0.009259,-0.755883
1640841547253059840,-1.039700,-0.896978,1.237099,0.654757,-0.018280,-0.008924,-0.755566
1640841547253559808,-1.039348,-0.896836,1.236721,0.654811,-0.018314,-0.008875,-0.755519
1640841547257900032,-1.036291,-0.895598,1.233440,0.655281,-0.018611,-0.008440,-0.755109
1640841547258540032,-1.035840,-0.895415,1.232957,0.655351,-0.018657,-0.008373,-0.755048
1640841547262909952,-1.032755,-0.894159,1.229660,0.655845,-0.019005,-0.007864,-0.754615
1640841547263939840,-1.032027,-0.893863,1.228884,0.655966,-0.019098,-0.007730,-0.754509
1640841547268019968,-1.029140,-0.892682,1.225813,0.656441,-0.019476,-0.007189,-0.754092
1640841547268719872,-1.028645,-0.892479,1.225287,0.656518,-0.019537,-0.007103,-0.754024
1640841547272869888,-1.025702,-0.891270,1.222170,0.656948,-0.019867,-0.006652,-0.753645
1640841547273799936,-1.025042,-0.890999,1.221472,0.657040,-0.019937,-0.006559,-0.753564
1640841547278339840,-1.021815,-0.889667,1.218069,0.657493,-0.020283,-0.006095,-0.753163
1640841547279079936,-1.021289,-0.889449,1.217515,0.657569,-0.020343,-0.006014,-0.753095
1640841547282979840,-1.018510,-0.888298,1.214598,0.657986,-0.020685,-0.005554,-0.752725
1640841547283459840,-1.018168,-0.888156,1.214239,0.658039,-0.020730,-0.005495,-0.752679
1640841547287879936,-1.015012,-0.886844,1.210939,0.658518,-0.021162,-0.004939,-0.752251
1640841547288539904,-1.014540,-0.886647,1.210447,0.658589,-0.021229,-0.004856,-0.752188
1640841547293149952,-1.011240,-0.885269,1.207013,0.659069,-0.021709,-0.004276,-0.751757
1640841547294080000,-1.010574,-0.884990,1.206321,0.659164,-0.021807,-0.004157,-0.751671
1640841547298099968,-1.007688,-0.883781,1.203333,0.659571,-0.022218,-0.003617,-0.751305
1640841547299069952,-1.006991,-0.883488,1.202613,0.659669,-0.022314,-0.003479,-0.751217
1640841547302850048,-1.004271,-0.882344,1.199810,0.660050,-0.022670,-0.002915,-0.750874
1640841547304809728,-1.002859,-0.881749,1.198358,0.660247,-0.022849,-0.002614,-0.750696
1640841547308419840,-1.000253,-0.880648,1.195687,0.660608,-0.023177,-0.002068,-0.750371
1640841547309239808,-0.999661,-0.880398,1.195081,0.660689,-0.023253,-0.001948,-0.750297
1640841547312880128,-0.997027,-0.879283,1.192392,0.661048,-0.023596,-0.001439,-0.749971
1640841547313269760,-0.996745,-0.879163,1.192105,0.661087,-0.023634,-0.001386,-0.749936
1640841547317989888,-0.993321,-0.877709,1.188626,0.661550,-0.024092,-0.000770,-0.749513
1640841547318589952,-0.992885,-0.877524,1.188184,0.661609,-0.024151,-0.000693,-0.749459
1640841547323330048,-0.989437,-0.876054,1.184698,0.662075,-0.024611,-0.000096,-0.749034
1640841547323979776,-0.988963,-0.875852,1.184221,0.662138,-0.024672,-0.000014,-0.748975
1640841547327940096,-0.986074,-0.874618,1.181315,0.662524,-0.025024,0.000492,-0.748623
1640841547328389888,-0.985745,-0.874477,1.180985,0.662567,-0.025061,0.000551,-0.748583
1640841547332890112,-0.982453,-0.873067,1.177690,0.662999,-0.025413,0.001142,-0.748188
1640841547334409984,-0.981339,-0.872589,1.176578,0.663145,-0.025532,0.001339,-0.748054
1640841547338199808,-0.978557,-0.871394,1.173810,0.663515,-0.025852,0.001815,-0.747714
1640841547340819712,-0.976630,-0.870565,1.171899,0.663777,-0.026105,0.002124,-0.747472
1640841547342979840,-0.975039,-0.869879,1.170325,0.663995,-0.026325,0.002374,-0.747270
1640841547343919872,-0.974346,-0.869581,1.169640,0.664090,-0.026422,0.002482,-0.747181
1640841547347869952,-0.971429,-0.868322,1.166767,0.664491,-0.026821,0.002955,-0.746809
1640841547348379904,-0.971052,-0.868159,1.166397,0.664542,-0.026870,0.003019,-0.746761
1640841547352989952,-0.967638,-0.866683,1.163050,0.665005,-0.027277,0.003636,-0.746332
1640841547354039808,-0.966859,-0.866345,1.162289,0.665110,-0.027364,0.003781,-0.746235
1640841547358000128,-0.963916,-0.865070,1.159422,0.665507,-0.027691,0.004317,-0.745865
1640841547358690048,-0.963402,-0.864847,1.158922,0.665577,-0.027749,0.004406,-0.745800
1640841547362860032,-0.960294,-0.863497,1.155909,0.666001,-0.028114,0.004915,-0.745405
1640841547363239936,-0.960010,-0.863374,1.155635,0.666039,-0.028147,0.004959,-0.745369
1640841547367990016,-0.956458,-0.861828,1.152210,0.666520,-0.028557,0.005498,-0.744920
1640841547369050112,-0.955663,-0.861483,1.151447,0.666626,-0.028644,0.005617,-0.744821
1640841547375030016,-0.951172,-0.859524,1.147147,0.667216,-0.029091,0.006277,-0.744270
1640841547375650048,-0.950705,-0.859321,1.146702,0.667277,-0.029135,0.006344,-0.744213
1640841547378729728,-0.948384,-0.858307,1.144493,0.667580,-0.029342,0.006665,-0.743929
1640841547379369984,-0.947901,-0.858096,1.144034,0.667644,-0.029384,0.006730,-0.743870
1640841547383520000,-0.944763,-0.856724,1.141063,0.668059,-0.029647,0.007133,-0.743483
1640841547384259840,-0.944203,-0.856479,1.140534,0.668133,-0.029693,0.007202,-0.743415
1640841547388019968,-0.941351,-0.855231,1.137848,0.668503,-0.029928,0.007557,-0.743068
1640841547388839936,-0.940728,-0.854958,1.137263,0.668583,-0.029980,0.007635,-0.742994
1640841547392900096,-0.937638,-0.853603,1.134369,0.668972,-0.030244,0.008027,-0.742628
1640841547394099968,-0.936723,-0.853202,1.133515,0.669088,-0.030326,0.008144,-0.742520
1640841547398690048,-0.933215,-0.851663,1.130251,0.669541,-0.030666,0.008598,-0.742092
1640841547399159808,-0.932855,-0.851505,1.129917,0.669589,-0.030703,0.008645,-0.742046
1640841547402919936,-0.929972,-0.850238,1.127250,0.669981,-0.031020,0.009029,-0.741675
1640841547403460096,-0.929557,-0.850056,1.126867,0.670038,-0.031067,0.009086,-0.741620
1640841547407899904,-0.926141,-0.848554,1.123724,0.670509,-0.031462,0.009579,-0.741172
1640841547408589824,-0.925609,-0.848320,1.123236,0.670581,-0.031524,0.009661,-0.741103
1640841547412849920,-0.922319,-0.846871,1.120227,0.671025,-0.031899,0.010196,-0.740678
1640841547413299968,-0.921970,-0.846718,1.119910,0.671071,-0.031938,0.010254,-0.740634
1640841547418169856,-0.918194,-0.845055,1.116479,0.671574,-0.032344,0.010897,-0.740151
1640841547418909952,-0.917619,-0.844801,1.115958,0.671651,-0.032403,0.010994,-0.740077
1640841547422860032,-0.914544,-0.843446,1.113182,0.672064,-0.032709,0.011502,-0.739681
1640841547423450112,-0.914084,-0.843243,1.112768,0.672126,-0.032754,0.011576,-0.739622
1640841547428000000,-0.910529,-0.841674,1.109577,0.672607,-0.033098,0.012112,-0.739160
1640841547429479936,-0.909370,-0.841163,1.108541,0.672766,-0.033212,0.012273,-0.739008
1640841547433029888,-0.906584,-0.839932,1.106058,0.673146,-0.033480,0.012637,-0.738643
1640841547434579968,-0.905365,-0.839394,1.104976,0.673313,-0.033594,0.012790,-0.738483
1640841547437989888,-0.902677,-0.838207,1.102597,0.673679,-0.033825,0.013122,-0.738133
1640841547438679808,-0.902133,-0.837966,1.102116,0.673753,-0.033868,0.013190,-0.738062
1640841547443640064,-0.898209,-0.836232,1.098664,0.674280,-0.034147,0.013678,-0.737559
1640841547444339968,-0.897654,-0.835986,1.098178,0.674354,-0.034184,0.013746,-0.737488
1640841547447939840,-0.894795,-0.834722,1.095679,0.674730,-0.034373,0.014084,-0.737129
1640841547448389888,-0.894437,-0.834563,1.095367,0.674776,-0.034397,0.014125,-0.737085
1640841547452920064,-0.890825,-0.832965,1.092229,0.675241,-0.034654,0.014510,-0.736640
1640841547453349888,-0.890482,-0.832813,1.091932,0.675285,-0.034679,0.014545,-0.736598
1640841547457849856,-0.886880,-0.831218,1.088823,0.675757,-0.034947,0.014917,-0.736144
1640841547458319872,-0.886503,-0.831052,1.088499,0.675808,-0.034975,0.014958,-0.736095
1640841547462869760,-0.882846,-0.829432,1.085364,0.676320,-0.035241,0.015371,-0.735604
1640841547463889920,-0.882024,-0.829068,1.084662,0.676438,-0.035301,0.015467,-0.735490
1640841547468039936,-0.878673,-0.827583,1.081810,0.676924,-0.035557,0.015857,-0.735023
1640841547468889856,-0.877986,-0.827278,1.081227,0.677023,-0.035613,0.015935,-0.734927
1640841547472879872,-0.874751,-0.825844,1.078492,0.677486,-0.035890,0.016292,-0.734479
1640841547473479936,-0.874264,-0.825628,1.078082,0.677555,-0.035933,0.016345,-0.734412
1640841547478259968,-0.870373,-0.823902,1.074814,0.678105,-0.036271,0.016788,-0.733878
1640841547479030016,-0.869745,-0.823624,1.074289,0.678193,-0.036323,0.016864,-0.733792
1640841547483079936,-0.866433,-0.822154,1.071528,0.678659,-0.036580,0.017287,-0.733338
1640841547483719936,-0.865909,-0.821922,1.071093,0.678733,-0.036618,0.017355,-0.733266
1640841547488299776,-0.862149,-0.820252,1.067979,0.679269,-0.036886,0.017809,-0.732746
1640841547488940032,-0.861622,-0.820019,1.067545,0.679345,-0.036923,0.017865,-0.732672
1640841547493039872,-0.858242,-0.818517,1.064766,0.679837,-0.037152,0.018186,-0.732196
1640841547493909760,-0.857523,-0.818198,1.064177,0.679941,-0.037197,0.018247,-0.732095
1640841547498859776,-0.853424,-0.816377,1.060831,0.680534,-0.037419,0.018570,-0.731525
1640841547500880128,-0.851746,-0.815631,1.059469,0.680772,-0.037487,0.018698,-0.731296
1640841547502980096,-0.849998,-0.814854,1.058054,0.681018,-0.037547,0.018827,-0.731061
1640841547503670016,-0.849423,-0.814599,1.057589,0.681099,-0.037566,0.018869,-0.730984
1640841547507959808,-0.845842,-0.813006,1.054706,0.681603,-0.037679,0.019108,-0.730502
1640841547508549888,-0.845348,-0.812787,1.054310,0.681673,-0.037695,0.019138,-0.730435
1640841547513089792,-0.841542,-0.811094,1.051267,0.682218,-0.037835,0.019346,-0.729913
1640841547513870080,-0.840887,-0.810802,1.050745,0.682313,-0.037859,0.019379,-0.729822
1640841547517959936,-0.837443,-0.809270,1.048012,0.682814,-0.037984,0.019542,-0.729342
1640841547518849792,-0.836692,-0.808935,1.047418,0.682924,-0.038009,0.019577,-0.729237
1640841547523069952,-0.833124,-0.807346,1.044606,0.683450,-0.038123,0.019746,-0.728734
1640841547523660032,-0.832624,-0.807124,1.044214,0.683524,-0.038140,0.019770,-0.728663
1640841547527920128,-0.829007,-0.805513,1.041384,0.684063,-0.038270,0.019962,-0.728145
1640841547528489728,-0.828522,-0.805297,1.041006,0.684135,-0.038290,0.019990,-0.728075
1640841547532940032,-0.824728,-0.803606,1.038058,0.684709,-0.038474,0.020234,-0.727519
1640841547533509888,-0.824241,-0.803389,1.037681,0.684783,-0.038501,0.020268,-0.727447
1640841547541209856,-0.817639,-0.800445,1.032601,0.685797,-0.038899,0.020786,-0.726455
1640841547541859840,-0.817080,-0.800196,1.032174,0.685884,-0.038933,0.020832,-0.726370
1640841547542850048,-0.816228,-0.799815,1.031522,0.686016,-0.038983,0.020901,-0.726241
1640841547543279872,-0.815857,-0.799650,1.031240,0.686073,-0.039005,0.020931,-0.726185
1640841547547999744,-0.811783,-0.797832,1.028142,0.686706,-0.039216,0.021219,-0.725567
1640841547548519936,-0.811333,-0.797631,1.027801,0.686776,-0.039235,0.021245,-0.725499
1640841547553019904,-0.807431,-0.795889,1.024857,0.687382,-0.039358,0.021410,-0.724913
1640841547553499904,-0.807015,-0.795702,1.024543,0.687446,-0.039367,0.021423,-0.724851
1640841547557829888,-0.803246,-0.794019,1.021719,0.688020,-0.039418,0.021523,-0.724301
1640841547558359808,-0.802783,-0.793812,1.021374,0.688089,-0.039421,0.021535,-0.724234
1640841547563049984,-0.798684,-0.791979,1.018324,0.688691,-0.039426,0.021644,-0.723659
1640841547563680000,-0.798132,-0.791733,1.017915,0.688771,-0.039426,0.021658,-0.723582
1640841547567960064,-0.794375,-0.790052,1.015141,0.689324,-0.039431,0.021732,-0.723053
1640841547568699904,-0.793725,-0.789761,1.014663,0.689422,-0.039435,0.021740,-0.722959
1640841547572919808,-0.790006,-0.788097,1.011936,0.689990,-0.039474,0.021759,-0.722414
1640841547573619968,-0.789388,-0.787820,1.011485,0.690085,-0.039483,0.021759,-0.722323
1640841547578080000,-0.785441,-0.786052,1.008612,0.690695,-0.039543,0.021748,-0.721736
1640841547579180032,-0.784466,-0.785615,1.007905,0.690845,-0.039558,0.021745,-0.721592
1640841547582870016,-0.781187,-0.784146,1.005537,0.691346,-0.039604,0.021734,-0.721110
1640841547583269888,-0.780831,-0.783987,1.005280,0.691400,-0.039609,0.021732,-0.721058
1640841547587859968,-0.776738,-0.782151,1.002342,0.692024,-0.039667,0.021710,-0.720457
1640841547588709888,-0.775979,-0.781810,1.001799,0.692140,-0.039678,0.021703,-0.720345
1640841547592900096,-0.772227,-0.780127,0.999126,0.692718,-0.039734,0.021659,-0.719787
1640841547593400064,-0.771778,-0.779926,0.998808,0.692788,-0.039741,0.021652,-0.719720
1640841547598189824,-0.767473,-0.777992,0.995762,0.693459,-0.039803,0.021568,-0.719073
1640841547599379968,-0.766401,-0.777510,0.995007,0.693627,-0.039817,0.021541,-0.718911
1640841547602850048,-0.763269,-0.776103,0.992808,0.694118,-0.039851,0.021454,-0.718437
1640841547603260160,-0.762898,-0.775936,0.992549,0.694176,-0.039854,0.021443,-0.718381
1640841547607899904,-0.758696,-0.774047,0.989617,0.694832,-0.039870,0.021331,-0.717749
1640841547608559872,-0.758097,-0.773777,0.989201,0.694924,-0.039869,0.021318,-0.717660
1640841547613070080,-0.753996,-0.771932,0.986360,0.695552,-0.039833,0.021254,-0.717056
1640841547614219776,-0.752948,-0.771460,0.985637,0.695711,-0.039819,0.021239,-0.716903
1640841547617969920,-0.749524,-0.769918,0.983284,0.696230,-0.039769,0.021168,-0.716404
1640841547618779904,-0.748784,-0.769585,0.982776,0.696342,-0.039759,0.021146,-0.716296
1640841547622949888,-0.744963,-0.767863,0.980167,0.696923,-0.039708,0.020991,-0.715739
1640841547623559936,-0.744403,-0.767610,0.979786,0.697008,-0.039700,0.020963,-0.715657
1640841547628179968,-0.740155,-0.765694,0.976905,0.697654,-0.039627,0.020723,-0.715038
1640841547629249792,-0.739169,-0.765249,0.976239,0.697804,-0.039605,0.020662,-0.714894
1640841547633209856,-0.735513,-0.763599,0.973778,0.698359,-0.039510,0.020426,-0.714364
1640841547633829888,-0.734940,-0.763340,0.973393,0.698446,-0.039493,0.020388,-0.714281
1640841547637869824,-0.731198,-0.761649,0.970890,0.699014,-0.039383,0.020130,-0.713739
1640841547638540032,-0.730576,-0.761368,0.970475,0.699108,-0.039365,0.020087,-0.713649
1640841547643149824,-0.726290,-0.759431,0.967628,0.699758,-0.039247,0.019782,-0.713027
1640841547643970048,-0.725526,-0.759085,0.967122,0.699874,-0.039227,0.019726,-0.712916
1640841547648219904,-0.721561,-0.757290,0.964506,0.700472,-0.039116,0.019436,-0.712342
1640841547649070080,-0.720766,-0.756931,0.963984,0.700592,-0.039092,0.019378,-0.712227
1640841547652799744,-0.717273,-0.755349,0.961695,0.701114,-0.038974,0.019116,-0.711726
1640841547653169920,-0.716927,-0.755192,0.961468,0.701166,-0.038961,0.019090,-0.711677
1640841547657920000,-0.712465,-0.753169,0.958562,0.701830,-0.038789,0.018735,-0.711041
1640841547658700032,-0.711730,-0.752836,0.958086,0.701939,-0.038760,0.018673,-0.710936
1640841547662919936,-0.707752,-0.751031,0.955513,0.702532,-0.038605,0.018314,-0.710369
1640841547663589888,-0.707119,-0.750744,0.955105,0.702626,-0.038579,0.018256,-0.710278
1640841547668009984,-0.702938,-0.748845,0.952419,0.703240,-0.038405,0.017891,-0.709689
1640841547668659968,-0.702322,-0.748565,0.952024,0.703329,-0.038377,0.017843,-0.709603
1640841547672849920,-0.698345,-0.746757,0.949486,0.703897,-0.038190,0.017550,-0.709058
1640841547673280000,-0.697936,-0.746571,0.949226,0.703955,-0.038170,0.017520,-0.709002
1640841547678139904,-0.693307,-0.744465,0.946291,0.704605,-0.037954,0.017154,-0.708376
1640841547679209984,-0.692286,-0.744000,0.945646,0.704749,-0.037910,0.017059,-0.708238
1640841547683159808,-0.688511,-0.742280,0.943269,0.705278,-0.037756,0.016679,-0.707728
1640841547683589888,-0.688100,-0.742093,0.943010,0.705336,-0.037740,0.016637,-0.707673
1640841547687869952,-0.683997,-0.740222,0.940442,0.705909,-0.037586,0.016242,-0.707118
1640841547688400128,-0.683488,-0.739990,0.940124,0.705980,-0.037567,0.016199,-0.707050
1640841547692930048,-0.679131,-0.738001,0.937414,0.706583,-0.037401,0.015876,-0.706463
1640841547693509888,-0.678573,-0.737746,0.937068,0.706660,-0.037378,0.015836,-0.706388
1640841547698030080,-0.674212,-0.735753,0.934373,0.707260,-0.037181,0.015477,-0.705806
1640841547699689984,-0.672607,-0.735019,0.933385,0.707479,-0.037097,0.015306,-0.705594
1640841547706820096,-0.665696,-0.731855,0.929153,0.708423,-0.036716,0.014441,-0.704685
1640841547708019968,-0.664530,-0.731321,0.928443,0.708581,-0.036660,0.014300,-0.704531
1640841547708439808,-0.664122,-0.731134,0.928194,0.708637,-0.036641,0.014253,-0.704477
1640841547708889856,-0.663684,-0.730933,0.927928,0.708696,-0.036622,0.014204,-0.704420
1640841547713139968,-0.659545,-0.729035,0.925418,0.709256,-0.036468,0.013791,-0.703872
1640841547714249728,-0.658463,-0.728538,0.924764,0.709401,-0.036432,0.013695,-0.703730
1640841547717989888,-0.654809,-0.726860,0.922562,0.709887,-0.036311,0.013383,-0.703252
1640841547718560000,-0.654252,-0.726604,0.922227,0.709960,-0.036291,0.013335,-0.703180
1640841547723549952,-0.649364,-0.724356,0.919298,0.710596,-0.036095,0.012914,-0.702555
1640841547724649984,-0.648284,-0.723859,0.918653,0.710735,-0.036048,0.012821,-0.702419
1640841547727899904,-0.645091,-0.722389,0.916752,0.711143,-0.035905,0.012550,-0.702018
1640841547728509952,-0.644491,-0.722112,0.916396,0.711220,-0.035878,0.012500,-0.701943
1640841547733199872,-0.639871,-0.719982,0.913660,0.711806,-0.035669,0.012131,-0.701365
1640841547734560000,-0.638529,-0.719362,0.912868,0.711976,-0.035610,0.012031,-0.701197
1640841547738859776,-0.634280,-0.717400,0.910368,0.712515,-0.035433,0.011737,-0.700663
1640841547740009984,-0.633141,-0.716873,0.909701,0.712659,-0.035386,0.011653,-0.700521
1640841547743049984,-0.630129,-0.715480,0.907939,0.713030,-0.035249,0.011366,-0.700155
1640841547743719936,-0.629465,-0.715173,0.907551,0.713110,-0.035217,0.011293,-0.700076
1640841547748090112,-0.625125,-0.713163,0.905025,0.713632,-0.035007,0.010788,-0.699562
1640841547749029888,-0.624190,-0.712729,0.904483,0.713744,-0.034965,0.010685,-0.699451
1640841547753009920,-0.620227,-0.710891,0.902190,0.714225,-0.034805,0.010296,-0.698974
1640841547754860032,-0.618382,-0.710034,0.901126,0.714450,-0.034737,0.010131,-0.698750
1640841547757920000,-0.615327,-0.708614,0.899368,0.714822,-0.034629,0.009868,-0.698379
1640841547759320064,-0.613928,-0.707964,0.898565,0.714991,-0.034579,0.009747,-0.698210
1640841547762859776,-0.610385,-0.706315,0.896538,0.715417,-0.034454,0.009433,-0.697784
1640841547763670016,-0.609574,-0.705937,0.896075,0.715514,-0.034425,0.009361,-0.697687
1640841547768339968,-0.604889,-0.703753,0.893409,0.716065,-0.034261,0.008942,-0.697135
1640841547769169920,-0.604055,-0.703364,0.892936,0.716162,-0.034233,0.008869,-0.697038
1640841547773229824,-0.599972,-0.701457,0.890626,0.716631,-0.034099,0.008511,-0.696566
1640841547774449920,-0.598744,-0.700883,0.889933,0.716772,-0.034060,0.008404,-0.696424
1640841547778309888,-0.594853,-0.699063,0.887743,0.717222,-0.033943,0.008070,-0.695971
1640841547778899968,-0.594257,-0.698784,0.887409,0.717291,-0.033926,0.008019,-0.695901
1640841547782869760,-0.590247,-0.696905,0.885163,0.717762,-0.033810,0.007685,-0.695425
1640841547783419904,-0.589691,-0.696644,0.884853,0.717827,-0.033793,0.007641,-0.695359
1640841547788229888,-0.584822,-0.694358,0.882140,0.718398,-0.033627,0.007278,-0.694781
1640841547789719808,-0.583311,-0.693649,0.881302,0.718574,-0.033567,0.007179,-0.694603
1640841547793259776,-0.579719,-0.691959,0.879313,0.718987,-0.033406,0.006946,-0.694186
1640841547793730048,-0.579241,-0.691734,0.879049,0.719041,-0.033384,0.006913,-0.694131
1640841547798220032,-0.574676,-0.689584,0.876533,0.719559,-0.033167,0.006535,-0.693608
1640841547799229952,-0.573648,-0.689099,0.875968,0.719675,-0.033119,0.006429,-0.693491
1640841547805789952,-0.566960,-0.685940,0.872308,0.720425,-0.032790,0.005661,-0.692734
1640841547806899968,-0.565826,-0.685404,0.871690,0.720551,-0.032727,0.005536,-0.692607
1640841547807839744,-0.564866,-0.684950,0.871167,0.720659,-0.032672,0.005435,-0.692498
1640841547809129984,-0.563548,-0.684326,0.870450,0.720806,-0.032592,0.005306,-0.692350
1640841547812960000,-0.559630,-0.682470,0.868325,0.721241,-0.032334,0.004978,-0.691911
1640841547813609728,-0.558964,-0.682154,0.867965,0.721314,-0.032288,0.004927,-0.691837
1640841547817979904,-0.554485,-0.680028,0.865547,0.721800,-0.031974,0.004590,-0.691348
1640841547820009984,-0.552402,-0.679039,0.864426,0.722019,-0.031830,0.004421,-0.691126
1640841547822979840,-0.549351,-0.677588,0.862789,0.722333,-0.031627,0.004149,-0.690809
1640841547823750144,-0.548560,-0.677211,0.862366,0.722413,-0.031574,0.004075,-0.690728
1640841547828099840,-0.544084,-0.675078,0.859975,0.722865,-0.031275,0.003653,-0.690272
1640841547828860160,-0.543302,-0.674705,0.859558,0.722944,-0.031221,0.003581,-0.690192
1640841547832859904,-0.539179,-0.672737,0.857367,0.723362,-0.030932,0.003220,-0.689769
1640841547833359872,-0.538663,-0.672490,0.857094,0.723414,-0.030896,0.003177,-0.689715
1640841547838019840,-0.533852,-0.670189,0.854549,0.723903,-0.030583,0.002806,-0.689217
1640841547839500032,-0.532322,-0.669457,0.853743,0.724058,-0.030497,0.002699,-0.689059
1640841547842880000,-0.528825,-0.667781,0.851904,0.724411,-0.030325,0.002478,-0.688697
1640841547843360000,-0.528328,-0.667542,0.851644,0.724461,-0.030302,0.002450,-0.688646
1640841547847889920,-0.523635,-0.665289,0.849187,0.724928,-0.030078,0.002224,-0.688164
1640841547848689920,-0.522805,-0.664890,0.848754,0.725010,-0.030034,0.002193,-0.688079
1640841547852919808,-0.518415,-0.662778,0.846469,0.725442,-0.029780,0.002060,-0.687635
1640841547853369856,-0.517948,-0.662553,0.846226,0.725488,-0.029752,0.002048,-0.687588
1640841547858219776,-0.512906,-0.660122,0.843615,0.725979,-0.029452,0.001903,-0.687083
1640841547858979840,-0.512115,-0.659740,0.843206,0.726056,-0.029407,0.001876,-0.687004
1640841547863030016,-0.507897,-0.657702,0.841034,0.726465,-0.029185,0.001700,-0.686581
1640841547863579904,-0.507324,-0.657425,0.840739,0.726520,-0.029155,0.001674,-0.686524
1640841547867980032,-0.502735,-0.655204,0.838387,0.726961,-0.028900,0.001462,-0.686068
1640841547868599808,-0.502088,-0.654891,0.838057,0.727023,-0.028860,0.001434,-0.686004
1640841547872869888,-0.497628,-0.652727,0.835783,0.727447,-0.028547,0.001255,-0.685569
1640841547873329920,-0.497147,-0.652494,0.835538,0.727492,-0.028509,0.001235,-0.685522
1640841547877969920,-0.492293,-0.650135,0.833076,0.727946,-0.028103,0.001008,-0.685057
1640841547878409984,-0.491832,-0.649911,0.832844,0.727989,-0.028062,0.000981,-0.685014
1640841547883479808,-0.486520,-0.647324,0.830165,0.728478,-0.027577,0.000628,-0.684514
1640841547885380096,-0.484527,-0.646352,0.829163,0.728659,-0.027392,0.000488,-0.684329
1640841547887869952,-0.481914,-0.645076,0.827854,0.728895,-0.027153,0.000312,-0.684087
1640841547888470016,-0.481283,-0.644769,0.827538,0.728952,-0.027096,0.000272,-0.684029
1640841547893029888,-0.476492,-0.642426,0.825148,0.729380,-0.026681,0.000010,-0.683588
1640841547893809920,-0.475671,-0.642024,0.824740,0.729454,-0.026614,-0.000029,-0.683512
1640841547898059776,-0.471199,-0.639833,0.822521,0.729854,-0.026272,-0.000226,-0.683098
1640841547901110016,-0.467986,-0.638257,0.820934,0.730145,-0.026056,-0.000357,-0.682795
1640841547902969856,-0.466026,-0.637294,0.819968,0.730323,-0.025934,-0.000432,-0.682609
1640841547903820032,-0.465129,-0.636854,0.819526,0.730405,-0.025880,-0.000463,-0.682524
1640841547907800064,-0.460929,-0.634788,0.817466,0.730786,-0.025630,-0.000587,-0.682125
1640841547908329984,-0.460370,-0.634513,0.817192,0.730837,-0.025597,-0.000599,-0.682071
1640841547912819968,-0.455626,-0.632175,0.814877,0.731266,-0.025310,-0.000674,-0.681623
1640841547913349888,-0.455065,-0.631899,0.814605,0.731316,-0.025276,-0.000681,-0.681570
1640841547919479808,-0.448578,-0.628695,0.811461,0.731906,-0.024886,-0.000746,-0.680950
1640841547920270080,-0.447741,-0.628282,0.811057,0.731983,-0.024837,-0.000755,-0.680870
1640841547922839808,-0.445018,-0.626934,0.809745,0.732234,-0.024678,-0.000785,-0.680605
1640841547923379968,-0.444446,-0.626651,0.809470,0.732287,-0.024644,-0.000791,-0.680549
1640841547927929856,-0.439619,-0.624259,0.807156,0.732736,-0.024343,-0.000815,-0.680077
1640841547928570112,-0.438940,-0.623922,0.806831,0.732799,-0.024298,-0.000813,-0.680011
1640841547932910080,-0.434330,-0.621633,0.804634,0.733226,-0.023966,-0.000769,-0.679562
1640841547935059968,-0.432045,-0.620497,0.803549,0.733434,-0.023788,-0.000739,-0.679344
1640841547938860032,-0.428003,-0.618486,0.801638,0.733788,-0.023456,-0.000711,-0.678973
1640841547939659776,-0.427151,-0.618062,0.801236,0.733860,-0.023384,-0.000711,-0.678898
1640841547942790144,-0.423818,-0.616400,0.799668,0.734136,-0.023096,-0.000728,-0.678610
1640841547943089920,-0.423499,-0.616241,0.799518,0.734162,-0.023068,-0.000730,-0.678582
1640841547948000000,-0.418265,-0.613628,0.797069,0.734593,-0.022602,-0.000746,-0.678131
1640841547949039872,-0.417156,-0.613074,0.796551,0.734686,-0.022501,-0.000739,-0.678033
1640841547952819712,-0.413122,-0.611056,0.794676,0.735038,-0.022136,-0.000672,-0.677664
1640841547953250048,-0.412663,-0.610826,0.794463,0.735078,-0.022095,-0.000661,-0.677622
1640841547958589952,-0.406957,-0.607967,0.791828,0.735584,-0.021614,-0.000531,-0.677088
1640841547959120128,-0.406391,-0.607683,0.791567,0.735633,-0.021571,-0.000521,-0.677036
1640841547962999808,-0.402241,-0.605600,0.789663,0.735986,-0.021275,-0.000474,-0.676662
1640841547963729920,-0.401459,-0.605207,0.789305,0.736052,-0.021223,-0.000468,-0.676592
1640841547968240128,-0.396630,-0.602779,0.787103,0.736450,-0.020918,-0.000413,-0.676169
1640841547969629952,-0.395140,-0.602029,0.786427,0.736572,-0.020827,-0.000384,-0.676039
1640841547973069824,-0.391453,-0.600171,0.784757,0.736875,-0.020605,-0.000293,-0.675715
1640841547973860096,-0.390605,-0.599744,0.784375,0.736946,-0.020555,-0.000268,-0.675639
1640841547978019840,-0.386142,-0.597492,0.782366,0.737323,-0.020299,-0.000134,-0.675235
1640841547979820032,-0.384209,-0.596515,0.781500,0.737491,-0.020192,-0.000075,-0.675055
1640841547983000064,-0.380793,-0.594789,0.779974,0.737796,-0.020012,0.000022,-0.674727
1640841547983769856,-0.379965,-0.594370,0.779606,0.737871,-0.019969,0.000045,-0.674646
1640841547987910144,-0.375514,-0.592117,0.777629,0.738272,-0.019749,0.000168,-0.674214
1640841547988659968,-0.374708,-0.591708,0.777273,0.738344,-0.019710,0.000191,-0.674136
1640841547992969984,-0.370069,-0.589356,0.775227,0.738749,-0.019492,0.000333,-0.673698
1640841547993639936,-0.369348,-0.588990,0.774910,0.738811,-0.019459,0.000358,-0.673631
1640841547998279936,-0.364350,-0.586452,0.772722,0.739242,-0.019222,0.000551,-0.673165
1640841547999389952,-0.363153,-0.585844,0.772201,0.739346,-0.019164,0.000606,-0.673052
1640841548002949888,-0.359315,-0.583891,0.770533,0.739684,-0.018970,0.000797,-0.672687
1640841548003609856,-0.358603,-0.583529,0.770225,0.739747,-0.018933,0.000835,-0.672618
1640841548007939840,-0.353931,-0.581148,0.768208,0.740169,-0.018684,0.001083,-0.672160
1640841548008539904,-0.353283,-0.580818,0.767929,0.740229,-0.018649,0.001117,-0.672096
1640841548012989952,-0.348477,-0.578366,0.765870,0.740676,-0.018381,0.001350,-0.671610
1640841548013629952,-0.347785,-0.578013,0.765574,0.740740,-0.018341,0.001380,-0.671540
1640841548017969920,-0.343094,-0.575616,0.763579,0.741167,-0.018047,0.001569,-0.671077
1640841548018720000,-0.342283,-0.575202,0.763235,0.741238,-0.017991,0.001598,-0.670999
1640841548022850048,-0.337816,-0.572915,0.761349,0.741617,-0.017662,0.001742,-0.670589
1640841548023579904,-0.337026,-0.572511,0.761017,0.741682,-0.017600,0.001766,-0.670518
1640841548028000000,-0.332241,-0.570059,0.759012,0.742077,-0.017208,0.001909,-0.670091
1640841548028649728,-0.331537,-0.569698,0.758718,0.742136,-0.017148,0.001931,-0.670027
1640841548033169920,-0.326640,-0.567185,0.756682,0.742547,-0.016727,0.002084,-0.669582
1640841548034050048,-0.325686,-0.566696,0.756287,0.742628,-0.016645,0.002113,-0.669494
1640841548037999872,-0.321404,-0.564495,0.754521,0.742992,-0.016288,0.002232,-0.669098
1640841548038769920,-0.320568,-0.564066,0.754178,0.743064,-0.016221,0.002253,-0.669020
1640841548043459840,-0.315480,-0.561448,0.752096,0.743499,-0.015832,0.002368,-0.668545
1640841548043959808,-0.314937,-0.561168,0.751875,0.743546,-0.015792,0.002380,-0.668494
1640841548047899904,-0.310659,-0.558965,0.750138,0.743912,-0.015484,0.002487,-0.668093
1640841548048630016,-0.309867,-0.558556,0.749817,0.743980,-0.015428,0.002510,-0.668019
1640841548052960000,-0.305162,-0.556130,0.747922,0.744383,-0.015103,0.002672,-0.667576
1640841548053489920,-0.304586,-0.555832,0.747691,0.744433,-0.015064,0.002694,-0.667522
1640841548057900032,-0.299792,-0.553357,0.745776,0.744845,-0.014758,0.002892,-0.667068
1640841548059279872,-0.298291,-0.552581,0.745179,0.744975,-0.014669,0.002958,-0.666924
1640841548063099904,-0.294136,-0.550433,0.743533,0.745337,-0.014439,0.003141,-0.666524
1640841548063619840,-0.293570,-0.550140,0.743310,0.745386,-0.014410,0.003166,-0.666469
1640841548067879936,-0.288933,-0.547740,0.741488,0.745793,-0.014173,0.003372,-0.666018
1640841548068379904,-0.288389,-0.547458,0.741275,0.745841,-0.014145,0.003396,-0.665965
1640841548072979968,-0.283378,-0.544862,0.739323,0.746283,-0.013891,0.003612,-0.665474
1640841548073979904,-0.282289,-0.544297,0.738901,0.746379,-0.013833,0.003658,-0.665367
1640841548078019840,-0.277886,-0.542013,0.737201,0.746764,-0.013582,0.003840,-0.664940
1640841548078909952,-0.276916,-0.541509,0.736828,0.746848,-0.013522,0.003879,-0.664846
1640841548083529984,-0.271878,-0.538893,0.734901,0.747278,-0.013172,0.004081,-0.664369
1640841548085260032,-0.269991,-0.537912,0.734183,0.747437,-0.013025,0.004156,-0.664192
1640841548087859968,-0.267154,-0.536437,0.733108,0.747675,-0.012786,0.004272,-0.663928
1640841548088489984,-0.266466,-0.536080,0.732848,0.747733,-0.012724,0.004300,-0.663864
1640841548092869888,-0.261685,-0.533592,0.731049,0.748131,-0.012262,0.004505,-0.663422
1640841548093659904,-0.260822,-0.533143,0.730726,0.748203,-0.012174,0.004543,-0.663342
1640841548097900032,-0.256191,-0.530731,0.729000,0.748590,-0.011692,0.004741,-0.662914
1640841548101139968,-0.252651,-0.528885,0.727690,0.748886,-0.011336,0.004879,-0.662583
1640841548102829824,-0.250804,-0.527922,0.727009,0.749041,-0.011158,0.004944,-0.662411
1640841548103289856,-0.250301,-0.527660,0.726824,0.749084,-0.011111,0.004962,-0.662364
1640841548108160000,-0.244976,-0.524881,0.724876,0.749528,-0.010634,0.005123,-0.661868
1640841548109169920,-0.243872,-0.524304,0.724474,0.749619,-0.010541,0.005152,-0.661765
1640841548112910080,-0.239780,-0.522167,0.722992,0.749953,-0.010217,0.005244,-0.661391
1640841548113400064,-0.239244,-0.521887,0.722799,0.749997,-0.010176,0.005254,-0.661343
1640841548117799936,-0.234429,-0.519369,0.721069,0.750380,-0.009826,0.005332,-0.660912
1640841548118360064,-0.233816,-0.519048,0.720850,0.750428,-0.009782,0.005340,-0.660858
1640841548122880000,-0.228866,-0.516458,0.719090,0.750815,-0.009432,0.005395,-0.660424
1640841548123369984,-0.228330,-0.516177,0.718900,0.750856,-0.009395,0.005401,-0.660377
1640841548127970048,-0.223290,-0.513537,0.717126,0.751254,-0.009080,0.005460,-0.659928
1640841548128739840,-0.222446,-0.513095,0.716830,0.751322,-0.009034,0.005473,-0.659852
1640841548133509888,-0.217218,-0.510353,0.715009,0.751748,-0.008796,0.005566,-0.659368
1640841548135059712,-0.215518,-0.509462,0.714421,0.751887,-0.008732,0.005601,-0.659210
1640841548137939968,-0.212360,-0.507804,0.713332,0.752143,-0.008621,0.005670,-0.658920
1640841548138829824,-0.211384,-0.507292,0.712997,0.752220,-0.008589,0.005692,-0.658831
1640841548142889984,-0.206929,-0.504952,0.711476,0.752564,-0.008444,0.005796,-0.658439
1640841548143559936,-0.206194,-0.504565,0.711226,0.752620,-0.008421,0.005813,-0.658375
1640841548148019968,-0.201299,-0.501992,0.709571,0.752998,-0.008284,0.005942,-0.657944
1640841548148819968,-0.200420,-0.501530,0.709276,0.753068,-0.008263,0.005968,-0.657863
1640841548153059840,-0.195764,-0.499080,0.707719,0.753452,-0.008173,0.006117,-0.657423
1640841548153900032,-0.194842,-0.498594,0.707412,0.753530,-0.008159,0.006148,-0.657334
1640841548157840128,-0.190513,-0.496314,0.705979,0.753894,-0.008105,0.006298,-0.656916
1640841548158389760,-0.189909,-0.495996,0.705780,0.753944,-0.008099,0.006319,-0.656858
1640841548162919936,-0.184930,-0.493371,0.704149,0.754350,-0.008055,0.006486,-0.656391
1640841548163539968,-0.184249,-0.493012,0.703927,0.754404,-0.008050,0.006507,-0.656328
1640841548167959808,-0.179389,-0.490448,0.702353,0.754790,-0.007998,0.006630,-0.655885
1640841548170990080,-0.176056,-0.488688,0.701282,0.755054,-0.007945,0.006677,-0.655581
1640841548173729792,-0.173042,-0.487096,0.700320,0.755293,-0.007882,0.006694,-0.655306
1640841548174589952,-0.172096,-0.486596,0.700019,0.755368,-0.007861,0.006696,-0.655220
1640841548177809920,-0.168552,-0.484723,0.698898,0.755642,-0.007779,0.006695,-0.654904
1640841548178380032,-0.167925,-0.484391,0.698700,0.755690,-0.007765,0.006694,-0.654849
1640841548182979840,-0.162861,-0.481712,0.697113,0.756063,-0.007661,0.006684,-0.654420
1640841548183599872,-0.162179,-0.481350,0.696901,0.756112,-0.007649,0.006682,-0.654363
1640841548188039936,-0.157289,-0.478761,0.695387,0.756463,-0.007585,0.006647,-0.653959
1640841548188859904,-0.156386,-0.478282,0.695109,0.756528,-0.007578,0.006637,-0.653883
1640841548192859904,-0.151979,-0.475947,0.693761,0.756852,-0.007568,0.006557,-0.653510
1640841548193299968,-0.151494,-0.475689,0.693613,0.756888,-0.007569,0.006546,-0.653468
1640841548197949952,-0.146369,-0.472971,0.692063,0.757271,-0.007598,0.006395,-0.653026
1640841548198749952,-0.145487,-0.472502,0.691798,0.757337,-0.007606,0.006363,-0.652949
1640841548205779968,-0.137735,-0.468384,0.689490,0.757921,-0.007728,0.006080,-0.652273
1640841548206599936,-0.136830,-0.467904,0.689224,0.757989,-0.007750,0.006054,-0.652193
1640841548209080064,-0.134094,-0.466449,0.688420,0.758195,-0.007829,0.005995,-0.651953
1640841548210070016,-0.133002,-0.465868,0.688101,0.758278,-0.007866,0.005978,-0.651856
1640841548212800000,-0.129989,-0.464265,0.687224,0.758506,-0.007976,0.005942,-0.651590
1640841548213159936,-0.129592,-0.464053,0.687109,0.758536,-0.007991,0.005937,-0.651555
1640841548218419968,-0.123785,-0.460961,0.685439,0.758978,-0.008213,0.005838,-0.651038
1640841548219419904,-0.122681,-0.460373,0.685124,0.759062,-0.008253,0.005805,-0.650940
1640841548222909952,-0.118826,-0.458318,0.684030,0.759358,-0.008373,0.005628,-0.650594
1640841548223480064,-0.118196,-0.457982,0.683852,0.759407,-0.008389,0.005588,-0.650538
1640841548227869952,-0.113346,-0.455394,0.682492,0.759778,-0.008502,0.005238,-0.650106
1640841548228369920,-0.112793,-0.455099,0.682339,0.759819,-0.008517,0.005201,-0.650058
1640841548232979968,-0.107698,-0.452378,0.680929,0.760193,-0.008671,0.004906,-0.649621
1640841548233549824,-0.107068,-0.452042,0.680756,0.760239,-0.008692,0.004872,-0.649568
1640841548239889920,-0.100056,-0.448293,0.678849,0.760754,-0.008924,0.004449,-0.648964
1640841548241489920,-0.098286,-0.447346,0.678373,0.760888,-0.008979,0.004316,-0.648807
1640841548242830080,-0.096803,-0.446552,0.677975,0.761001,-0.009026,0.004198,-0.648674
1640841548243310080,-0.096272,-0.446268,0.677833,0.761042,-0.009043,0.004155,-0.648627
1640841548247859968,-0.091236,-0.443570,0.676498,0.761428,-0.009228,0.003734,-0.648173
1640841548248450048,-0.090582,-0.443220,0.676326,0.761478,-0.009256,0.003679,-0.648115
1640841548252940032,-0.085610,-0.440555,0.675026,0.761852,-0.009520,0.003290,-0.647673
1640841548253469952,-0.085023,-0.440240,0.674874,0.761896,-0.009556,0.003247,-0.647621
1640841548257880064,-0.080137,-0.437618,0.673616,0.762261,-0.009883,0.002907,-0.647188
1640841548258579968,-0.079362,-0.437202,0.673418,0.762319,-0.009938,0.002856,-0.647119
1640841548262830080,-0.074651,-0.434671,0.672224,0.762680,-0.010279,0.002554,-0.646690
1640841548263180032,-0.074263,-0.434463,0.672126,0.762710,-0.010308,0.002530,-0.646654
1640841548268059904,-0.068851,-0.431553,0.670775,0.763134,-0.010735,0.002227,-0.646147
1640841548269069824,-0.067730,-0.430950,0.670498,0.763223,-0.010832,0.002173,-0.646041
1640841548272800000,-0.063592,-0.428723,0.669482,0.763551,-0.011217,0.002001,-0.645647
1640841548273309952,-0.063026,-0.428418,0.669344,0.763596,-0.011272,0.001980,-0.645593
1640841548278109952,-0.057697,-0.425547,0.668057,0.764016,-0.011798,0.001780,-0.645087
1640841548278899968,-0.056820,-0.425074,0.667847,0.764085,-0.011883,0.001743,-0.645004
1640841548283219712,-0.052022,-0.422486,0.666708,0.764458,-0.012326,0.001511,-0.644554
1640841548283840000,-0.051333,-0.422114,0.666546,0.764511,-0.012387,0.001476,-0.644490
1640841548287899904,-0.046821,-0.419678,0.665493,0.764861,-0.012779,0.001237,-0.644068
1640841548288569856,-0.046077,-0.419276,0.665321,0.764918,-0.012843,0.001199,-0.643998
1640841548292889856,-0.041274,-0.416680,0.664219,0.765293,-0.013250,0.000963,-0.643545
1640841548293439744,-0.040663,-0.416349,0.664080,0.765340,-0.013302,0.000935,-0.643488
1640841548298329856,-0.035223,-0.413406,0.662855,0.765763,-0.013764,0.000699,-0.642975
1640841548300349952,-0.032976,-0.412188,0.662356,0.765935,-0.013958,0.000607,-0.642766
1640841548302870016,-0.030171,-0.410668,0.661738,0.766147,-0.014204,0.000493,-0.642509
1640841548303389952,-0.029592,-0.410355,0.661611,0.766190,-0.014255,0.000470,-0.642456
1640841548308019968,-0.024438,-0.407559,0.660493,0.766572,-0.014730,0.000263,-0.641989
1640841548308689920,-0.023691,-0.407154,0.660333,0.766627,-0.014802,0.000232,-0.641922
1640841548312999936,-0.018890,-0.404546,0.659312,0.766978,-0.015282,0.000033,-0.641491
1640841548314289920,-0.017453,-0.403765,0.659011,0.767084,-0.015431,-0.000027,-0.641361
1640841548317900032,-0.013430,-0.401577,0.658174,0.767385,-0.015854,-0.000192,-0.640990
1640841548318529792,-0.012728,-0.401195,0.658029,0.767439,-0.015928,-0.000220,-0.640924
1640841548322899712,-0.007856,-0.398543,0.657035,0.767824,-0.016441,-0.000408,-0.640450
1640841548323389952,-0.007309,-0.398245,0.656925,0.767868,-0.016499,-0.000428,-0.640396
1640841548328029952,-0.002134,-0.395423,0.655892,0.768294,-0.017055,-0.000608,-0.639870
1640841548328819968,-0.001253,-0.394942,0.655718,0.768367,-0.017152,-0.000637,-0.639780
1640841548332979968,0.003389,-0.392408,0.654813,0.768753,-0.017674,-0.000785,-0.639301
1640841548333890048,0.004405,-0.391853,0.654617,0.768838,-0.017788,-0.000819,-0.639195
1640841548337910016,0.008892,-0.389399,0.653762,0.769218,-0.018271,-0.000982,-0.638725
1640841548338660096,0.009730,-0.388941,0.653605,0.769290,-0.018355,-0.001017,-0.638636
1640841548343049984,0.014632,-0.386257,0.652693,0.769715,-0.018808,-0.001251,-0.638109
1640841548343899904,0.015582,-0.385736,0.652518,0.769799,-0.018888,-0.001300,-0.638006
1640841548347990016,0.020151,-0.383231,0.651690,0.770202,-0.019236,-0.001556,-0.637508
1640841548348610048,0.020844,-0.382850,0.651566,0.770263,-0.019283,-0.001596,-0.637432
1640841548352949760,0.025694,-0.380187,0.650708,0.770695,-0.019587,-0.001885,-0.636901
1640841548353479936,0.026287,-0.379861,0.650605,0.770748,-0.019621,-0.001921,-0.636835
1640841548357829888,0.031151,-0.377186,0.649767,0.771187,-0.019887,-0.002229,-0.636294
1640841548358330112,0.031710,-0.376878,0.649672,0.771238,-0.019917,-0.002266,-0.636231
1640841548363129856,0.037079,-0.373921,0.648772,0.771737,-0.020206,-0.002630,-0.635615
1640841548363849984,0.037885,-0.373476,0.648640,0.771813,-0.020250,-0.002686,-0.635521
1640841548370999808,0.045887,-0.369059,0.647351,0.772579,-0.020708,-0.003233,-0.634573
1640841548372019968,0.047029,-0.368428,0.647171,0.772689,-0.020776,-0.003307,-0.634436
1640841548372869888,0.047980,-0.367902,0.647022,0.772781,-0.020833,-0.003369,-0.634321
1640841548373260032,0.048417,-0.367660,0.646954,0.772824,-0.020860,-0.003397,-0.634269
1640841548378259968,0.054017,-0.364561,0.646098,0.773374,-0.021186,-0.003754,-0.633584
1640841548379180032,0.055047,-0.363990,0.645943,0.773478,-0.021242,-0.003820,-0.633456
1640841548382939904,0.059260,-0.361654,0.645320,0.773908,-0.021453,-0.004099,-0.632922
1640841548383460096,0.059843,-0.361330,0.645235,0.773968,-0.021480,-0.004138,-0.632847
1640841548387919872,0.064843,-0.358554,0.644519,0.774487,-0.021700,-0.004489,-0.632201
1640841548388979968,0.066031,-0.357894,0.644352,0.774611,-0.021750,-0.004576,-0.632048
1640841548392799744,0.070315,-0.355511,0.643760,0.775053,-0.021925,-0.004900,-0.631496
1640841548393260032,0.070831,-0.355224,0.643690,0.775106,-0.021945,-0.004940,-0.631430
1640841548397949952,0.076093,-0.352292,0.642988,0.775647,-0.022135,-0.005339,-0.630756
1640841548398860032,0.077114,-0.351723,0.642855,0.775752,-0.022166,-0.005414,-0.630625
1640841548403069952,0.081840,-0.349086,0.642250,0.776240,-0.022287,-0.005740,-0.630017
1640841548403509760,0.082334,-0.348810,0.642188,0.776292,-0.022297,-0.005772,-0.629953
1640841548407980032,0.087354,-0.346004,0.641569,0.776819,-0.022376,-0.006075,-0.629297
1640841548408730112,0.088196,-0.345532,0.641468,0.776909,-0.022385,-0.006122,-0.629186
1640841548412900096,0.092881,-0.342909,0.640915,0.777414,-0.022420,-0.006363,-0.628557
1640841548413399808,0.093443,-0.342594,0.640850,0.777475,-0.022422,-0.006390,-0.628481
1640841548417899776,0.098501,-0.339757,0.640277,0.778028,-0.022436,-0.006621,-0.627794
1640841548418939904,0.099671,-0.339101,0.640148,0.778156,-0.022437,-0.006673,-0.627635
1640841548422899968,0.104124,-0.336599,0.639668,0.778639,-0.022444,-0.006866,-0.627033
1640841548423319808,0.104597,-0.336333,0.639618,0.778690,-0.022445,-0.006887,-0.626970
1640841548427929856,0.109784,-0.333414,0.639084,0.779250,-0.022464,-0.007105,-0.626270
1640841548428489984,0.110414,-0.333059,0.639021,0.779318,-0.022468,-0.007131,-0.626185
1640841548432940032,0.115423,-0.330235,0.638531,0.779864,-0.022511,-0.007329,-0.625501
1640841548433769984,0.116358,-0.329708,0.638442,0.779967,-0.022520,-0.007364,-0.625372
1640841548437989888,0.121111,-0.327024,0.638002,0.780496,-0.022558,-0.007534,-0.624709
1640841548438959872,0.122203,-0.326406,0.637904,0.780619,-0.022562,-0.007571,-0.624554
1640841548443279872,0.127071,-0.323652,0.637479,0.781172,-0.022559,-0.007724,-0.623860
1640841548444470016,0.128412,-0.322893,0.637366,0.781326,-0.022553,-0.007765,-0.623667
1640841548447830016,0.132200,-0.320746,0.637056,0.781760,-0.022528,-0.007880,-0.623122
1640841548448289792,0.132719,-0.320452,0.637014,0.781820,-0.022525,-0.007896,-0.623047
1640841548452909824,0.137930,-0.317494,0.636610,0.782415,-0.022487,-0.008061,-0.622299
1640841548453399808,0.138482,-0.317180,0.636569,0.782478,-0.022483,-0.008079,-0.622219
1640841548457939968,0.143605,-0.314268,0.636199,0.783068,-0.022455,-0.008240,-0.621476
1640841548458589952,0.144339,-0.313850,0.636148,0.783153,-0.022452,-0.008262,-0.621369
1640841548464069888,0.150525,-0.310326,0.635736,0.783887,-0.022446,-0.008426,-0.620440
1640841548464509952,0.151022,-0.310042,0.635705,0.783947,-0.022447,-0.008437,-0.620364
1640841548467929856,0.154884,-0.307838,0.635467,0.784417,-0.022448,-0.008526,-0.619768
1640841548469039872,0.156138,-0.307122,0.635393,0.784569,-0.022443,-0.008558,-0.619576
1640841548472920064,0.160522,-0.304616,0.635144,0.785093,-0.022390,-0.008688,-0.618912
1640841548473979904,0.161720,-0.303931,0.635079,0.785235,-0.022368,-0.008726,-0.618732
1640841548478050048,0.166320,-0.301297,0.634842,0.785775,-0.022255,-0.008857,-0.618048
1640841548478700032,0.167055,-0.300876,0.634806,0.785862,-0.022234,-0.008874,-0.617939
1640841548482849792,0.171747,-0.298185,0.634587,0.786414,-0.022089,-0.008937,-0.617240
1640841548483199744,0.172143,-0.297958,0.634569,0.786461,-0.022076,-0.008937,-0.617181
1640841548488099840,0.177685,-0.294774,0.634337,0.787124,-0.021895,-0.008865,-0.616342
1640841548488539904,0.178183,-0.294488,0.634318,0.787184,-0.021879,-0.008855,-0.616266
1640841548492819968,0.183026,-0.291701,0.634140,0.787761,-0.021713,-0.008829,-0.615535
1640841548493219840,0.183478,-0.291440,0.634124,0.787814,-0.021697,-0.008836,-0.615468
1640841548498070016,0.188968,-0.288276,0.633950,0.788455,-0.021494,-0.008968,-0.614651
1640841548498779904,0.189772,-0.287813,0.633927,0.788550,-0.021463,-0.008980,-0.614530
1640841548502939904,0.194481,-0.285093,0.633802,0.789120,-0.021280,-0.008948,-0.613806
1640841548503529984,0.195149,-0.284707,0.633786,0.789202,-0.021254,-0.008932,-0.613701
1640841548509149952,0.201514,-0.281026,0.633652,0.789990,-0.021012,-0.008718,-0.612698
1640841548509929984,0.202397,-0.280514,0.633637,0.790099,-0.020980,-0.008688,-0.612559
1640841548512960000,0.205829,-0.278525,0.633582,0.790522,-0.020856,-0.008573,-0.612018
1640841548514259712,0.207302,-0.277671,0.633562,0.790703,-0.020802,-0.008523,-0.611787
1640841548517829888,0.211347,-0.275324,0.633516,0.791202,-0.020641,-0.008371,-0.611149
1640841548518409984,0.212004,-0.274943,0.633510,0.791283,-0.020613,-0.008343,-0.611045
1640841548522869760,0.217058,-0.272006,0.633476,0.791911,-0.020364,-0.008089,-0.610243
1640841548523419904,0.217681,-0.271643,0.633473,0.791989,-0.020330,-0.008053,-0.610144
1640841548527920128,0.222781,-0.268674,0.633464,0.792622,-0.020034,-0.007741,-0.609335
1640841548528579840,0.223529,-0.268238,0.633465,0.792714,-0.019988,-0.007693,-0.609217
1640841548533059840,0.228607,-0.265278,0.633482,0.793335,-0.019664,-0.007366,-0.608423
1640841548533530112,0.229140,-0.264967,0.633485,0.793400,-0.019628,-0.007332,-0.608340
1640841548537999872,0.234206,-0.262007,0.633526,0.794020,-0.019253,-0.007016,-0.607546
1640841548538669824,0.234966,-0.261564,0.633535,0.794114,-0.019190,-0.006970,-0.607426
1640841548542909952,0.239772,-0.258752,0.633598,0.794715,-0.018752,-0.006697,-0.606656
1640841548543469824,0.240407,-0.258380,0.633608,0.794795,-0.018689,-0.006663,-0.606553
1640841548547989760,0.245531,-0.255378,0.633700,0.795443,-0.018166,-0.006407,-0.605722
1640841548548559872,0.246178,-0.254999,0.633713,0.795525,-0.018099,-0.006377,-0.605617
1640841548553210112,0.251450,-0.251906,0.633835,0.796186,-0.017547,-0.006154,-0.604767
1640841548554409984,0.252810,-0.251107,0.633870,0.796355,-0.017402,-0.006100,-0.604549
1640841548557910016,0.256778,-0.248775,0.633983,0.796845,-0.016969,-0.005949,-0.603917
1640841548558689792,0.257662,-0.248255,0.634009,0.796953,-0.016869,-0.005915,-0.603777
1640841548562979840,0.262526,-0.245393,0.634169,0.797545,-0.016294,-0.005725,-0.603012
1640841548566399744,0.266403,-0.243109,0.634311,0.798017,-0.015825,-0.005563,-0.602401
1640841548567790080,0.267979,-0.242179,0.634372,0.798211,-0.015638,-0.005493,-0.602150
1640841548568389888,0.268659,-0.241778,0.634399,0.798295,-0.015558,-0.005463,-0.602041
1640841548572829952,0.273692,-0.238808,0.634613,0.798924,-0.014998,-0.005218,-0.601222
1640841548573199872,0.274112,-0.238560,0.634631,0.798977,-0.014953,-0.005196,-0.601153
1640841548577900032,0.279440,-0.235412,0.634882,0.799652,-0.014387,-0.004883,-0.600271
1640841548578670080,0.280313,-0.234896,0.634926,0.799763,-0.014293,-0.004825,-0.600126
1640841548582899712,0.285107,-0.232058,0.635176,0.800367,-0.013760,-0.004474,-0.599336
1640841548583329792,0.285595,-0.231770,0.635203,0.800428,-0.013705,-0.004435,-0.599256
1640841548588229888,0.291148,-0.228479,0.635519,0.801122,-0.013073,-0.003983,-0.598345
1640841548589569792,0.292667,-0.227579,0.635610,0.801311,-0.012902,-0.003858,-0.598097
1640841548592859904,0.296396,-0.225366,0.635842,0.801773,-0.012484,-0.003552,-0.597487
1640841548593309952,0.296906,-0.225064,0.635875,0.801837,-0.012427,-0.003510,-0.597404
1640841548598309888,0.302572,-0.221698,0.636253,0.802535,-0.011784,-0.003039,-0.596481
1640841548599689984,0.304136,-0.220769,0.636362,0.802726,-0.011602,-0.002907,-0.596227
1640841548603020032,0.307909,-0.218525,0.636633,0.803187,-0.011153,-0.002585,-0.595617
1640841548603549952,0.308510,-0.218168,0.636677,0.803260,-0.011081,-0.002534,-0.595520
1640841548607810048,0.313337,-0.215295,0.637044,0.803846,-0.010502,-0.002122,-0.594741
1640841548608290048,0.313881,-0.214971,0.637087,0.803912,-0.010438,-0.002076,-0.594653
1640841548612900096,0.319104,-0.211859,0.637508,0.804545,-0.009829,-0.001646,-0.593807
1640841548613469952,0.319749,-0.211474,0.637561,0.804624,-0.009754,-0.001594,-0.593703
1640841548618429952,0.325369,-0.208123,0.638043,0.805296,-0.009079,-0.001157,-0.592802
1640841548620179968,0.327351,-0.206940,0.638219,0.805530,-0.008826,-0.001010,-0.592489
1640841548623529984,0.331146,-0.204674,0.638565,0.805971,-0.008318,-0.000744,-0.591896
1640841548623940096,0.331611,-0.204397,0.638608,0.806025,-0.008254,-0.000714,-0.591823
1640841548627810048,0.335994,-0.201778,0.639024,0.806534,-0.007651,-0.000452,-0.591138
1640841548628339968,0.336595,-0.201419,0.639082,0.806604,-0.007568,-0.000421,-0.591043
1640841548634449920,0.343515,-0.197282,0.639774,0.807427,-0.006649,-0.000151,-0.589930
1640841548636129792,0.345418,-0.196144,0.639972,0.807655,-0.006406,-0.000094,-0.589621
1640841548638020096,0.347559,-0.194863,0.640197,0.807909,-0.006135,-0.000031,-0.589275
1640841548638909696,0.348567,-0.194260,0.640304,0.808028,-0.006008,0.000000,-0.589114
1640841548642819840,0.352995,-0.191609,0.640785,0.808538,-0.005459,0.000160,-0.588418
1640841548643179776,0.353403,-0.191365,0.640830,0.808585,-0.005408,0.000177,-0.588355
1640841548648039936,0.358907,-0.188068,0.641452,0.809209,-0.004750,0.000433,-0.587502
1640841548648880128,0.359859,-0.187498,0.641562,0.809318,-0.004641,0.000482,-0.587352
1640841548653149952,0.364695,-0.184601,0.642131,0.809886,-0.004107,0.000743,-0.586572
1640841548653820160,0.365454,-0.184146,0.642223,0.809977,-0.004026,0.000785,-0.586448
1640841548657829888,0.369995,-0.181424,0.642777,0.810518,-0.003550,0.001032,-0.585702
1640841548658429952,0.370675,-0.181016,0.642861,0.810599,-0.003479,0.001068,-0.585590
1640841548662849792,0.375681,-0.178015,0.643493,0.811185,-0.002959,0.001318,-0.584781
1640841548663249920,0.376134,-0.177743,0.643552,0.811237,-0.002912,0.001339,-0.584708
1640841548668059904,0.381582,-0.174476,0.644263,0.811860,-0.002340,0.001601,-0.583846
1640841548670859776,0.384753,-0.172574,0.644688,0.812217,-0.002002,0.001760,-0.583350
1640841548674080000,0.388401,-0.170387,0.645186,0.812624,-0.001607,0.001955,-0.582783
1640841548674729728,0.389137,-0.169945,0.645288,0.812706,-0.001526,0.001997,-0.582669
1640841548679009792,0.393986,-0.167037,0.645968,0.813243,-0.000987,0.002289,-0.581919
1640841548679559936,0.394609,-0.166663,0.646057,0.813312,-0.000916,0.002329,-0.581823
1640841548683040000,0.398551,-0.164299,0.646625,0.813746,-0.000465,0.002590,-0.581214
1640841548684249856,0.399922,-0.163477,0.646825,0.813897,-0.000307,0.002680,-0.581003
1640841548687889920,0.404046,-0.161004,0.647435,0.814346,0.000165,0.002937,-0.580373
1640841548688609792,0.404861,-0.160514,0.647558,0.814434,0.000257,0.002983,-0.580249
1640841548693029888,0.409869,-0.157511,0.648319,0.814969,0.000808,0.003228,-0.579496
1640841548693760000,0.410697,-0.157015,0.648446,0.815056,0.000896,0.003265,-0.579372
1640841548697939968,0.415433,-0.154176,0.649186,0.815558,0.001373,0.003478,-0.578664
1640841548699190016,0.416850,-0.153326,0.649410,0.815708,0.001507,0.003548,-0.578451
1640841548702960128,0.421122,-0.150766,0.650096,0.816165,0.001876,0.003799,-0.577804
1640841548703709952,0.421972,-0.150256,0.650234,0.816256,0.001944,0.003855,-0.577674
1640841548707859968,0.426675,-0.147438,0.651006,0.816763,0.002312,0.004174,-0.576954
1640841548708639744,0.427559,-0.146909,0.651153,0.816858,0.002381,0.004232,-0.576818
1640841548712940032,0.432433,-0.143989,0.651973,0.817380,0.002770,0.004525,-0.576074
1640841548714249728,0.433918,-0.143100,0.652227,0.817539,0.002888,0.004610,-0.575848
1640841548717860096,0.438010,-0.140650,0.652933,0.817972,0.003194,0.004846,-0.575228
1640841548718419968,0.438645,-0.140270,0.653043,0.818039,0.003238,0.004884,-0.575133
1640841548722859776,0.443679,-0.137257,0.653930,0.818566,0.003551,0.005212,-0.574377
1640841548723529728,0.444438,-0.136803,0.654065,0.818646,0.003594,0.005265,-0.574263
1640841548727899904,0.449393,-0.133839,0.654958,0.819166,0.003865,0.005623,-0.573516
1640841548728410112,0.449971,-0.133493,0.655063,0.819227,0.003896,0.005666,-0.573428
1640841548732839936,0.454994,-0.130490,0.655988,0.819765,0.004186,0.006042,-0.572653
1640841548733589760,0.455844,-0.129981,0.656146,0.819857,0.004238,0.006106,-0.572520
1640841548738060032,0.460913,-0.126952,0.657099,0.820396,0.004554,0.006478,-0.571741
1640841548738880000,0.461843,-0.126397,0.657276,0.820492,0.004613,0.006545,-0.571601
1640841548742859776,0.466356,-0.123701,0.658143,0.820946,0.004898,0.006855,-0.570943
1640841548743279872,0.466832,-0.123417,0.658235,0.820993,0.004928,0.006887,-0.570875
1640841548750710016,0.475257,-0.118388,0.659894,0.821810,0.005477,0.007432,-0.569687
1640841548751309824,0.475937,-0.117982,0.660030,0.821876,0.005522,0.007475,-0.569590
1640841548752800000,0.477627,-0.116974,0.660369,0.822042,0.005634,0.007584,-0.569348
1640841548753100032,0.477967,-0.116771,0.660437,0.822076,0.005656,0.007606,-0.569299
1640841548757910016,0.483422,-0.113518,0.661547,0.822619,0.005978,0.007972,-0.568506
1640841548758560000,0.484159,-0.113079,0.661698,0.822693,0.006015,0.008023,-0.568397
1640841548763310080,0.489544,-0.109869,0.662817,0.823239,0.006217,0.008418,-0.567599
1640841548765199872,0.491687,-0.108592,0.663267,0.823457,0.006274,0.008578,-0.567280
1640841548767979776,0.494839,-0.106715,0.663936,0.823775,0.006345,0.008812,-0.566812
1640841548768559872,0.495497,-0.106323,0.664076,0.823842,0.006359,0.008859,-0.566715
1640841548772879872,0.500394,-0.103407,0.665130,0.824330,0.006454,0.009201,-0.565997
1640841548773649920,0.501267,-0.102888,0.665320,0.824417,0.006469,0.009259,-0.565870
1640841548778269952,0.506504,-0.099771,0.666468,0.824935,0.006536,0.009600,-0.565108
1640841548780339968,0.508851,-0.098376,0.666988,0.825167,0.006551,0.009748,-0.564767
1640841548783020032,0.511888,-0.096569,0.667668,0.825468,0.006555,0.009935,-0.564323
1640841548783859968,0.512840,-0.096003,0.667882,0.825563,0.006554,0.009993,-0.564184
1640841548787819776,0.517327,-0.093335,0.668900,0.826008,0.006544,0.010257,-0.563527
1640841548788349952,0.517928,-0.092978,0.669038,0.826068,0.006542,0.010291,-0.563439
1640841548793019904,0.523219,-0.089834,0.670258,0.826591,0.006537,0.010584,-0.562666
1640841548793859840,0.524171,-0.089269,0.670480,0.826684,0.006538,0.010636,-0.562528
1640841548797959936,0.528815,-0.086510,0.671570,0.827133,0.006548,0.010881,-0.561862
1640841548798569984,0.529506,-0.086100,0.671733,0.827199,0.006550,0.010917,-0.561764
1640841548802959872,0.534478,-0.083148,0.672919,0.827665,0.006575,0.011170,-0.561073
1640841548803559936,0.535157,-0.082745,0.673082,0.827728,0.006579,0.011201,-0.560980
1640841548807869952,0.540037,-0.079849,0.674265,0.828177,0.006610,0.011381,-0.560312
1640841548808460032,0.540705,-0.079452,0.674428,0.828238,0.006614,0.011397,-0.560221
1640841548813099776,0.545957,-0.076337,0.675721,0.828726,0.006642,0.011444,-0.559498
1640841548814460160,0.547496,-0.075424,0.676103,0.828870,0.006649,0.011437,-0.559285
1640841548818080000,0.551593,-0.072995,0.677129,0.829254,0.006663,0.011395,-0.558715
1640841548818820096,0.552430,-0.072499,0.677341,0.829333,0.006665,0.011385,-0.558599
1640841548822860032,0.557001,-0.069790,0.678501,0.829764,0.006672,0.011332,-0.557960
1640841548823330048,0.557532,-0.069475,0.678637,0.829814,0.006672,0.011325,-0.557886
1640841548827970048,0.562780,-0.066365,0.679990,0.830306,0.006676,0.011237,-0.557154
1640841548828620032,0.563515,-0.065930,0.680180,0.830375,0.006677,0.011220,-0.557052
1640841548833380096,0.568897,-0.062743,0.681589,0.830875,0.006685,0.011032,-0.556310
1640841548834829824,0.570535,-0.061772,0.682022,0.831026,0.006687,0.010955,-0.556086
1640841548838199808,0.574344,-0.059518,0.683035,0.831379,0.006676,0.010757,-0.555562
1640841548839249920,0.575531,-0.058815,0.683353,0.831489,0.006665,0.010694,-0.555398
1640841548842860032,0.579610,-0.056401,0.684452,0.831873,0.006597,0.010486,-0.554827
1640841548843430144,0.580254,-0.056020,0.684627,0.831934,0.006583,0.010455,-0.554736
1640841548847960064,0.585371,-0.052993,0.686024,0.832422,0.006440,0.010204,-0.554011
1640841548849159936,0.586726,-0.052192,0.686397,0.832551,0.006396,0.010137,-0.553819
1640841548852880128,0.590927,-0.049708,0.687560,0.832950,0.006253,0.009926,-0.553224
1640841548853349888,0.591457,-0.049394,0.687708,0.833000,0.006235,0.009898,-0.553149
1640841548858139904,0.596864,-0.046198,0.689225,0.833512,0.006036,0.009620,-0.552384
1640841548859040000,0.597880,-0.045598,0.689512,0.833609,0.005997,0.009569,-0.552240
1640841548862860032,0.602191,-0.043051,0.690738,0.834019,0.005827,0.009351,-0.551626
1640841548863430144,0.602834,-0.042672,0.690922,0.834080,0.005801,0.009318,-0.551534
1640841548868000000,0.607989,-0.039627,0.692407,0.834572,0.005580,0.009047,-0.550797
1640841548870949888,0.611316,-0.037663,0.693374,0.834889,0.005422,0.008854,-0.550321
1640841548873080064,0.613718,-0.036245,0.694077,0.835118,0.005302,0.008703,-0.549977
1640841548876869888,0.617991,-0.033724,0.695336,0.835526,0.005095,0.008409,-0.549363
1640841548877809920,0.619050,-0.033098,0.695650,0.835628,0.005049,0.008331,-0.549209
1640841548878369792,0.619681,-0.032726,0.695838,0.835689,0.005023,0.008284,-0.549117
1640841548882959872,0.624854,-0.029675,0.697383,0.836194,0.004863,0.007872,-0.548355
1640841548883839744,0.625845,-0.029090,0.697682,0.836292,0.004840,0.007788,-0.548208
1640841548887879936,0.630396,-0.026407,0.699059,0.836733,0.004755,0.007381,-0.547541
1640841548888419840,0.631005,-0.026048,0.699244,0.836791,0.004745,0.007324,-0.547453
1640841548894009856,0.637299,-0.022339,0.701172,0.837375,0.004639,0.006696,-0.546568
1640841548894529792,0.637885,-0.021994,0.701352,0.837429,0.004629,0.006634,-0.546486
1640841548897869824,0.641645,-0.019779,0.702517,0.837775,0.004564,0.006223,-0.545962
1640841548898680064,0.642557,-0.019242,0.702801,0.837859,0.004548,0.006119,-0.545833
1640841548904859904,0.649511,-0.015147,0.704982,0.838529,0.004416,0.005287,-0.544813
1640841548906619904,0.651490,-0.013981,0.705609,0.838725,0.004374,0.005043,-0.544514
1640841548907960064,0.652998,-0.013094,0.706087,0.838874,0.004338,0.004859,-0.544286
1640841548908489984,0.653594,-0.012743,0.706277,0.838933,0.004323,0.004786,-0.544197
1640841548912940032,0.658598,-0.009799,0.707877,0.839411,0.004178,0.004203,-0.543464
1640841548914789888,0.660678,-0.008575,0.708546,0.839606,0.004106,0.003972,-0.543166
1640841548918010112,0.664297,-0.006446,0.709717,0.839942,0.003970,0.003583,-0.542650
1640841548918819840,0.665207,-0.005911,0.710013,0.840026,0.003933,0.003487,-0.542520
1640841548923089920,0.670005,-0.003089,0.711580,0.840479,0.003727,0.002993,-0.541824
1640841548923990016,0.671016,-0.002495,0.711912,0.840575,0.003681,0.002891,-0.541674
1640841548928179968,0.675723,0.000272,0.713465,0.841035,0.003449,0.002433,-0.540964
1640841548928959744,0.676598,0.000787,0.713755,0.841123,0.003403,0.002350,-0.540829
1640841548933149696,0.681303,0.003552,0.715322,0.841600,0.003145,0.001917,-0.540088
1640841548934119936,0.682392,0.004191,0.715687,0.841712,0.003085,0.001817,-0.539915
1640841548938200064,0.686971,0.006882,0.717228,0.842176,0.002849,0.001381,-0.539194
1640841548941479936,0.690651,0.009044,0.718474,0.842536,0.002697,0.000998,-0.538633
1640841548942870016,0.692210,0.009959,0.719005,0.842683,0.002647,0.000822,-0.538404
1640841548943379968,0.692782,0.010295,0.719200,0.842736,0.002631,0.000756,-0.538321
1640841548947859968,0.697806,0.013246,0.720920,0.843198,0.002524,0.000181,-0.537597
1640841548948859904,0.698927,0.013904,0.721306,0.843303,0.002505,0.000064,-0.537432
1640841548952879872,0.703432,0.016550,0.722863,0.843741,0.002430,-0.000343,-0.536745
1640841548953590016,0.704228,0.017017,0.723139,0.843820,0.002416,-0.000408,-0.536620
1640841548958390016,0.709606,0.020175,0.725015,0.844361,0.002308,-0.000843,-0.535769
1640841548959519744,0.710871,0.020918,0.725459,0.844488,0.002277,-0.000953,-0.535570
1640841548964699904,0.716671,0.024323,0.727503,0.845057,0.002118,-0.001527,-0.534670
1640841548965299968,0.717342,0.024717,0.727741,0.845122,0.002102,-0.001599,-0.534568
1640841548968049920,0.720420,0.026524,0.728835,0.845415,0.002045,-0.001929,-0.534103
1640841548968580096,0.721013,0.026873,0.729046,0.845471,0.002038,-0.001992,-0.534014
1640841548974979840,0.728171,0.031076,0.731611,0.846137,0.002056,-0.002734,-0.532955
1640841548975709952,0.728988,0.031555,0.731906,0.846212,0.002061,-0.002814,-0.532834
1640841548977890048,0.731425,0.032986,0.732786,0.846439,0.002071,-0.003050,-0.532473
1640841548978469888,0.732073,0.033367,0.733021,0.846500,0.002070,-0.003111,-0.532376
1640841548982889984,0.737012,0.036267,0.734817,0.846969,0.002008,-0.003557,-0.531626
1640841548983320064,0.737492,0.036549,0.734993,0.847015,0.001997,-0.003598,-0.531553
1640841548987899904,0.742607,0.039554,0.736867,0.847511,0.001862,-0.004029,-0.530759
1640841548988420096,0.743188,0.039895,0.737081,0.847567,0.001847,-0.004077,-0.530669
1640841548992829952,0.748110,0.042787,0.738900,0.848045,0.001731,-0.004477,-0.529903
1640841548993329920,0.748668,0.043115,0.739107,0.848099,0.001720,-0.004522,-0.529816
1640841548997829888,0.753687,0.046065,0.740976,0.848576,0.001628,-0.004925,-0.529048
1640841548998329856,0.754245,0.046392,0.741184,0.848628,0.001619,-0.004969,-0.528964
1640841549003010048,0.759462,0.049459,0.743142,0.849106,0.001539,-0.005384,-0.528193
1640841549003820032,0.760364,0.049990,0.743482,0.849187,0.001525,-0.005453,-0.528061
1640841549007979776,0.764998,0.052716,0.745235,0.849609,0.001451,-0.005785,-0.527379
1640841549008790016,0.765900,0.053247,0.745578,0.849693,0.001435,-0.005842,-0.527244
1640841549012869888,0.770442,0.055919,0.747308,0.850124,0.001346,-0.006096,-0.526545
1640841549013399808,0.771031,0.056266,0.747534,0.850181,0.001334,-0.006127,-0.526453
1640841549018269952,0.776449,0.059456,0.749614,0.850700,0.001227,-0.006402,-0.525611
1640841549020379904,0.778795,0.060838,0.750519,0.850918,0.001187,-0.006534,-0.525256
1640841549022779904,0.781462,0.062409,0.751552,0.851160,0.001149,-0.006699,-0.524863
1640841549023139840,0.781862,0.062645,0.751707,0.851196,0.001143,-0.006725,-0.524804
1640841549027889920,0.787138,0.065755,0.753761,0.851659,0.001087,-0.007086,-0.524048
1640841549028630016,0.787960,0.066240,0.754082,0.851730,0.001079,-0.007143,-0.523931
1640841549032999936,0.792810,0.069101,0.755985,0.852154,0.001040,-0.007476,-0.523237
1640841549035009792,0.795039,0.070416,0.756864,0.852349,0.001026,-0.007627,-0.522916
1640841549038800128,0.799242,0.072898,0.758526,0.852720,0.001012,-0.007917,-0.522307
1640841549039459840,0.799973,0.073330,0.758817,0.852785,0.001011,-0.007969,-0.522201
1640841549042889728,0.803773,0.075575,0.760329,0.853121,0.001021,-0.008247,-0.521646
1640841549043520000,0.804471,0.075987,0.760608,0.853183,0.001024,-0.008300,-0.521544
1640841549047879936,0.809298,0.078842,0.762541,0.853607,0.001040,-0.008677,-0.520845
1640841549048519936,0.810006,0.079260,0.762825,0.853668,0.001040,-0.008733,-0.520744
1640841549052979968,0.814940,0.082180,0.764814,0.854087,0.001004,-0.009126,-0.520050
1640841549053679872,0.815714,0.082638,0.765127,0.854151,0.000993,-0.009187,-0.519942
1640841549057809920,0.820278,0.085342,0.766980,0.854535,0.000913,-0.009532,-0.519306
1640841549058249984,0.820765,0.085630,0.767177,0.854576,0.000904,-0.009567,-0.519238
1640841549063350016,0.826396,0.088968,0.769478,0.855062,0.000789,-0.009933,-0.518429
1640841549064219904,0.827356,0.089538,0.769871,0.855147,0.000768,-0.009989,-0.518289
1640841549067970048,0.831493,0.091993,0.771572,0.855512,0.000677,-0.010215,-0.517682
1640841549069190144,0.832838,0.092791,0.772127,0.855631,0.000646,-0.010284,-0.517484
1640841549073249792,0.837312,0.095449,0.773979,0.856025,0.000541,-0.010506,-0.516828
1640841549073760000,0.837874,0.095783,0.774212,0.856074,0.000528,-0.010534,-0.516745
1640841549077839872,0.842367,0.098454,0.776081,0.856465,0.000434,-0.010783,-0.516092
1640841549078480128,0.843071,0.098873,0.776375,0.856526,0.000420,-0.010826,-0.515990
1640841549083739904,0.848857,0.102316,0.778798,0.857019,0.000337,-0.011243,-0.515162
1640841549086159872,0.851517,0.103900,0.779917,0.857244,0.000308,-0.011445,-0.514783
1640841549088239872,0.853802,0.105262,0.780881,0.857437,0.000284,-0.011605,-0.514458
1640841549089540096,0.855230,0.106113,0.781484,0.857558,0.000269,-0.011695,-0.514253
1640841549092800000,0.858809,0.108247,0.783000,0.857864,0.000229,-0.011878,-0.513739
1640841549093209856,0.859259,0.108515,0.783191,0.857903,0.000224,-0.011898,-0.513675
1640841549097959936,0.864469,0.111625,0.785409,0.858349,0.000176,-0.012090,-0.512924
1640841549098759936,0.865346,0.112149,0.785784,0.858424,0.000170,-0.012118,-0.512797
1640841549106079744,0.873364,0.116941,0.789222,0.859101,0.000174,-0.012391,-0.511656
1640841549106619904,0.873955,0.117294,0.789476,0.859150,0.000178,-0.012414,-0.511573
1640841549107829760,0.875279,0.118086,0.790047,0.859259,0.000189,-0.012467,-0.511389
1640841549108300032,0.875793,0.118394,0.790269,0.859301,0.000193,-0.012487,-0.511317
1640841549112949760,0.880878,0.121438,0.792468,0.859708,0.000219,-0.012680,-0.510628
1640841549113679872,0.881676,0.121916,0.792814,0.859771,0.000222,-0.012708,-0.510521
1640841549118019840,0.886416,0.124757,0.794875,0.860147,0.000234,-0.012859,-0.509883
1640841549118819840,0.887290,0.125280,0.795255,0.860218,0.000237,-0.012883,-0.509764
1640841549122889984,0.891731,0.127944,0.797196,0.860585,0.000255,-0.012987,-0.509142
1640841549123440128,0.892331,0.128304,0.797458,0.860635,0.000259,-0.012999,-0.509056
1640841549127830016,0.897116,0.131178,0.799558,0.861041,0.000287,-0.013065,-0.508368
1640841549128460032,0.897803,0.131590,0.799860,0.861099,0.000291,-0.013070,-0.508269
1640841549132979968,0.902724,0.134548,0.802030,0.861516,0.000325,-0.013080,-0.507563
1640841549133499904,0.903290,0.134889,0.802280,0.861563,0.000329,-0.013079,-0.507482
1640841549138309888,0.908522,0.138037,0.804597,0.861999,0.000372,-0.013060,-0.506742
1640841549139200000,0.909490,0.138619,0.805027,0.862079,0.000382,-0.013058,-0.506606
1640841549142819840,0.913423,0.140988,0.806776,0.862400,0.000427,-0.013055,-0.506059
1640841549144089856,0.914802,0.141819,0.807391,0.862512,0.000446,-0.013055,-0.505868
1640841549147879936,0.918916,0.144299,0.809229,0.862843,0.000514,-0.013046,-0.505304
1640841549148359936,0.919437,0.144613,0.809462,0.862884,0.000524,-0.013043,-0.505233
1640841549152859904,0.924316,0.147558,0.811650,0.863273,0.000633,-0.012995,-0.504570
1640841549153440000,0.924945,0.147937,0.811932,0.863322,0.000648,-0.012985,-0.504485
1640841549157840128,0.929711,0.150816,0.814077,0.863701,0.000776,-0.012899,-0.503839
1640841549158489856,0.930415,0.151241,0.814395,0.863757,0.000796,-0.012884,-0.503743
1640841549163159808,0.935467,0.154296,0.816678,0.864161,0.000937,-0.012772,-0.503052
1640841549163849728,0.936214,0.154747,0.817016,0.864221,0.000957,-0.012754,-0.502950
1640841549168249856,0.940969,0.157625,0.819173,0.864598,0.001076,-0.012628,-0.502304
1640841549168809984,0.941574,0.157992,0.819448,0.864646,0.001090,-0.012611,-0.502222
1640841549172979712,0.946077,0.160719,0.821497,0.864994,0.001176,-0.012467,-0.501626
1640841549173639936,0.946789,0.161151,0.821822,0.865049,0.001188,-0.012442,-0.501532
1640841549178269952,0.951783,0.164178,0.824103,0.865433,0.001267,-0.012240,-0.500874
1640841549179299840,0.952893,0.164852,0.824611,0.865520,0.001285,-0.012189,-0.500725
1640841549182859776,0.956729,0.167179,0.826369,0.865825,0.001349,-0.011992,-0.500202
1640841549183310080,0.957214,0.167473,0.826591,0.865864,0.001358,-0.011966,-0.500135
1640841549187919872,0.962176,0.170487,0.828872,0.866265,0.001443,-0.011673,-0.499446
1640841549188699904,0.963016,0.170997,0.829258,0.866333,0.001456,-0.011620,-0.499330
1640841549192879872,0.967510,0.173729,0.831330,0.866693,0.001523,-0.011333,-0.498711
1640841549193719808,0.968413,0.174278,0.831747,0.866765,0.001536,-0.011275,-0.498587
1640841549197929984,0.972936,0.177029,0.833838,0.867124,0.001605,-0.010994,-0.497968
1640841549198690048,0.973752,0.177526,0.834216,0.867189,0.001618,-0.010946,-0.497856
1640841549202829824,0.978195,0.180230,0.836275,0.867542,0.001705,-0.010701,-0.497246
1640841549203290112,0.978689,0.180531,0.836504,0.867581,0.001716,-0.010674,-0.497178
1640841549207969792,0.983706,0.183588,0.838836,0.867974,0.001838,-0.010388,-0.496497
1640841549208719872,0.984510,0.184078,0.839210,0.868036,0.001860,-0.010337,-0.496390
1640841549212829952,0.988912,0.186762,0.841262,0.868368,0.001990,-0.010023,-0.495816
1640841549213250048,0.989362,0.187036,0.841471,0.868401,0.002004,-0.009989,-0.495758
1640841549217839872,0.994274,0.190033,0.843765,0.868767,0.002169,-0.009603,-0.495123
1640841549219480064,0.996028,0.191103,0.844585,0.868900,0.002233,-0.009467,-0.494892
1640841549222779904,0.999556,0.193257,0.846237,0.869171,0.002361,-0.009203,-0.494420
1640841549223130112,0.999930,0.193486,0.846412,0.869200,0.002374,-0.009175,-0.494369
1640841549228339968,1.005495,0.196885,0.849022,0.869635,0.002542,-0.008753,-0.493610
1640841549229229824,1.006445,0.197466,0.849468,0.869710,0.002563,-0.008677,-0.493480
1640841549232859904,1.010319,0.199834,0.851289,0.870012,0.002617,-0.008351,-0.492952
1640841549233280000,1.010767,0.200108,0.851499,0.870047,0.002621,-0.008312,-0.492891
1640841549238689792,1.016536,0.203636,0.854215,0.870495,0.002658,-0.007770,-0.492109
1640841549239399936,1.017292,0.204099,0.854571,0.870553,0.002664,-0.007694,-0.492007
1640841549242990080,1.021117,0.206439,0.856375,0.870849,0.002707,-0.007299,-0.491489
1640841549243779840,1.021959,0.206954,0.856772,0.870914,0.002719,-0.007210,-0.491375
1640841549248019968,1.026472,0.209717,0.858903,0.871264,0.002796,-0.006727,-0.490761
1640841549248709888,1.027207,0.210167,0.859250,0.871321,0.002810,-0.006649,-0.490661
1640841549253239808,1.032026,0.213118,0.861528,0.871697,0.002914,-0.006145,-0.489998
1640841549254200064,1.033046,0.213743,0.862011,0.871776,0.002939,-0.006042,-0.489858
1640841549257890048,1.036969,0.216146,0.863867,0.872078,0.003048,-0.005657,-0.489325
1640841549258790144,1.037925,0.216732,0.864320,0.872150,0.003078,-0.005567,-0.489197
1640841549262830080,1.042217,0.219362,0.866353,0.872468,0.003226,-0.005178,-0.488633
1640841549263500032,1.042929,0.219798,0.866690,0.872520,0.003252,-0.005113,-0.488541
1640841549267920128,1.047621,0.222674,0.868914,0.872865,0.003418,-0.004657,-0.487928
1640841549268559872,1.048300,0.223090,0.869236,0.872915,0.003440,-0.004584,-0.487838
1640841549273099776,1.053117,0.226043,0.871521,0.873280,0.003581,-0.004008,-0.487190
1640841549274370048,1.054464,0.226869,0.872160,0.873383,0.003620,-0.003836,-0.487006
1640841549277809920,1.058112,0.229105,0.873890,0.873662,0.003738,-0.003375,-0.486508
1640841549278479872,1.058822,0.229541,0.874227,0.873716,0.003764,-0.003288,-0.486412
1640841549282860032,1.063465,0.232388,0.876430,0.874062,0.003986,-0.002779,-0.485790
1640841549283259904,1.063889,0.232647,0.876631,0.874093,0.004010,-0.002738,-0.485734
1640841549288369920,1.069303,0.235967,0.879200,0.874487,0.004302,-0.002226,-0.485024
1640841549289120000,1.070097,0.236454,0.879577,0.874545,0.004334,-0.002146,-0.484919
1640841549294779904,1.076091,0.240128,0.882420,0.874993,0.004454,-0.001445,-0.484112
1640841549295159808,1.076493,0.240375,0.882611,0.875024,0.004457,-0.001393,-0.484057
1640841549297929984,1.079425,0.242172,0.884001,0.875250,0.004476,-0.000998,-0.483649
1640841549298699776,1.080240,0.242672,0.884388,0.875314,0.004483,-0.000884,-0.483534
1640841549302990080,1.084781,0.245455,0.886539,0.875673,0.004537,-0.000230,-0.482883
1640841549307169792,1.089203,0.248165,0.888634,0.876025,0.004592,0.000428,-0.482243
1640841549309110016,1.091256,0.249422,0.889605,0.876188,0.004606,0.000737,-0.481947
1640841549310429696,1.092652,0.250277,0.890266,0.876297,0.004608,0.000948,-0.481748
1640841549312769792,1.095128,0.251794,0.891437,0.876489,0.004598,0.001318,-0.481398
1640841549313199872,1.095583,0.252072,0.891652,0.876524,0.004595,0.001386,-0.481334
1640841549317939968,1.100596,0.255142,0.894021,0.876904,0.004581,0.002110,-0.480640
1640841549318859776,1.101569,0.255738,0.894480,0.876976,0.004588,0.002244,-0.480507
1640841549323649792,1.106635,0.258838,0.896870,0.877350,0.004693,0.002906,-0.479819
1640841549324909824,1.107968,0.259653,0.897498,0.877448,0.004734,0.003071,-0.479639
1640841549327800064,1.111024,0.261522,0.898937,0.877671,0.004836,0.003439,-0.479228
1640841549328389888,1.111648,0.261904,0.899231,0.877716,0.004858,0.003513,-0.479143
1640841549332890112,1.116407,0.264813,0.901469,0.878063,0.005012,0.004067,-0.478502
1640841549333349888,1.116894,0.265110,0.901697,0.878098,0.005026,0.004123,-0.478436
1640841549341879808,1.125915,0.270620,0.905927,0.878747,0.005242,0.005248,-0.477231
1640841549342579968,1.126656,0.271071,0.906273,0.878799,0.005254,0.005349,-0.477133
1640841549342889984,1.126984,0.271272,0.906427,0.878822,0.005259,0.005394,-0.477090
1640841549343239936,1.127354,0.271498,0.906600,0.878848,0.005265,0.005445,-0.477041
1640841549347839744,1.132220,0.274465,0.908873,0.879194,0.005307,0.006123,-0.476395
1640841549348320000,1.132728,0.274775,0.909110,0.879230,0.005308,0.006193,-0.476328
1640841549352880128,1.137553,0.277715,0.911358,0.879579,0.005286,0.006836,-0.475674
1640841549353639936,1.138357,0.278205,0.911732,0.879638,0.005276,0.006941,-0.475563
1640841549358649856,1.143659,0.281432,0.914194,0.880030,0.005181,0.007662,-0.474828
1640841549359439872,1.144495,0.281941,0.914582,0.880092,0.005162,0.007784,-0.474711
1640841549362850048,1.148105,0.284136,0.916253,0.880360,0.005068,0.008347,-0.474205
1640841549363270144,1.148550,0.284406,0.916459,0.880393,0.005055,0.008420,-0.474143
1640841549367889920,1.153442,0.287378,0.918718,0.880757,0.004897,0.009231,-0.473453
1640841549369159936,1.154787,0.288194,0.919338,0.880857,0.004848,0.009449,-0.473263
1640841549373949952,1.159861,0.291272,0.921671,0.881235,0.004651,0.010232,-0.472545
1640841549375729920,1.161747,0.292415,0.922537,0.881375,0.004580,0.010509,-0.472278
1640841549377929984,1.164079,0.293827,0.923605,0.881547,0.004500,0.010843,-0.471950
1640841549378659840,1.164852,0.294296,0.923959,0.881604,0.004476,0.010953,-0.471841
1640841549382839808,1.169284,0.296977,0.925983,0.881927,0.004363,0.011571,-0.471223
1640841549383329792,1.169803,0.297291,0.926220,0.881965,0.004351,0.011643,-0.471151
1640841549388379904,1.175159,0.300528,0.928656,0.882354,0.004238,0.012400,-0.470405
1640841549389819904,1.176687,0.301450,0.929349,0.882465,0.004201,0.012625,-0.470190
1640841549392979968,1.180040,0.303473,0.930868,0.882712,0.004101,0.013138,-0.469714
1640841549393609984,1.180709,0.303876,0.931170,0.882761,0.004077,0.013244,-0.469618
1640841549397899776,1.185264,0.306619,0.933225,0.883101,0.003881,0.013996,-0.468957
1640841549398550016,1.185954,0.307035,0.933536,0.883153,0.003851,0.014107,-0.468858
1640841549403299840,1.191000,0.310069,0.935802,0.883516,0.003681,0.014841,-0.468151
1640841549404790016,1.192583,0.311020,0.936511,0.883628,0.003640,0.015051,-0.467934
1640841549407960064,1.195953,0.313043,0.938016,0.883866,0.003552,0.015488,-0.467471
1640841549408900096,1.196952,0.313643,0.938462,0.883937,0.003524,0.015619,-0.467332
1640841549412849920,1.201153,0.316160,0.940330,0.884242,0.003385,0.016191,-0.466736
1640841549413440000,1.201781,0.316536,0.940609,0.884288,0.003362,0.016280,-0.466645
1640841549418040064,1.206677,0.319465,0.942776,0.884656,0.003171,0.016986,-0.465924
1640841549418919936,1.207614,0.320025,0.943189,0.884727,0.003133,0.017124,-0.465784
1640841549422880000,1.211831,0.322542,0.945046,0.885053,0.002963,0.017752,-0.465143
1640841549423409920,1.212396,0.322879,0.945293,0.885096,0.002939,0.017837,-0.465056
1640841549427919872,1.217202,0.325743,0.947398,0.885466,0.002718,0.018548,-0.464326
1640841549428560128,1.217885,0.326150,0.947696,0.885518,0.002682,0.018647,-0.464223
1640841549434929920,1.224680,0.330188,0.950651,0.886019,0.002274,0.019604,-0.463229
1640841549435479808,1.225267,0.330537,0.950906,0.886062,0.002237,0.019685,-0.463144
1640841549438599936,1.228598,0.332512,0.952345,0.886305,0.002049,0.020145,-0.462659
1640841549439659776,1.229730,0.333183,0.952833,0.886389,0.001994,0.020302,-0.462492
1640841549443059968,1.233363,0.335333,0.954395,0.886661,0.001859,0.020811,-0.461947
1640841549443689728,1.234036,0.335731,0.954684,0.886712,0.001839,0.020904,-0.461845
1640841549447949824,1.238591,0.338422,0.956631,0.887057,0.001721,0.021515,-0.461155
1640841549448829952,1.239533,0.338978,0.957032,0.887128,0.001697,0.021634,-0.461013
1640841549452859904,1.243846,0.341519,0.958864,0.887448,0.001583,0.022145,-0.460373
1640841549453339904,1.244359,0.341822,0.959081,0.887485,0.001568,0.022204,-0.460298
1640841549457849856,1.249191,0.344662,0.961120,0.887835,0.001424,0.022767,-0.459596
1640841549458479872,1.249866,0.345059,0.961404,0.887883,0.001402,0.022850,-0.459498
1640841549462800128,1.254498,0.347776,0.963346,0.888213,0.001248,0.023459,-0.458831
1640841549463150080,1.254873,0.347996,0.963503,0.888240,0.001235,0.023510,-0.458777
1640841549468979712,1.261131,0.351656,0.966105,0.888691,0.000992,0.024380,-0.457856
1640841549469479936,1.261668,0.351969,0.966327,0.888731,0.000969,0.024453,-0.457775
1640841549472849920,1.265289,0.354082,0.967822,0.889006,0.000802,0.024918,-0.457217
1640841549473459968,1.265945,0.354464,0.968092,0.889056,0.000771,0.024999,-0.457114
1640841549478089728,1.270925,0.357362,0.970134,0.889441,0.000536,0.025579,-0.456333
1640841549479019776,1.271926,0.357943,0.970542,0.889518,0.000492,0.025691,-0.456177
1640841549482880000,1.276082,0.360355,0.972232,0.889827,0.000332,0.026146,-0.455548
1640841549483660032,1.276923,0.360843,0.972573,0.889888,0.000305,0.026237,-0.455424
1640841549488240128,1.281861,0.363700,0.974565,0.890237,0.000183,0.026769,-0.454710
1640841549489239808,1.282939,0.364323,0.974998,0.890312,0.000165,0.026885,-0.454557
1640841549492780032,1.286760,0.366528,0.976527,0.890575,0.000124,0.027302,-0.454016
1640841549493129984,1.287138,0.366745,0.976677,0.890601,0.000121,0.027344,-0.453963
1640841549499399936,1.293914,0.370643,0.979364,0.891072,0.000056,0.028093,-0.452991
1640841549500269824,1.294855,0.371183,0.979735,0.891139,0.000039,0.028197,-0.452853
1640841549502879744,1.297680,0.372803,0.980845,0.891344,-0.000026,0.028510,-0.452431
1640841549506109952,1.301178,0.374805,0.982213,0.891599,-0.000125,0.028888,-0.451904
1640841549508829952,1.304125,0.376489,0.983359,0.891810,-0.000206,0.029193,-0.451467
1640841549509369856,1.304711,0.376823,0.983586,0.891851,-0.000221,0.029251,-0.451381
1640841549512899840,1.308540,0.379006,0.985065,0.892115,-0.000298,0.029617,-0.450837
1640841549513589760,1.309289,0.379433,0.985353,0.892166,-0.000310,0.029687,-0.450732
1640841549518050048,1.314134,0.382186,0.987208,0.892492,-0.000377,0.030153,-0.450055
1640841549518919936,1.315079,0.382723,0.987568,0.892556,-0.000390,0.030250,-0.449921
1640841549522889728,1.319397,0.385169,0.989205,0.892856,-0.000457,0.030724,-0.449293
1640841549523779840,1.320366,0.385717,0.989571,0.892924,-0.000475,0.030834,-0.449149
1640841549527829760,1.324777,0.388208,0.991227,0.893241,-0.000582,0.031322,-0.448486
1640841549528440064,1.325442,0.388583,0.991476,0.893289,-0.000602,0.031392,-0.448385
1640841549532919808,1.330328,0.391334,0.993293,0.893645,-0.000780,0.031855,-0.447643
1640841549534159872,1.331681,0.392094,0.993793,0.893743,-0.000833,0.031974,-0.447438
1640841549538429952,1.336346,0.394710,0.995509,0.894078,-0.000990,0.032376,-0.446738
1640841549539849984,1.337899,0.395579,0.996076,0.894188,-0.001028,0.032513,-0.446508
1640841549543040000,1.341389,0.397530,0.997345,0.894431,-0.001084,0.032831,-0.445998
1640841549545090048,1.343634,0.398782,0.998157,0.894586,-0.001108,0.033040,-0.445672
1640841549548079872,1.346910,0.400607,0.999336,0.894812,-0.001144,0.033349,-0.445195
1640841549549019904,1.347941,0.401180,0.999705,0.894883,-0.001158,0.033446,-0.445044
1640841549552889856,1.352187,0.403537,1.001218,0.895180,-0.001227,0.033840,-0.444418
1640841549553439744,1.352791,0.403872,1.001432,0.895222,-0.001237,0.033894,-0.444328
1640841549557859840,1.357649,0.406559,1.003145,0.895562,-0.001305,0.034305,-0.443611
1640841549558480128,1.358331,0.406936,1.003384,0.895609,-0.001311,0.034358,-0.443511
1640841549562840064,1.363129,0.409582,1.005056,0.895941,-0.001315,0.034691,-0.442814
1640841549563309824,1.363647,0.409867,1.005236,0.895977,-0.001312,0.034724,-0.442739
1640841549569089792,1.370020,0.413366,1.007428,0.896411,-0.001252,0.035107,-0.441830
1640841549569540096,1.370517,0.413638,1.007598,0.896444,-0.001247,0.035137,-0.441759
1640841549573410048,1.374792,0.415976,1.009050,0.896731,-0.001203,0.035403,-0.441155
1640841549574630144,1.376141,0.416712,1.009506,0.896822,-0.001191,0.035489,-0.440965
1640841549578029824,1.379902,0.418762,1.010768,0.897074,-0.001162,0.035726,-0.440433
1640841549580119808,1.382217,0.420021,1.011540,0.897229,-0.001150,0.035868,-0.440104
1640841549582779904,1.385165,0.421621,1.012517,0.897428,-0.001140,0.036045,-0.439684
1640841549583149824,1.385576,0.421843,1.012653,0.897456,-0.001140,0.036069,-0.439625
1640841549587960064,1.390915,0.424732,1.014404,0.897821,-0.001136,0.036379,-0.438854
1640841549588620032,1.391648,0.425128,1.014642,0.897871,-0.001136,0.036421,-0.438747
1640841549592909824,1.396418,0.427699,1.016186,0.898202,-0.001143,0.036696,-0.438048
1640841549593720064,1.397320,0.428184,1.016476,0.898264,-0.001146,0.036748,-0.437915
1640841549597849856,1.401921,0.430653,1.017945,0.898583,-0.001179,0.037023,-0.437238
1640841549598409984,1.402545,0.430987,1.018143,0.898626,-0.001186,0.037061,-0.437146
1640841549602860032,1.407512,0.433643,1.019707,0.898963,-0.001275,0.037380,-0.436424
1640841549603449856,1.408171,0.433994,1.019914,0.899008,-0.001290,0.037424,-0.436329
1640841549609239808,1.414647,0.437440,1.021922,0.899444,-0.001432,0.037858,-0.435392
1640841549610400000,1.415946,0.438129,1.022321,0.899532,-0.001451,0.037943,-0.435202
1640841549613060096,1.418927,0.439709,1.023231,0.899736,-0.001481,0.038134,-0.434762
1640841549613720064,1.419667,0.440100,1.023456,0.899787,-0.001485,0.038181,-0.434653
1640841549617799936,1.424247,0.442518,1.024838,0.900099,-0.001491,0.038464,-0.433981
1640841549618340096,1.424854,0.442838,1.025020,0.900140,-0.001489,0.038501,-0.433893
1640841549622899968,1.429982,0.445534,1.026545,0.900477,-0.001465,0.038806,-0.433165
1640841549623950080,1.431164,0.446154,1.026894,0.900553,-0.001456,0.038874,-0.433002
1640841549628049920,1.435784,0.448572,1.028246,0.900844,-0.001406,0.039125,-0.432373
1640841549628880128,1.436721,0.449061,1.028519,0.900903,-0.001392,0.039172,-0.432248
1640841549632879872,1.441238,0.451415,1.029821,0.901182,-0.001306,0.039372,-0.431647
1640841549633280000,1.441690,0.451650,1.029950,0.901210,-0.001296,0.039390,-0.431587
1640841549637899776,1.446916,0.454363,1.031434,0.901534,-0.001172,0.039579,-0.430892
1640841549638729728,1.447856,0.454850,1.031699,0.901593,-0.001152,0.039613,-0.430765
1640841549643729920,1.453526,0.457777,1.033280,0.901958,-0.001081,0.039850,-0.429981
1640841549645459968,1.455490,0.458789,1.033822,0.902085,-0.001069,0.039943,-0.429704
1640841549647899904,1.458263,0.460214,1.034581,0.902265,-0.001056,0.040078,-0.429315
1640841549648720128,1.459196,0.460692,1.034835,0.902324,-0.001050,0.040124,-0.429185
1640841549652819968,1.463864,0.463082,1.036096,0.902618,-0.001010,0.040350,-0.428547
1640841549653260032,1.464365,0.463338,1.036230,0.902649,-0.001005,0.040374,-0.428479
1640841549657929984,1.469692,0.466053,1.037645,0.902976,-0.000948,0.040626,-0.427766
1640841549658999808,1.470914,0.466674,1.037966,0.903050,-0.000937,0.040683,-0.427603
1640841549662839808,1.475304,0.468901,1.039110,0.903319,-0.000907,0.040889,-0.427014
1640841549663360000,1.475899,0.469202,1.039264,0.903356,-0.000905,0.040917,-0.426934
1640841549667859968,1.481054,0.471805,1.040584,0.903675,-0.000895,0.041196,-0.426232
1640841549668439808,1.481719,0.472140,1.040753,0.903717,-0.000896,0.041237,-0.426140
1640841549673299968,1.487299,0.474943,1.042155,0.904066,-0.000908,0.041636,-0.425359
1640841549674149888,1.488276,0.475433,1.042397,0.904127,-0.000908,0.041709,-0.425221
1640841549678299904,1.493051,0.477820,1.043572,0.904424,-0.000877,0.042034,-0.424559
1640841549679319808,1.494226,0.478406,1.043859,0.904495,-0.000858,0.042098,-0.424400
1640841549686339840,1.502327,0.482429,1.045801,0.904978,-0.000615,0.042376,-0.423343
1640841549686880000,1.502951,0.482738,1.045948,0.905015,-0.000594,0.042394,-0.423262
1640841549687830016,1.504049,0.483281,1.046207,0.905079,-0.000556,0.042427,-0.423121
1640841549690969856,1.507683,0.485074,1.047055,0.905294,-0.000447,0.042559,-0.422647
1640841549693309952,1.510394,0.486409,1.047680,0.905456,-0.000384,0.042689,-0.422288
1640841549693850112,1.511020,0.486716,1.047824,0.905493,-0.000370,0.042722,-0.422204
1640841549697919744,1.515742,0.489032,1.048896,0.905777,-0.000274,0.042984,-0.421570
1640841549698819840,1.516788,0.489543,1.049131,0.905839,-0.000251,0.043042,-0.421429
1640841549702819840,1.521439,0.491812,1.050165,0.906118,-0.000126,0.043276,-0.420806
1640841549703439872,1.522161,0.492164,1.050324,0.906161,-0.000104,0.043310,-0.420709
1640841549708070144,1.527556,0.494783,1.051497,0.906481,0.000063,0.043542,-0.419996
1640841549711409920,1.531454,0.496668,1.052329,0.906708,0.000173,0.043701,-0.419488
1640841549712819712,1.533101,0.497463,1.052677,0.906804,0.000215,0.043769,-0.419274
1640841549714370048,1.534913,0.498336,1.053057,0.906909,0.000257,0.043846,-0.419038
1640841549717949952,1.539103,0.500348,1.053925,0.907154,0.000339,0.044038,-0.418487
1640841549719209984,1.540579,0.501055,1.054228,0.907242,0.000362,0.044112,-0.418290
1640841549723239936,1.545306,0.503314,1.055183,0.907525,0.000426,0.044372,-0.417648
1640841549725809920,1.548324,0.504751,1.055783,0.907705,0.000469,0.044547,-0.417238
1640841549727949824,1.550840,0.505947,1.056278,0.907852,0.000515,0.044691,-0.416901
1640841549728770048,1.551805,0.506404,1.056466,0.907908,0.000537,0.044745,-0.416774
1640841549732859904,1.556620,0.508682,1.057394,0.908179,0.000675,0.045000,-0.416155
1640841549733359872,1.557210,0.508961,1.057506,0.908212,0.000695,0.045030,-0.416080
1640841549738050048,1.562744,0.511565,1.058544,0.908518,0.000892,0.045295,-0.415383
1640841549739019776,1.563889,0.512103,1.058756,0.908582,0.000934,0.045348,-0.415238
1640841549742909952,1.568489,0.514255,1.059595,0.908842,0.001093,0.045552,-0.414645
1640841549743779840,1.569519,0.514736,1.059780,0.908901,0.001128,0.045596,-0.414511
1640841549748160000,1.574709,0.517152,1.060701,0.909196,0.001299,0.045810,-0.413839
1640841549748790016,1.575456,0.517499,1.060832,0.909238,0.001324,0.045840,-0.413743
1640841549752829952,1.580253,0.519720,1.061659,0.909504,0.001485,0.046025,-0.413137
1640841549753749760,1.581346,0.520224,1.061845,0.909564,0.001522,0.046067,-0.412999
1640841549758339840,1.586807,0.522739,1.062758,0.909867,0.001701,0.046284,-0.412307
1640841549759449856,1.588129,0.523345,1.062975,0.909942,0.001743,0.046340,-0.412135
1640841549762959872,1.592313,0.525261,1.063652,0.910185,0.001869,0.046526,-0.411576
1640841549763660032,1.593149,0.525642,1.063786,0.910235,0.001896,0.046563,-0.411462
1640841549768100096,1.598452,0.528058,1.064620,0.910547,0.002096,0.046769,-0.410746
1640841549768780032,1.599265,0.528427,1.064745,0.910594,0.002134,0.046793,-0.410639
1640841549772869888,1.604159,0.530643,1.065490,0.910870,0.002425,0.046884,-0.410015
1640841549773629952,1.605070,0.531055,1.065626,0.910920,0.002487,0.046893,-0.409902
1640841549778479872,1.610886,0.533673,1.066480,0.911237,0.002893,0.046944,-0.409188
1640841549779660032,1.612303,0.534309,1.066684,0.911315,0.002983,0.046966,-0.409011
1640841549782860032,1.616148,0.536029,1.067228,0.911529,0.003210,0.047047,-0.408522
1640841549783399936,1.616797,0.536319,1.067319,0.911566,0.003247,0.047064,-0.408439
1640841549787849984,1.622153,0.538704,1.068053,0.911867,0.003555,0.047223,-0.407745
1640841549788440064,1.622864,0.539020,1.068148,0.911907,0.003598,0.047246,-0.407653
1640841549792950016,1.628303,0.541428,1.068865,0.912211,0.003969,0.047425,-0.406948
1640841549793819904,1.629353,0.541891,1.069001,0.912269,0.004047,0.047460,-0.406813
1640841549797799936,1.634162,0.544007,1.069610,0.912533,0.004412,0.047612,-0.406199
1640841549798379776,1.634863,0.544315,1.069697,0.912571,0.004465,0.047633,-0.406110
1640841549803109888,1.640589,0.546820,1.070393,0.912878,0.004868,0.047791,-0.405397
1640841549803879936,1.641522,0.547227,1.070504,0.912927,0.004931,0.047814,-0.405282
1640841549807950080,1.646458,0.549373,1.071078,0.913187,0.005275,0.047922,-0.404680
1640841549808770048,1.647453,0.549805,1.071191,0.913239,0.005351,0.047941,-0.404559
1640841549812960000,1.652544,0.552006,1.071758,0.913506,0.005783,0.048029,-0.403939
1640841549813740032,1.653493,0.552414,1.071861,0.913556,0.005869,0.048045,-0.403823
1640841549818199808,1.658921,0.554747,1.072436,0.913846,0.006357,0.048141,-0.403147
1640841549819200000,1.660140,0.555269,1.072562,0.913912,0.006462,0.048166,-0.402992
1640841549822840064,1.664579,0.557164,1.073009,0.914159,0.006811,0.048273,-0.402415
1640841549823909888,1.665884,0.557720,1.073138,0.914232,0.006905,0.048307,-0.402242
1640841549827800064,1.670636,0.559737,1.073594,0.914498,0.007240,0.048428,-0.401617
1640841549828359936,1.671320,0.560027,1.073658,0.914535,0.007289,0.048444,-0.401528
1640841549832919808,1.676900,0.562381,1.074165,0.914835,0.007710,0.048545,-0.400826
1640841549833849856,1.678039,0.562860,1.074266,0.914895,0.007802,0.048561,-0.400685
1640841549837920000,1.683027,0.564952,1.074693,0.915158,0.008218,0.048624,-0.400069
1640841549838759936,1.684058,0.565382,1.074778,0.915213,0.008307,0.048636,-0.399939
1640841549843340032,1.689681,0.567725,1.075230,0.915521,0.008809,0.048713,-0.399213
1640841549844529920,1.691144,0.568332,1.075343,0.915602,0.008942,0.048735,-0.399020
1640841549847929856,1.695326,0.570063,1.075657,0.915837,0.009325,0.048798,-0.398465
1640841549848579840,1.696126,0.570393,1.075715,0.915881,0.009398,0.048810,-0.398360
1640841549852800000,1.701324,0.572532,1.076082,0.916166,0.009871,0.048880,-0.397685
1640841549853199872,1.701817,0.572735,1.076115,0.916192,0.009916,0.048885,-0.397622
1640841549857929984,1.707652,0.575121,1.076498,0.916504,0.010470,0.048929,-0.396883
1640841549858680064,1.708578,0.575499,1.076556,0.916554,0.010562,0.048931,-0.396767
1640841549862939904,1.713842,0.577637,1.076872,0.916834,0.011119,0.048912,-0.396105
1640841549863799808,1.714905,0.578068,1.076934,0.916891,0.011238,0.048902,-0.395971
1640841549867929856,1.720017,0.580130,1.077215,0.917166,0.011820,0.048835,-0.395326
1640841549868529920,1.720760,0.580429,1.077254,0.917206,0.011905,0.048823,-0.395232
1640841549872929792,1.726213,0.582616,1.077527,0.917502,0.012520,0.048728,-0.394537
1640841549873600000,1.727045,0.582949,1.077567,0.917547,0.012612,0.048712,-0.394431
1640841549879000064,1.733749,0.585617,1.077864,0.917916,0.013331,0.048594,-0.393561
1640841549879789824,1.734730,0.586006,1.077905,0.917971,0.013432,0.048579,-0.393432
1640841549882979840,1.738696,0.587575,1.078061,0.918193,0.013830,0.048520,-0.392908
1640841549885280000,1.741558,0.588702,1.078165,0.918353,0.014112,0.048478,-0.392528
1640841549887749888,1.744634,0.589910,1.078270,0.918524,0.014415,0.048427,-0.392122
1640841549888710144,1.745830,0.590379,1.078308,0.918591,0.014533,0.048405,-0.391966
1640841549892879872,1.751028,0.592408,1.078463,0.918876,0.015060,0.048288,-0.391292
1640841549893799936,1.752176,0.592855,1.078494,0.918938,0.015178,0.048261,-0.391144
1640841549897949952,1.757356,0.594863,1.078621,0.919221,0.015710,0.048153,-0.390469
1640841549899610112,1.759430,0.595664,1.078666,0.919336,0.015921,0.048123,-0.390194
1640841549903089920,1.763781,0.597339,1.078749,0.919581,0.016358,0.048089,-0.389604
1640841549903790080,1.764656,0.597675,1.078764,0.919630,0.016447,0.048084,-0.389484
1640841549907810048,1.769687,0.599599,1.078837,0.919914,0.016981,0.048023,-0.388797
1640841549908589824,1.770664,0.599971,1.078849,0.919969,0.017092,0.047999,-0.388666
1640841549914629888,1.778234,0.602843,1.078914,0.920385,0.018035,0.047672,-0.387678
1640841549916039936,1.780003,0.603511,1.078923,0.920480,0.018268,0.047576,-0.387452
1640841549917899776,1.782337,0.604390,1.078931,0.920606,0.018576,0.047448,-0.387153
1640841549918799872,1.783467,0.604815,1.078933,0.920667,0.018724,0.047388,-0.387008
1640841549922799872,1.788491,0.606696,1.078930,0.920939,0.019366,0.047160,-0.386358
1640841549923179776,1.788969,0.606875,1.078929,0.920965,0.019425,0.047141,-0.386295
1640841549927990016,1.795017,0.609125,1.078897,0.921292,0.020177,0.046927,-0.385501
1640841549928819968,1.796062,0.609512,1.078888,0.921348,0.020309,0.046890,-0.385365
1640841549933289984,1.801689,0.611589,1.078827,0.921648,0.021059,0.046651,-0.384636
1640841549933779968,1.802306,0.611816,1.078819,0.921681,0.021146,0.046621,-0.384557
1640841549937870080,1.807460,0.613705,1.078739,0.921953,0.021864,0.046350,-0.383896
1640841549938850048,1.808696,0.614156,1.078716,0.922019,0.022031,0.046285,-0.383736
1640841549944019968,1.815218,0.616528,1.078578,0.922372,0.022847,0.045966,-0.382877
1640841549945189888,1.816695,0.617063,1.078542,0.922453,0.023022,0.045896,-0.382681
1640841549947909888,1.820130,0.618302,1.078452,0.922639,0.023425,0.045731,-0.382227
1640841549948679936,1.821102,0.618652,1.078425,0.922691,0.023540,0.045682,-0.382100
1640841549952809728,1.826321,0.620525,1.078266,0.922966,0.024170,0.045405,-0.381429
1640841549953389824,1.827055,0.620787,1.078242,0.923004,0.024260,0.045364,-0.381336
1640841549957919744,1.832784,0.622827,1.078039,0.923304,0.024975,0.045042,-0.380601
1640841549958619904,1.833670,0.623141,1.078005,0.923351,0.025085,0.044993,-0.380486
1640841549962929920,1.839126,0.625070,1.077785,0.923648,0.025764,0.044702,-0.379753
1640841549963680000,1.840075,0.625404,1.077744,0.923700,0.025882,0.044652,-0.379623
1640841549968039936,1.845598,0.627342,1.077493,0.924003,0.026564,0.044370,-0.378873
1640841549968679936,1.846409,0.627625,1.077454,0.924046,0.026664,0.044328,-0.378764
1640841549973270016,1.852227,0.629650,1.077160,0.924348,0.027383,0.044020,-0.378012
1640841549973819904,1.852925,0.629892,1.077123,0.924383,0.027470,0.043981,-0.377925
1640841549977799936,1.857973,0.631637,1.076844,0.924637,0.028103,0.043682,-0.377291
1640841549979179776,1.859724,0.632239,1.076743,0.924726,0.028326,0.043568,-0.377070
1640841549983389952,1.865067,0.634071,1.076418,0.925003,0.029021,0.043182,-0.376380
1640841549984000000,1.865841,0.634335,1.076370,0.925044,0.029123,0.043122,-0.376279
1640841549988160000,1.871123,0.636132,1.076024,0.925322,0.029832,0.042692,-0.375588
1640841549988719872,1.871835,0.636374,1.075976,0.925360,0.029928,0.042632,-0.375495
1640841549993149952,1.877462,0.638274,1.075581,0.925650,0.030700,0.042144,-0.374772
1640841549994200064,1.878796,0.638723,1.075484,0.925718,0.030884,0.042025,-0.374602
1640841549997929728,1.883536,0.640311,1.075127,0.925959,0.031535,0.041598,-0.373999
1640841549998599936,1.884388,0.640595,1.075061,0.926002,0.031651,0.041520,-0.373890
1640841550002849792,1.889790,0.642393,1.074630,0.926281,0.032376,0.041017,-0.373194
1640841550003480064,1.890591,0.642658,1.074564,0.926322,0.032482,0.040940,-0.373090
1640841550007840000,1.896134,0.644488,1.074095,0.926611,0.033193,0.040391,-0.372368
1640841550008369920,1.896808,0.644710,1.074036,0.926647,0.033277,0.040321,-0.372280
1640841550012869888,1.902531,0.646584,1.073524,0.926949,0.033965,0.039709,-0.371530
1640841550013239808,1.903001,0.646738,1.073481,0.926974,0.034021,0.039658,-0.371469
1640841550018050048,1.909119,0.648726,1.072904,0.927299,0.034728,0.038997,-0.370661
1640841550018699776,1.909945,0.648993,1.072823,0.927343,0.034823,0.038910,-0.370551
1640841550023209728,1.915681,0.650842,1.072252,0.927647,0.035482,0.038329,-0.369787
1640841550023889920,1.916547,0.651119,1.072164,0.927692,0.035582,0.038245,-0.369673
1640841550027859968,1.921596,0.652734,1.071636,0.927953,0.036164,0.037759,-0.369011
1640841550029110016,1.923185,0.653240,1.071466,0.928034,0.036348,0.037608,-0.368806
1640841550032780032,1.927852,0.654720,1.070956,0.928264,0.036889,0.037163,-0.368217
1640841550033200128,1.928387,0.654888,1.070896,0.928290,0.036951,0.037112,-0.368150
1640841550037789696,1.934223,0.656725,1.070232,0.928575,0.037626,0.036533,-0.367420
1640841550038489856,1.935112,0.657004,1.070128,0.928619,0.037728,0.036441,-0.367308
1640841550042949888,1.940782,0.658774,1.069454,0.928903,0.038379,0.035828,-0.366583
1640841550044000000,1.942116,0.659188,1.069292,0.928970,0.038531,0.035678,-0.366410
1640841550047840000,1.946996,0.660698,1.068687,0.929216,0.039086,0.035120,-0.365783
1640841550048709888,1.948101,0.661039,1.068547,0.929271,0.039211,0.034992,-0.365642
1640841550052859904,1.953373,0.662657,1.067868,0.929528,0.039808,0.034383,-0.364979
1640841550053349888,1.953995,0.662847,1.067786,0.929558,0.039879,0.034310,-0.364902
1640841550058429952,1.960444,0.664809,1.066923,0.929869,0.040624,0.033540,-0.364100
1640841550060019968,1.962462,0.665420,1.066647,0.929967,0.040865,0.033287,-0.363846
1640841550063330048,1.966661,0.666685,1.066061,0.930173,0.041375,0.032741,-0.363310
1640841550063939840,1.967434,0.666918,1.065952,0.930212,0.041470,0.032638,-0.363210
1640841550067770112,1.972291,0.668371,1.065254,0.930454,0.042051,0.031978,-0.362579
1640841550068219904,1.972861,0.668541,1.065171,0.930483,0.042117,0.031899,-0.362505
1640841550073040128,1.978968,0.670353,1.064266,0.930791,0.042782,0.031053,-0.361709
1640841550073609728,1.979690,0.670566,1.064157,0.930827,0.042857,0.030952,-0.361615
1640841550077920000,1.985147,0.672171,1.063320,0.931101,0.043416,0.030180,-0.360908
1640841550078809856,1.986273,0.672501,1.063144,0.931157,0.043534,0.030019,-0.360762
1640841550082989824,1.991559,0.674043,1.062307,0.931418,0.044109,0.029245,-0.360082
1640841550083680000,1.992432,0.674296,1.062167,0.931461,0.044206,0.029115,-0.359971
1640841550087810048,1.997650,0.675804,1.061315,0.931715,0.044800,0.028320,-0.359303
1640841550088529920,1.998559,0.676066,1.061164,0.931759,0.044904,0.028179,-0.359187
1640841550093230080,2.004491,0.677765,1.060166,0.932045,0.045590,0.027232,-0.358431
1640841550093849856,2.005273,0.677988,1.060032,0.932082,0.045681,0.027103,-0.358331
1640841550098330112,2.010920,0.679591,1.059052,0.932353,0.046343,0.026159,-0.357612
1640841550099729920,2.012684,0.680089,1.058741,0.932437,0.046554,0.025857,-0.357387
1640841550102769920,2.016510,0.681165,1.058057,0.932619,0.047023,0.025192,-0.356898
1640841550103169792,2.017014,0.681306,1.057966,0.932643,0.047085,0.025103,-0.356834
1640841550107929856,2.022999,0.682977,1.056871,0.932925,0.047855,0.024033,-0.356067
1640841550108809984,2.024104,0.683284,1.056666,0.932976,0.047999,0.023830,-0.355926
1640841550112869888,2.029201,0.684692,1.055706,0.933213,0.048652,0.022865,-0.355281
1640841550113359872,2.029816,0.684862,1.055589,0.933241,0.048729,0.022746,-0.355204
1640841550118089984,2.035745,0.686486,1.054443,0.933513,0.049463,0.021583,-0.354460
1640841550118989824,2.036872,0.686793,1.054222,0.933564,0.049601,0.021361,-0.354318
1640841550122880000,2.041740,0.688114,1.053256,0.933787,0.050188,0.020408,-0.353703
1640841550123409920,2.042402,0.688293,1.053123,0.933818,0.050266,0.020279,-0.353619
1640841550128009984,2.048148,0.689838,1.051954,0.934085,0.050917,0.019164,-0.352881
1640841550128929792,2.049296,0.690145,1.051717,0.934139,0.051040,0.018942,-0.352732
1640841550132819968,2.054146,0.691437,1.050705,0.934372,0.051522,0.018000,-0.352096
1640841550133600000,2.055118,0.691695,1.050500,0.934419,0.051613,0.017810,-0.351967
1640841550138819840,2.061612,0.693408,1.049109,0.934737,0.052198,0.016525,-0.351097
1640841550139510016,2.062470,0.693632,1.048923,0.934780,0.052273,0.016353,-0.350980
1640841550142919936,2.066704,0.694739,1.047994,0.934990,0.052649,0.015489,-0.350403
1640841550143599872,2.067547,0.694958,1.047807,0.935031,0.052725,0.015315,-0.350288
1640841550148689920,2.073853,0.696590,1.046392,0.935339,0.053312,0.014000,-0.349433
1640841550149720064,2.075127,0.696918,1.046102,0.935399,0.053436,0.013733,-0.349262
1640841550152940032,2.079107,0.697938,1.045187,0.935585,0.053841,0.012890,-0.348735
1640841550154259968,2.080736,0.698354,1.044808,0.935659,0.054014,0.012539,-0.348521
1640841550157789952,2.085089,0.699459,1.043786,0.935857,0.054492,0.011573,-0.347948
1640841550158299904,2.085717,0.699618,1.043637,0.935886,0.054563,0.011429,-0.347865
1640841550162839808,2.091302,0.701024,1.042298,0.936140,0.055216,0.010100,-0.347119
1640841550164239872,2.093022,0.701455,1.041881,0.936218,0.055424,0.009679,-0.346886
1640841550167939840,2.097561,0.702585,1.040766,0.936425,0.055984,0.008565,-0.346267
1640841550168519936,2.098271,0.702762,1.040590,0.936457,0.056073,0.008391,-0.346169
1640841550173049856,2.103814,0.704130,1.039201,0.936709,0.056773,0.007053,-0.345404
1640841550174069760,2.105060,0.704435,1.038885,0.936765,0.056931,0.006754,-0.345232
1640841550177809920,2.109622,0.705550,1.037716,0.936967,0.057506,0.005651,-0.344606
1640841550178350080,2.110280,0.705710,1.037546,0.936996,0.057588,0.005490,-0.344517
1640841550183349760,2.116361,0.707182,1.035955,0.937257,0.058331,0.003975,-0.343701
1640841550184470016,2.117721,0.707509,1.035595,0.937316,0.058493,0.003629,-0.343518
1640841550187959808,2.121951,0.708522,1.034463,0.937500,0.058988,0.002536,-0.342940
1640841550188989952,2.123198,0.708819,1.034127,0.937556,0.059131,0.002209,-0.342765
1640841550192819712,2.127827,0.709917,1.032864,0.937770,0.059650,0.000979,-0.342094
1640841550193239808,2.128333,0.710037,1.032725,0.937794,0.059706,0.000844,-0.342019
1640841550197919744,2.133971,0.711361,1.031158,0.938058,0.060309,-0.000665,-0.341187
1640841550198530048,2.134705,0.711533,1.030952,0.938092,0.060385,-0.000861,-0.341081
1640841550203279872,2.140406,0.712858,1.029333,0.938343,0.060958,-0.002362,-0.340281
1640841550204329984,2.141664,0.713149,1.028972,0.938397,0.061077,-0.002691,-0.340108
1640841550207929856,2.145968,0.714139,1.027724,0.938585,0.061460,-0.003820,-0.339509
1640841550208499968,2.146649,0.714295,1.027525,0.938616,0.061516,-0.004000,-0.339412
1640841550212809984,2.151785,0.715466,1.026009,0.938859,0.061901,-0.005377,-0.338650
1640841550213529856,2.152641,0.715660,1.025754,0.938901,0.061961,-0.005610,-0.338518
1640841550218119936,2.158088,0.716889,1.024113,0.939168,0.062358,-0.007116,-0.337674
1640841550219419904,2.159628,0.717234,1.023644,0.939242,0.062482,-0.007549,-0.337436
1640841550222889984,2.163728,0.718148,1.022384,0.939432,0.062850,-0.008714,-0.336811
1640841550223480064,2.164425,0.718303,1.022168,0.939463,0.062916,-0.008913,-0.336706
1640841550227799808,2.169510,0.719427,1.020577,0.939687,0.063421,-0.010370,-0.335945
1640841550228439808,2.170262,0.719592,1.020340,0.939719,0.063496,-0.010585,-0.335834
1640841550232800000,2.175374,0.720709,1.018711,0.939940,0.063989,-0.012035,-0.335073
1640841550233559808,2.176262,0.720903,1.018425,0.939978,0.064069,-0.012284,-0.334940
1640841550237910016,2.181339,0.722001,1.016775,0.940200,0.064514,-0.013725,-0.334177
1640841550238669824,2.182224,0.722191,1.016485,0.940238,0.064594,-0.013987,-0.334043
1640841550242869760,2.187102,0.723235,1.014869,0.940446,0.065081,-0.015523,-0.333293
1640841550243350016,2.187659,0.723353,1.014683,0.940470,0.065141,-0.015706,-0.333207
1640841550248750080,2.193899,0.724673,1.012576,0.940727,0.065836,-0.017797,-0.332237
1640841550249289984,2.194522,0.724804,1.012363,0.940752,0.065907,-0.018006,-0.332140
1640841550252989952,2.198777,0.725694,1.010899,0.940924,0.066388,-0.019422,-0.331477
1640841550253540096,2.199408,0.725825,1.010680,0.940950,0.066459,-0.019630,-0.331379
1640841550257809920,2.204296,0.726837,1.008969,0.941148,0.066984,-0.021244,-0.330610
1640841550258599936,2.205198,0.727023,1.008651,0.941185,0.067076,-0.021542,-0.330467
1640841550262859776,2.210048,0.728015,1.006922,0.941387,0.067539,-0.023154,-0.329687
1640841550263629824,2.210923,0.728193,1.006607,0.941423,0.067619,-0.023448,-0.329545
1640841550267819776,2.215669,0.729154,1.004884,0.941622,0.068049,-0.025067,-0.328769
1640841550268539904,2.216482,0.729317,1.004586,0.941656,0.068124,-0.025351,-0.328635
1640841550273629952,2.222213,0.730463,1.002465,0.941886,0.068697,-0.027413,-0.327689
1640841550274319872,2.222987,0.730616,1.002176,0.941916,0.068781,-0.027701,-0.327561
1640841550278240000,2.227375,0.731482,1.000521,0.942083,0.069267,-0.029351,-0.326835
1640841550279429888,2.228703,0.731743,1.000016,0.942133,0.069406,-0.029846,-0.326614
1640841550282889728,2.232553,0.732494,0.998538,0.942284,0.069767,-0.031251,-0.325970
1640841550284379904,2.234206,0.732815,0.997897,0.942350,0.069908,-0.031844,-0.325692
1640841550287819776,2.238012,0.733549,0.996411,0.942502,0.070212,-0.033198,-0.325052
1640841550288610048,2.238883,0.733716,0.996068,0.942536,0.070280,-0.033508,-0.324905
1640841550292790016,2.243481,0.734592,0.994242,0.942714,0.070648,-0.035157,-0.324135
1640841550293239808,2.243974,0.734685,0.994044,0.942732,0.070690,-0.035337,-0.324053
1640841550298299904,2.249504,0.735726,0.991808,0.942928,0.071210,-0.037409,-0.323136
1640841550299150080,2.250429,0.735899,0.991430,0.942959,0.071305,-0.037767,-0.322982
1640841550302830080,2.254423,0.736640,0.989784,0.943097,0.071725,-0.039351,-0.322297
1640841550303589888,2.255246,0.736792,0.989443,0.943126,0.071813,-0.039683,-0.322152
1640841550307940096,2.259937,0.737652,0.987477,0.943289,0.072322,-0.041605,-0.321316
1640841550308859904,2.260925,0.737832,0.987059,0.943323,0.072430,-0.042014,-0.321138
1640841550313069824,2.265432,0.738646,0.985135,0.943476,0.072927,-0.043880,-0.320327
1640841550314579968,2.267042,0.738935,0.984440,0.943529,0.073104,-0.044548,-0.320038
1640841550317849856,2.270516,0.739554,0.982929,0.943641,0.073486,-0.045996,-0.319414
1640841550319239936,2.271988,0.739814,0.982284,0.943688,0.073647,-0.046614,-0.319149
1640841550322759936,2.275702,0.740467,0.980641,0.943804,0.074049,-0.048187,-0.318479
1640841550323229952,2.276197,0.740553,0.980420,0.943819,0.074102,-0.048398,-0.318390
1640841550327980032,2.281174,0.741417,0.978182,0.943974,0.074631,-0.050530,-0.317473
1640841550328860160,2.282092,0.741574,0.977765,0.944003,0.074728,-0.050925,-0.317301
1640841550333380096,2.286787,0.742376,0.975611,0.944156,0.075220,-0.052943,-0.316399
1640841550334199808,2.287635,0.742519,0.975218,0.944184,0.075309,-0.053306,-0.316235
1640841550337829888,2.291377,0.743148,0.973472,0.944302,0.075710,-0.054906,-0.315510
1640841550338619904,2.292188,0.743283,0.973090,0.944327,0.075799,-0.055252,-0.315354
1640841550342809856,2.296474,0.743993,0.971056,0.944448,0.076287,-0.057072,-0.314548
1640841550343309824,2.296983,0.744077,0.970812,0.944462,0.076347,-0.057289,-0.314453
1640841550348069888,2.301811,0.744864,0.968478,0.944584,0.076943,-0.059379,-0.313551
1640841550352460032,2.306228,0.745573,0.966308,0.944691,0.077534,-0.061378,-0.312699
1640841550352900096,2.306669,0.745643,0.966089,0.944701,0.077595,-0.061582,-0.312612
1640841550353199872,2.306970,0.745691,0.965940,0.944708,0.077636,-0.061721,-0.312553
1640841550357839872,2.311595,0.746420,0.963624,0.944818,0.078289,-0.063883,-0.311624
1640841550358379776,2.312131,0.746504,0.963353,0.944830,0.078365,-0.064135,-0.311515
1640841550364259840,2.317931,0.747400,0.960386,0.944970,0.079182,-0.066820,-0.310318
1640841550364950016,2.318607,0.747504,0.960036,0.944987,0.079275,-0.067127,-0.310177
1640841550367970048,2.321557,0.747951,0.958499,0.945059,0.079667,-0.068461,-0.309563
1640841550368719872,2.322287,0.748061,0.958116,0.945077,0.079760,-0.068791,-0.309411
1640841550372939776,2.326375,0.748671,0.955951,0.945174,0.080249,-0.070650,-0.308570
1640841550373590016,2.327001,0.748764,0.955616,0.945188,0.080319,-0.070938,-0.308441
1640841550378139904,2.331364,0.749402,0.953262,0.945289,0.080798,-0.072957,-0.307534
1640841550381009920,2.334096,0.749796,0.951767,0.945354,0.081099,-0.074236,-0.306949
1640841550382880000,2.335867,0.750049,0.950790,0.945397,0.081297,-0.075070,-0.306561
1640841550383559936,2.336509,0.750141,0.950434,0.945413,0.081370,-0.075373,-0.306419
1640841550387879936,2.340567,0.750711,0.948161,0.945511,0.081834,-0.077291,-0.305512
1640841550388669952,2.341306,0.750814,0.947744,0.945529,0.081920,-0.077639,-0.305345
1640841550392940032,2.345273,0.751360,0.945480,0.945622,0.082383,-0.079506,-0.304451
1640841550394099968,2.346345,0.751506,0.944862,0.945646,0.082511,-0.080010,-0.304210
1640841550398429952,2.350319,0.752040,0.942546,0.945729,0.082996,-0.081889,-0.303318
1640841550400059904,2.351805,0.752237,0.941670,0.945757,0.083185,-0.082599,-0.302987
1640841550403040000,2.354508,0.752591,0.940062,0.945802,0.083541,-0.083905,-0.302388
1640841550403610112,2.355023,0.752658,0.939754,0.945810,0.083611,-0.084156,-0.302275
1640841550407970048,2.358937,0.753162,0.937388,0.945863,0.084159,-0.086088,-0.301413
1640841550408849920,2.359722,0.753261,0.936908,0.945873,0.084271,-0.086476,-0.301237
1640841550412930048,2.363340,0.753715,0.934677,0.945929,0.084785,-0.088243,-0.300404
1640841550413659904,2.363983,0.753794,0.934276,0.945940,0.084876,-0.088555,-0.300253
1640841550418669824,2.368368,0.754329,0.931515,0.946012,0.085523,-0.090679,-0.299207
1640841550419749888,2.369305,0.754442,0.930917,0.946025,0.085668,-0.091136,-0.298983
1640841550422829824,2.371965,0.754757,0.929207,0.946058,0.086100,-0.092447,-0.298354
1640841550423409920,2.372464,0.754816,0.928884,0.946062,0.086184,-0.092696,-0.298238
1640841550428179968,2.376534,0.755287,0.926219,0.946085,0.086916,-0.094761,-0.297303
1640841550431729920,2.379529,0.755625,0.924224,0.946093,0.087473,-0.096306,-0.296618
1640841550434049792,2.381470,0.755841,0.922915,0.946098,0.087828,-0.097311,-0.296167
1640841550434469888,2.381821,0.755879,0.922678,0.946100,0.087891,-0.097492,-0.296084
1640841550438159872,2.384879,0.756212,0.920587,0.946119,0.088415,-0.099067,-0.295344
1640841550438919936,2.385504,0.756279,0.920155,0.946125,0.088515,-0.099386,-0.295187
1640841550443439872,2.389198,0.756668,0.917577,0.946173,0.089071,-0.101263,-0.294225
1640841550444859904,2.390348,0.756786,0.916764,0.946187,0.089252,-0.101855,-0.293921
1640841550447889920,2.392785,0.757034,0.915025,0.946209,0.089670,-0.103131,-0.293278
1640841550448339968,2.393145,0.757070,0.914766,0.946211,0.089734,-0.103322,-0.293184
1640841550456829952,2.399844,0.757722,0.909855,0.946243,0.090888,-0.106914,-0.291434
1640841550457329920,2.400233,0.757758,0.909564,0.946245,0.090949,-0.107122,-0.291331
1640841550457860096,2.400644,0.757797,0.909256,0.946248,0.091011,-0.107342,-0.291222
1640841550459499776,2.401913,0.757914,0.908300,0.946258,0.091193,-0.108016,-0.290882
1640841550462859776,2.404491,0.758149,0.906337,0.946289,0.091515,-0.109368,-0.290174
1640841550463379968,2.404887,0.758184,0.906032,0.946294,0.091561,-0.109576,-0.290063
1640841550467879936,2.408288,0.758482,0.903389,0.946337,0.091970,-0.111381,-0.289105
1640841550469609984,2.409581,0.758592,0.902369,0.946346,0.092156,-0.112095,-0.288740
1640841550475379968,2.413837,0.758942,0.898954,0.946347,0.092890,-0.114543,-0.287538
1640841550476429824,2.414602,0.759003,0.898331,0.946344,0.093034,-0.114992,-0.287321
1640841550478370048,2.416008,0.759113,0.897177,0.946339,0.093302,-0.115818,-0.286921
1640841550480160000,2.417296,0.759212,0.896110,0.946334,0.093545,-0.116573,-0.286551
1640841550482959872,2.419293,0.759362,0.894437,0.946328,0.093916,-0.117737,-0.285974
1640841550483470080,2.419654,0.759389,0.894132,0.946327,0.093983,-0.117947,-0.285869
1640841550490929920,2.424859,0.759754,0.889649,0.946311,0.094887,-0.120947,-0.284365
1640841550491959808,2.425566,0.759802,0.889028,0.946309,0.095002,-0.121351,-0.284163
1640841550493690112,2.426746,0.759879,0.887983,0.946305,0.095191,-0.122023,-0.283825
1640841550494289920,2.427153,0.759905,0.887620,0.946303,0.095255,-0.122254,-0.283709
1640841550498060032,2.429688,0.760064,0.885335,0.946294,0.095652,-0.123686,-0.282985
1640841550498889984,2.430241,0.760097,0.884831,0.946292,0.095738,-0.123995,-0.282827
1640841550502849792,2.432851,0.760249,0.882421,0.946283,0.096140,-0.125449,-0.282077
1640841550503369728,2.433191,0.760268,0.882104,0.946282,0.096191,-0.125638,-0.281979
1640841550508859904,2.436726,0.760457,0.878747,0.946275,0.096675,-0.127614,-0.280949
1640841550509989888,2.437442,0.760493,0.878054,0.946274,0.096758,-0.128020,-0.280739
1640841550512969984,2.439314,0.760583,0.876224,0.946273,0.096949,-0.129091,-0.280184
1640841550513739776,2.439794,0.760606,0.875750,0.946274,0.096992,-0.129367,-0.280041
1640841550518210048,2.442541,0.760726,0.872995,0.946278,0.097211,-0.130947,-0.279216
1640841550519219968,2.443154,0.760751,0.872371,0.946279,0.097256,-0.131296,-0.279031
1640841550523289856,2.445591,0.760844,0.869852,0.946287,0.097426,-0.132674,-0.278291
1640841550524449792,2.446277,0.760869,0.869133,0.946290,0.097472,-0.133062,-0.278081
1640841550528249856,2.448493,0.760941,0.866772,0.946299,0.097611,-0.134336,-0.277387
1640841550529079808,2.448971,0.760955,0.866256,0.946301,0.097638,-0.134617,-0.277234
1640841550533129984,2.451274,0.761018,0.863731,0.946310,0.097763,-0.136007,-0.276480
1640841550535399936,2.452542,0.761048,0.862313,0.946314,0.097830,-0.136794,-0.276055
1640841550539330048,2.454700,0.761091,0.859853,0.946318,0.097951,-0.138142,-0.275327
1640841550539980032,2.455052,0.761097,0.859445,0.946318,0.097973,-0.138362,-0.275208
1640841550542850048,2.456591,0.761120,0.857644,0.946317,0.098078,-0.139322,-0.274690
1640841550543419904,2.456893,0.761123,0.857286,0.946316,0.098101,-0.139511,-0.274588
1640841550547909888,2.459239,0.761145,0.854461,0.946305,0.098295,-0.141009,-0.273790
1640841550548620032,2.459604,0.761147,0.854013,0.946302,0.098329,-0.141249,-0.273664
1640841550554839808,2.462733,0.761148,0.850086,0.946265,0.098648,-0.143386,-0.272564
1640841550555500032,2.463058,0.761147,0.849668,0.946260,0.098683,-0.143615,-0.272448
1640841550557849856,2.464201,0.761139,0.848180,0.946242,0.098801,-0.144432,-0.272037
1640841550558629888,2.464577,0.761136,0.847686,0.946235,0.098839,-0.144703,-0.271901
1640841550562880000,2.466589,0.761109,0.844990,0.946200,0.099024,-0.146174,-0.271169
1640841550563660032,2.466952,0.761103,0.844494,0.946194,0.099053,-0.146443,-0.271036
1640841550567799808,2.468843,0.761062,0.841861,0.946162,0.099184,-0.147865,-0.270327
1640841550569319936,2.469523,0.761043,0.840893,0.946151,0.099220,-0.148387,-0.270065
1640841550572859904,2.471077,0.760995,0.838636,0.946130,0.099279,-0.149596,-0.269450
1640841550573359872,2.471293,0.760987,0.838317,0.946127,0.099284,-0.149765,-0.269363
1640841550577989888,2.473253,0.760908,0.835360,0.946110,0.099299,-0.151306,-0.268557
1640841550578719744,2.473556,0.760894,0.834894,0.946108,0.099296,-0.151542,-0.268430
1640841550582959872,2.475277,0.760806,0.832180,0.946105,0.099247,-0.152881,-0.267698
1640841550583639808,2.475547,0.760790,0.831744,0.946106,0.099235,-0.153091,-0.267581
1640841550588039936,2.477257,0.760683,0.828923,0.946109,0.099125,-0.154443,-0.266834
1640841550588640000,2.477485,0.760667,0.828538,0.946109,0.099106,-0.154627,-0.266733
1640841550592809984,2.479035,0.760550,0.825861,0.946108,0.098956,-0.155921,-0.266036
1640841550593289728,2.479210,0.760536,0.825552,0.946108,0.098938,-0.156070,-0.265956
1640841550597789952,2.480807,0.760395,0.822658,0.946109,0.098760,-0.157451,-0.265206
1640841550598439936,2.481032,0.760373,0.822240,0.946109,0.098736,-0.157646,-0.265097
1640841550603669760,2.482788,0.760188,0.818872,0.946119,0.098554,-0.159175,-0.264215
1640841550604600064,2.483090,0.760153,0.818273,0.946121,0.098524,-0.159441,-0.264059
1640841550607820032,2.484112,0.760027,0.816197,0.946126,0.098422,-0.160357,-0.263522
1640841550608450048,2.484308,0.760001,0.815790,0.946127,0.098403,-0.160536,-0.263419
1640841550612839936,2.485632,0.759816,0.812957,0.946125,0.098265,-0.161784,-0.262710
1640841550613570048,2.485846,0.759783,0.812486,0.946124,0.098243,-0.161991,-0.262594
1640841550617869824,2.487065,0.759586,0.809709,0.946121,0.098113,-0.163191,-0.261912
1640841550619449856,2.487497,0.759510,0.808688,0.946121,0.098068,-0.163619,-0.261660
1640841550623239936,2.488495,0.759320,0.806238,0.946130,0.097968,-0.164611,-0.261044
1640841550623780096,2.488633,0.759293,0.805889,0.946131,0.097955,-0.164750,-0.260955
1640841550627779840,2.489623,0.759080,0.803302,0.946146,0.097858,-0.165764,-0.260296
1640841550628219904,2.489728,0.759056,0.803017,0.946147,0.097848,-0.165876,-0.260223
1640841550632789760,2.490781,0.758797,0.800061,0.946160,0.097737,-0.167045,-0.259471
1640841550633600000,2.490960,0.758750,0.799536,0.946162,0.097714,-0.167253,-0.259338
1640841550637859840,2.491860,0.758493,0.796780,0.946177,0.097562,-0.168329,-0.258644
1640841550639889920,2.492266,0.758365,0.795466,0.946188,0.097462,-0.168826,-0.258315
1640841550642799872,2.492821,0.758178,0.793582,0.946213,0.097275,-0.169510,-0.257847
1640841550643299840,2.492913,0.758145,0.793259,0.946219,0.097237,-0.169623,-0.257766
1640841550647919872,2.493722,0.757834,0.790269,0.946280,0.096852,-0.170619,-0.257026
1640841550648589824,2.493833,0.757787,0.789835,0.946290,0.096799,-0.170758,-0.256919
1640841550652819968,2.494495,0.757486,0.787098,0.946351,0.096508,-0.171611,-0.256234
1640841550653580032,2.494607,0.757431,0.786606,0.946362,0.096461,-0.171761,-0.256110
1640841550657909760,2.495204,0.757107,0.783805,0.946426,0.096193,-0.172604,-0.255406
1640841550659849984,2.495448,0.756958,0.782551,0.946456,0.096062,-0.172977,-0.255090
1640841550662779904,2.495792,0.756727,0.780657,0.946504,0.095847,-0.173534,-0.254616
1640841550663229952,2.495842,0.756691,0.780366,0.946512,0.095812,-0.173618,-0.254543
1640841550667970048,2.496322,0.756303,0.777303,0.946598,0.095442,-0.174470,-0.253779
1640841550668699904,2.496388,0.756242,0.776832,0.946612,0.095385,-0.174594,-0.253662
1640841550674129920,2.496821,0.755775,0.773327,0.946727,0.094983,-0.175442,-0.252795
1640841550674819840,2.496868,0.755714,0.772881,0.946743,0.094935,-0.175543,-0.252685
1640841550677979904,2.497061,0.755430,0.770844,0.946815,0.094727,-0.175995,-0.252180
1640841550680539904,2.497190,0.755196,0.769194,0.946872,0.094570,-0.176360,-0.251768
1640841550682889984,2.497286,0.754976,0.767680,0.946924,0.094432,-0.176695,-0.251388
1640841550683429888,2.497306,0.754925,0.767333,0.946936,0.094399,-0.176772,-0.251301
1640841550688419840,2.497432,0.754444,0.764122,0.947056,0.094066,-0.177445,-0.250497
1640841550689920000,2.497452,0.754295,0.763158,0.947097,0.093946,-0.177630,-0.250259
1640841550692790016,2.497467,0.754007,0.761315,0.947182,0.093674,-0.177950,-0.249810
1640841550694419968,2.497461,0.753841,0.760269,0.947235,0.093498,-0.178112,-0.249558
1640841550698060032,2.497413,0.753463,0.757934,0.947363,0.093081,-0.178434,-0.248999
1640841550698870016,2.497396,0.753378,0.757415,0.947393,0.092989,-0.178499,-0.248873
1640841550702829824,2.497275,0.752953,0.754880,0.947542,0.092561,-0.178795,-0.248251
1640841550704249856,2.497217,0.752798,0.753972,0.947598,0.092413,-0.178888,-0.248027
1640841550708779776,2.496982,0.752294,0.751078,0.947784,0.091938,-0.179127,-0.247318
1640841550709590016,2.496932,0.752203,0.750561,0.947819,0.091849,-0.179158,-0.247193
1640841550712899840,2.496702,0.751823,0.748451,0.947969,0.091465,-0.179245,-0.246698
1640841550714190080,2.496601,0.751673,0.747630,0.948030,0.091307,-0.179262,-0.246510
1640841550717799936,2.496285,0.751248,0.745334,0.948204,0.090858,-0.179279,-0.245992
1640841550718390016,2.496229,0.751177,0.744959,0.948233,0.090786,-0.179280,-0.245908
1640841550722990080,2.495745,0.750619,0.742040,0.948455,0.090262,-0.179285,-0.245241
1640841550723759872,2.495657,0.750524,0.741552,0.948492,0.090181,-0.179284,-0.245129
1640841550727899904,2.495142,0.750007,0.738932,0.948690,0.089783,-0.179260,-0.244525
1640841550728600064,2.495048,0.749918,0.738490,0.948724,0.089722,-0.179251,-0.244423
1640841550734749952,2.494149,0.749125,0.734611,0.949024,0.089248,-0.179090,-0.243547
1640841550735309824,2.494060,0.749051,0.734259,0.949052,0.089209,-0.179068,-0.243469
1640841550738380032,2.493551,0.748644,0.732329,0.949207,0.088986,-0.178927,-0.243047
1640841550740049920,2.493260,0.748419,0.731281,0.949294,0.088857,-0.178837,-0.242822
1640841550742919936,2.492735,0.748029,0.729482,0.949448,0.088612,-0.178659,-0.242441
1640841550743529984,2.492619,0.747946,0.729100,0.949481,0.088554,-0.178618,-0.242362
1640841550747920128,2.491747,0.747336,0.726356,0.949731,0.088066,-0.178291,-0.241803
1640841550748960000,2.491530,0.747190,0.725708,0.949792,0.087927,-0.178205,-0.241674
1640841550752780032,2.490697,0.746646,0.723329,0.950023,0.087409,-0.177864,-0.241206
1640841550753229824,2.490596,0.746581,0.723050,0.950050,0.087358,-0.177820,-0.241150
1640841550757819904,2.489516,0.745913,0.720202,0.950323,0.086984,-0.177330,-0.240570
1640841550758519808,2.489345,0.745810,0.719768,0.950365,0.086932,-0.177249,-0.240481
1640841550766639872,2.487223,0.744589,0.714759,0.950902,0.085962,-0.176171,-0.239499
1640841550767079936,2.487101,0.744522,0.714489,0.950933,0.085898,-0.176105,-0.239448
1640841550767769856,2.486908,0.744416,0.714065,0.950981,0.085797,-0.176000,-0.239369
1640841550768290048,2.486762,0.744336,0.713746,0.951018,0.085721,-0.175920,-0.239310
1640841550772849920,2.485437,0.743626,0.710952,0.951341,0.085106,-0.175162,-0.238801
1640841550773409792,2.485269,0.743538,0.710610,0.951381,0.085037,-0.175062,-0.238740
1640841550778109952,2.483813,0.742790,0.707745,0.951719,0.084487,-0.174173,-0.238238
1640841550779830016,2.483261,0.742513,0.706699,0.951845,0.084292,-0.173824,-0.238059
1640841550782789888,2.482284,0.742031,0.704905,0.952065,0.083950,-0.173196,-0.237755
1640841550783259904,2.482126,0.741954,0.704620,0.952101,0.083894,-0.173093,-0.237707
1640841550788189952,2.480422,0.741137,0.701644,0.952482,0.083279,-0.171962,-0.237215
1640841550789389824,2.479993,0.740936,0.700922,0.952576,0.083132,-0.171675,-0.237100
1640841550792960000,2.478689,0.740332,0.698779,0.952849,0.082733,-0.170801,-0.236774
1640841550793720064,2.478405,0.740202,0.698324,0.952906,0.082655,-0.170611,-0.236708
1640841550797939968,2.476793,0.739475,0.695805,0.953221,0.082242,-0.169533,-0.236355
1640841550798729984,2.476484,0.739338,0.695334,0.953280,0.082166,-0.169328,-0.236292
1640841550802799872,2.474857,0.738624,0.692918,0.953584,0.081761,-0.168249,-0.235974
1640841550803389952,2.474616,0.738520,0.692569,0.953629,0.081702,-0.168090,-0.235929
1640841550807799808,2.472779,0.737733,0.689966,0.953961,0.081264,-0.166881,-0.235596
1640841550808630016,2.472425,0.737584,0.689478,0.954024,0.081185,-0.166650,-0.235533
1640841550812969984,2.470538,0.736795,0.686933,0.954353,0.080794,-0.165416,-0.235202
1640841550813760000,2.470187,0.736651,0.686471,0.954413,0.080727,-0.165187,-0.235142
1640841550818699776,2.467945,0.735737,0.683595,0.954791,0.080293,-0.163716,-0.234786
1640841550819389696,2.467626,0.735608,0.683195,0.954844,0.080227,-0.163504,-0.234740
1640841550822880000,2.465983,0.734952,0.681177,0.955114,0.079871,-0.162406,-0.234527
1640841550823299840,2.465782,0.734872,0.680934,0.955146,0.079825,-0.162270,-0.234504
1640841550827929856,2.463532,0.733989,0.678274,0.955509,0.079281,-0.160735,-0.234267
1640841550828640000,2.463180,0.733852,0.677867,0.955566,0.079191,-0.160492,-0.234234
1640841550832849920,2.461061,0.733036,0.675466,0.955904,0.078634,-0.159011,-0.234051
1640841550833489920,2.460734,0.732911,0.675102,0.955956,0.078546,-0.158781,-0.234025
1640841550837760000,2.458514,0.732071,0.672685,0.956302,0.077965,-0.157214,-0.233862
1640841550838569984,2.458087,0.731910,0.672228,0.956368,0.077857,-0.156912,-0.233833
1640841550843020032,2.455697,0.731020,0.669730,0.956725,0.077292,-0.155231,-0.233681
1640841550843529984,2.455419,0.730917,0.669445,0.956765,0.077231,-0.155035,-0.233665
1640841550848120064,2.452879,0.729986,0.666889,0.957130,0.076701,-0.153240,-0.233530
1640841550848739840,2.452531,0.729859,0.666545,0.957179,0.076631,-0.152992,-0.233514
1640841550852999936,2.450103,0.728982,0.664193,0.957518,0.076164,-0.151240,-0.233420
1640841550853529856,2.449797,0.728872,0.663902,0.957560,0.076107,-0.151017,-0.233410
1640841550857829888,2.447281,0.727975,0.661548,0.957901,0.075646,-0.149179,-0.233344
1640841550859160064,2.446490,0.727695,0.660824,0.958005,0.075505,-0.148604,-0.233329
1640841550862779904,2.444311,0.726928,0.658861,0.958285,0.075124,-0.147033,-0.233297
1640841550863190016,2.444062,0.726841,0.658640,0.958317,0.075081,-0.146854,-0.233294
1640841550867980032,2.441109,0.725813,0.656066,0.958675,0.074597,-0.144768,-0.233279
1640841550868559872,2.440747,0.725688,0.655756,0.958718,0.074540,-0.144515,-0.233279
1640841550872829952,2.438047,0.724759,0.653485,0.959023,0.074141,-0.142655,-0.233296
1640841550874719744,2.436834,0.724344,0.652486,0.959155,0.073970,-0.141828,-0.233312
1640841550877869824,2.434789,0.723649,0.650829,0.959373,0.073683,-0.140437,-0.233349
1640841550878759936,2.434206,0.723451,0.650363,0.959434,0.073601,-0.140041,-0.233362
1640841550882839808,2.431501,0.722540,0.648238,0.959714,0.073210,-0.138197,-0.233434
1640841550883319808,2.431180,0.722432,0.647989,0.959746,0.073163,-0.137977,-0.233444
1640841550887859712,2.428107,0.721406,0.645649,0.960055,0.072702,-0.135874,-0.233553
1640841550889279744,2.427133,0.721083,0.644922,0.960151,0.072554,-0.135207,-0.233593
1640841550892839936,2.424666,0.720267,0.643110,0.960388,0.072177,-0.133519,-0.233706
1640841550893559808,2.424163,0.720101,0.642746,0.960435,0.072100,-0.133174,-0.233731
1640841550897760000,2.421198,0.719127,0.640631,0.960707,0.071670,-0.131151,-0.233892
1640841550898239744,2.420856,0.719015,0.640391,0.960737,0.071623,-0.130918,-0.233912
1640841550902870016,2.417523,0.717929,0.638088,0.961022,0.071209,-0.128656,-0.234124
1640841550903439872,2.417109,0.717794,0.637806,0.961056,0.071161,-0.128375,-0.234152
1640841550907970048,2.413783,0.716718,0.635582,0.961323,0.070790,-0.126107,-0.234400
1640841550909260032,2.412826,0.716409,0.634953,0.961398,0.070682,-0.125448,-0.234478
1640841550912819968,2.410162,0.715553,0.633230,0.961605,0.070371,-0.123594,-0.234710
1640841550913240064,2.409845,0.715451,0.633028,0.961629,0.070334,-0.123373,-0.234738
1640841550917829888,2.406354,0.714335,0.630833,0.961890,0.069929,-0.120925,-0.235063
1640841550918589952,2.405771,0.714149,0.630473,0.961933,0.069864,-0.120517,-0.235118
1640841550923439872,2.402013,0.712955,0.628189,0.962198,0.069480,-0.117901,-0.235471
1640841550924120064,2.401481,0.712787,0.627872,0.962234,0.069431,-0.117534,-0.235521
1640841550928000000,2.398425,0.711820,0.626072,0.962433,0.069164,-0.115444,-0.235820
1640841550928539904,2.397996,0.711685,0.625824,0.962460,0.069128,-0.115153,-0.235864
1640841550932780032,2.394607,0.710618,0.623885,0.962658,0.068849,-0.112876,-0.236239
1640841550933240064,2.394237,0.710501,0.623676,0.962678,0.068819,-0.112629,-0.236283
1640841550938009856,2.390366,0.709287,0.621529,0.962882,0.068488,-0.110045,-0.236766
1640841550939110144,2.389466,0.709005,0.621039,0.962928,0.068405,-0.109441,-0.236883
1640841550942829824,2.386399,0.708047,0.619394,0.963081,0.068107,-0.107369,-0.237294
1640841550943339776,2.385976,0.707915,0.619170,0.963102,0.068064,-0.107082,-0.237351
1640841550947859968,2.382201,0.706739,0.617203,0.963286,0.067676,-0.104515,-0.237858
1640841550948529920,2.381637,0.706564,0.616914,0.963313,0.067618,-0.104133,-0.237932
1640841550952770048,2.378046,0.705449,0.615102,0.963483,0.067266,-0.101711,-0.238390
1640841550953280000,2.377612,0.705314,0.614886,0.963503,0.067225,-0.101420,-0.238445
1640841550958659840,2.372991,0.703882,0.612632,0.963703,0.066795,-0.098330,-0.239054
1640841550959479808,2.372281,0.703662,0.612293,0.963731,0.066730,-0.097857,-0.239154
1640841550963289856,2.368964,0.702637,0.610730,0.963851,0.066429,-0.095646,-0.239646
1640841550963789824,2.368526,0.702502,0.610526,0.963866,0.066390,-0.095355,-0.239713
1640841550967859968,2.364944,0.701396,0.608887,0.963981,0.066076,-0.092965,-0.240275
1640841550968879872,2.364040,0.701117,0.608480,0.964009,0.065999,-0.092361,-0.240418
1640841550972839936,2.360513,0.700029,0.606919,0.964113,0.065709,-0.089996,-0.240974
1640841550973359872,2.360048,0.699886,0.606716,0.964127,0.065673,-0.089684,-0.241047
1640841550977779968,2.356069,0.698660,0.605008,0.964233,0.065380,-0.087020,-0.241675
1640841550978419968,2.355489,0.698482,0.604764,0.964248,0.065341,-0.086635,-0.241768
1640841550982820096,2.351484,0.697248,0.603104,0.964334,0.065100,-0.083994,-0.242421
1640841550983399936,2.350953,0.697085,0.602887,0.964343,0.065072,-0.083648,-0.242509
1640841550987830016,2.346878,0.695831,0.601255,0.964405,0.064890,-0.081016,-0.243206
1640841550988329984,2.346416,0.695688,0.601073,0.964410,0.064874,-0.080721,-0.243287
1640841550992839936,2.342225,0.694398,0.599453,0.964446,0.064755,-0.078074,-0.244041
1640841550993569792,2.341543,0.694188,0.599194,0.964449,0.064740,-0.077647,-0.244166
1640841550998720000,2.336706,0.692698,0.597398,0.964467,0.064660,-0.074638,-0.245054
1640841550999449856,2.336016,0.692486,0.597147,0.964469,0.064651,-0.074210,-0.245180
1640841551002820096,2.332821,0.691501,0.596003,0.964476,0.064607,-0.072228,-0.245755
1640841551003399936,2.332270,0.691331,0.595809,0.964477,0.064600,-0.071886,-0.245854
1640841551007830016,2.328036,0.690025,0.594344,0.964476,0.064534,-0.069284,-0.246620
1640841551008519936,2.327374,0.689821,0.594120,0.964474,0.064522,-0.068881,-0.246742
1640841551012849920,2.323200,0.688531,0.592732,0.964454,0.064435,-0.066372,-0.247531
1640841551013489920,2.322580,0.688340,0.592530,0.964450,0.064421,-0.066003,-0.247650
1640841551018040064,2.318157,0.686971,0.591118,0.964410,0.064311,-0.063396,-0.248513
1640841551021319936,2.314949,0.685977,0.590127,0.964374,0.064227,-0.061524,-0.249145
1640841551022749952,2.313545,0.685542,0.589702,0.964356,0.064189,-0.060707,-0.249422
1640841551023269888,2.313034,0.685383,0.589549,0.964350,0.064174,-0.060410,-0.249523
1640841551027840000,2.308524,0.683982,0.588224,0.964292,0.064019,-0.057782,-0.250409
1640841551029609984,2.306769,0.683436,0.587723,0.964269,0.063940,-0.056751,-0.250751
1640841551032819968,2.303575,0.682441,0.586831,0.964231,0.063758,-0.054856,-0.251366
1640841551034339840,2.302058,0.681968,0.586417,0.964213,0.063656,-0.053950,-0.251656
1640841551037869824,2.298522,0.680863,0.585474,0.964169,0.063398,-0.051848,-0.252332
1640841551039379712,2.297005,0.680389,0.585079,0.964147,0.063286,-0.050959,-0.252624
1640841551042779904,2.293578,0.679315,0.584209,0.964089,0.063042,-0.048991,-0.253294
1640841551043279872,2.293072,0.679156,0.584083,0.964080,0.063008,-0.048706,-0.253393
1640841551047930112,2.288359,0.677675,0.582940,0.963981,0.062713,-0.046084,-0.254331
1640841551048919808,2.287352,0.677357,0.582703,0.963958,0.062657,-0.045532,-0.254533
1640841551053819904,2.282351,0.675779,0.581563,0.963829,0.062414,-0.042823,-0.255546
1640841551054639872,2.281511,0.675514,0.581377,0.963806,0.062377,-0.042373,-0.255718
1640841551057789952,2.278279,0.674490,0.580680,0.963712,0.062237,-0.040649,-0.256387
1640841551058339840,2.277714,0.674310,0.580561,0.963694,0.062212,-0.040349,-0.256505
1640841551062860032,2.273054,0.672829,0.579607,0.963544,0.062001,-0.037891,-0.257495
1640841551063360000,2.272538,0.672664,0.579504,0.963526,0.061977,-0.037621,-0.257605
1640841551068950016,2.266744,0.670812,0.578399,0.963322,0.061704,-0.034642,-0.258851
1640841551069959936,2.265694,0.670476,0.578208,0.963283,0.061655,-0.034114,-0.259076
1640841551072759808,2.262778,0.669539,0.577689,0.963174,0.061519,-0.032668,-0.259698
1640841551073249792,2.262267,0.669375,0.577601,0.963155,0.061496,-0.032417,-0.259807
1640841551078099968,2.257196,0.667739,0.576755,0.962956,0.061253,-0.029975,-0.260893
1640841551078860032,2.256400,0.667482,0.576627,0.962924,0.061213,-0.029598,-0.261065
1640841551083360000,2.251675,0.665949,0.575903,0.962725,0.060960,-0.027386,-0.262097
1640841551084049920,2.250949,0.665713,0.575797,0.962693,0.060918,-0.027050,-0.262257
1640841551087980032,2.246807,0.664362,0.575213,0.962512,0.060660,-0.025135,-0.263170
1640841551089319936,2.245393,0.663899,0.575023,0.962450,0.060564,-0.024481,-0.263481
1640841551093019904,2.241479,0.662615,0.574522,0.962279,0.060273,-0.022674,-0.264335
1640841551093629952,2.240833,0.662402,0.574443,0.962250,0.060222,-0.022378,-0.264475
1640841551098080000,2.236112,0.660844,0.573895,0.962039,0.059842,-0.020241,-0.265501
1640841551099819776,2.234263,0.660231,0.573695,0.961953,0.059691,-0.019426,-0.265904
1640841551102919936,2.230964,0.659135,0.573357,0.961797,0.059427,-0.018018,-0.266627
1640841551103520000,2.230325,0.658922,0.573295,0.961766,0.059377,-0.017750,-0.266768
1640841551107859968,2.225695,0.657374,0.572872,0.961535,0.059007,-0.015831,-0.267801
1640841551108939776,2.224542,0.656987,0.572775,0.961476,0.058912,-0.015348,-0.268062
1640841551113189888,2.219996,0.655457,0.572421,0.961237,0.058519,-0.013402,-0.269107
1640841551114359808,2.218744,0.655033,0.572333,0.961170,0.058408,-0.012860,-0.269398
1640841551117879808,2.214971,0.653754,0.572088,0.960965,0.058075,-0.011227,-0.270275
1640841551118589952,2.214210,0.653494,0.572042,0.960923,0.058008,-0.010900,-0.270451
1640841551122989824,2.209485,0.651881,0.571792,0.960659,0.057608,-0.008905,-0.271543
1640841551123719936,2.208701,0.651612,0.571756,0.960615,0.057543,-0.008581,-0.271724
1640841551127840000,2.204270,0.650087,0.571578,0.960359,0.057182,-0.006792,-0.272755
1640841551128559872,2.203495,0.649820,0.571551,0.960313,0.057119,-0.006488,-0.272937
1640841551132849920,2.198875,0.648218,0.571424,0.960032,0.056748,-0.004728,-0.274037
1640841551133240064,2.198455,0.648072,0.571415,0.960006,0.056715,-0.004572,-0.274138
1640841551137949952,2.193377,0.646297,0.571339,0.959685,0.056320,-0.002711,-0.275364
1640841551138949888,2.192298,0.645918,0.571331,0.959616,0.056239,-0.002319,-0.275625
1640841551142899968,2.188035,0.644415,0.571326,0.959340,0.055926,-0.000774,-0.276654
1640841551143699968,2.187172,0.644110,0.571330,0.959284,0.055863,-0.000461,-0.276863
1640841551148079872,2.182442,0.642428,0.571386,0.958974,0.055501,0.001242,-0.278004
1640841551150159872,2.180194,0.641625,0.571432,0.958826,0.055314,0.002045,-0.278547
1640841551152779776,2.177364,0.640609,0.571506,0.958639,0.055060,0.003048,-0.279232
1640841551153299712,2.176802,0.640407,0.571524,0.958602,0.055008,0.003246,-0.279368
1640841551157769984,2.171971,0.638660,0.571703,0.958278,0.054533,0.004928,-0.280546
1640841551158329856,2.171365,0.638441,0.571729,0.958237,0.054471,0.005136,-0.280694
1640841551162919936,2.166405,0.636631,0.571980,0.957897,0.053946,0.006815,-0.281918
1640841551163409920,2.165875,0.636437,0.572011,0.957860,0.053888,0.006992,-0.282049
1640841551167919872,2.161002,0.634643,0.572323,0.957521,0.053349,0.008596,-0.283256
1640841551168459776,2.160418,0.634427,0.572364,0.957480,0.053283,0.008785,-0.283400
1640841551172999936,2.155514,0.632605,0.572744,0.957137,0.052723,0.010359,-0.284608
1640841551173719808,2.154737,0.632314,0.572810,0.957082,0.052633,0.010607,-0.284800
1640841551178030080,2.150084,0.630569,0.573235,0.956752,0.052084,0.012093,-0.285947
1640841551179699968,2.148282,0.629889,0.573415,0.956623,0.051867,0.012674,-0.286395
1640841551183889920,2.143763,0.628174,0.573901,0.956293,0.051315,0.014142,-0.287524
1640841551184630016,2.142965,0.627869,0.573992,0.956234,0.051218,0.014401,-0.287725
1640841551187789824,2.139560,0.626566,0.574399,0.955980,0.050815,0.015494,-0.288581
1640841551190929920,2.136179,0.625264,0.574833,0.955726,0.050439,0.016547,-0.289432
1640841551192799744,2.134166,0.624485,0.575105,0.955573,0.050232,0.017151,-0.289937
1640841551193479936,2.133435,0.624201,0.575206,0.955517,0.050159,0.017367,-0.290121
1640841551198069760,2.128500,0.622277,0.575927,0.955135,0.049692,0.018783,-0.291369
1640841551199719936,2.126728,0.621581,0.576201,0.954994,0.049528,0.019280,-0.291823
1640841551202819840,2.123401,0.620269,0.576738,0.954726,0.049215,0.020202,-0.292690
1640841551203359744,2.122822,0.620040,0.576835,0.954679,0.049161,0.020361,-0.292842
1640841551207849984,2.118010,0.618125,0.577670,0.954282,0.048712,0.021660,-0.294114
1640841551208629760,2.117175,0.617791,0.577821,0.954213,0.048636,0.021881,-0.294336
1640841551212829952,2.112683,0.615985,0.578667,0.953838,0.048237,0.023037,-0.295525
1640841551213379840,2.112095,0.615748,0.578781,0.953789,0.048185,0.023185,-0.295680
1640841551218019840,2.107142,0.613736,0.579784,0.953376,0.047738,0.024411,-0.296983
1640841551218979840,2.106118,0.613318,0.579999,0.953291,0.047639,0.024661,-0.297252
1640841551222789888,2.102060,0.611652,0.580881,0.952955,0.047218,0.025643,-0.298312
1640841551223259904,2.101560,0.611446,0.580993,0.952913,0.047163,0.025763,-0.298443
1640841551229509888,2.094921,0.608689,0.582542,0.952365,0.046371,0.027299,-0.300176
1640841551230439936,2.093935,0.608276,0.582783,0.952283,0.046246,0.027515,-0.300435
1640841551233189888,2.091022,0.607053,0.583509,0.952042,0.045869,0.028137,-0.301199
1640841551234249728,2.089900,0.606579,0.583795,0.951949,0.045719,0.028373,-0.301493
1640841551237870080,2.086074,0.604958,0.584798,0.951632,0.045189,0.029177,-0.302495
1640841551238710016,2.085187,0.604580,0.585036,0.951559,0.045061,0.029367,-0.302726
1640841551242929920,2.080739,0.602676,0.586265,0.951193,0.044390,0.030355,-0.303875
1640841551243569920,2.080065,0.602386,0.586456,0.951138,0.044284,0.030512,-0.304047
1640841551250799872,2.072472,0.599092,0.588699,0.950523,0.043005,0.032435,-0.305949
1640841551251499776,2.071739,0.598771,0.588925,0.950464,0.042880,0.032614,-0.306130
1640841551252899840,2.070274,0.598128,0.589380,0.950347,0.042634,0.032951,-0.306492
1640841551253589760,2.069552,0.597811,0.589607,0.950289,0.042515,0.033106,-0.306670
1640841551257999872,2.064946,0.595775,0.591090,0.949921,0.041795,0.033989,-0.307813
1640841551258669824,2.064248,0.595465,0.591320,0.949864,0.041691,0.034117,-0.307988
1640841551262879744,2.059866,0.593507,0.592799,0.949499,0.041064,0.034951,-0.309103
1640841551263379712,2.059346,0.593274,0.592978,0.949455,0.040992,0.035051,-0.309236
1640841551268059904,2.054492,0.591082,0.594691,0.949040,0.040335,0.035979,-0.310485
1640841551268620032,2.053912,0.590819,0.594901,0.948991,0.040257,0.036085,-0.310634
1640841551273009920,2.049376,0.588748,0.596575,0.948608,0.039651,0.036856,-0.311788
1640841551274429952,2.047911,0.588076,0.597129,0.948485,0.039455,0.037085,-0.312159
1640841551277819904,2.044423,0.586465,0.598477,0.948192,0.038982,0.037600,-0.313046
1640841551278619904,2.043600,0.586083,0.598800,0.948123,0.038869,0.037716,-0.313257
1640841551282979840,2.039130,0.583998,0.600594,0.947740,0.038245,0.038320,-0.314418
1640841551283749888,2.038342,0.583629,0.600917,0.947671,0.038133,0.038423,-0.314625
1640841551288359936,2.033635,0.581409,0.602887,0.947265,0.037453,0.039021,-0.315852
1640841551288849920,2.033136,0.581172,0.603101,0.947223,0.037380,0.039083,-0.315980
1640841551292759808,2.029159,0.579277,0.604828,0.946898,0.036796,0.039567,-0.316961
1640841551293299968,2.028611,0.579014,0.605070,0.946854,0.036715,0.039632,-0.317093
1640841551297920000,2.023932,0.576762,0.607178,0.946483,0.036026,0.040164,-0.318212
1640841551298749952,2.023093,0.576355,0.607563,0.946416,0.035903,0.040254,-0.318415
1640841551303279872,2.018527,0.574132,0.609703,0.946037,0.035237,0.040712,-0.319555
1640841551304009984,2.017793,0.573772,0.610054,0.945974,0.035130,0.040781,-0.319743
1640841551308419840,2.013369,0.571593,0.612207,0.945602,0.034470,0.041186,-0.320861
1640841551309089792,2.012699,0.571261,0.612539,0.945548,0.034367,0.041247,-0.321025
1640841551312819968,2.008973,0.569408,0.614412,0.945253,0.033778,0.041589,-0.321909
1640841551313239808,2.008555,0.569198,0.614626,0.945221,0.033711,0.041628,-0.322006
1640841551317789952,2.004030,0.566925,0.616974,0.944874,0.032969,0.042045,-0.323046
1640841551319469824,2.002365,0.566083,0.617856,0.944745,0.032694,0.042197,-0.323431
1640841551322939904,1.998933,0.564339,0.619706,0.944474,0.032127,0.042506,-0.324238
1640841551324329728,1.997562,0.563638,0.620457,0.944364,0.031903,0.042626,-0.324563
1640841551327839744,1.994108,0.561863,0.622379,0.944090,0.031343,0.042909,-0.325378
1640841551328450048,1.993509,0.561554,0.622717,0.944042,0.031248,0.042956,-0.325519
1640841551333039872,1.989014,0.559222,0.625294,0.943694,0.030546,0.043266,-0.326552
1640841551333890048,1.988184,0.558789,0.625778,0.943631,0.030419,0.043316,-0.326740
1640841551338139904,1.984045,0.556618,0.628231,0.943316,0.029805,0.043534,-0.327676
1640841551340319744,1.981929,0.555501,0.629510,0.943154,0.029501,0.043625,-0.328157
1640841551342899968,1.979431,0.554176,0.631042,0.942961,0.029152,0.043717,-0.328730
1640841551343579904,1.978774,0.553826,0.631449,0.942910,0.029061,0.043738,-0.328881
1640841551347800064,1.974707,0.551649,0.634006,0.942595,0.028510,0.043851,-0.329816
1640841551348419840,1.974111,0.551329,0.634386,0.942549,0.028430,0.043865,-0.329952
1640841551353019904,1.969702,0.548945,0.637241,0.942213,0.027841,0.043958,-0.330948
1640841551354379776,1.968403,0.548238,0.638097,0.942116,0.027667,0.043981,-0.331236
1640841551357829888,1.965116,0.546441,0.640293,0.941873,0.027221,0.044025,-0.331958
1640841551358479872,1.964498,0.546102,0.640711,0.941828,0.027135,0.044030,-0.332093
1640841551362799872,1.960404,0.543843,0.643518,0.941531,0.026554,0.044037,-0.332980
1640841551363239936,1.959988,0.543613,0.643807,0.941501,0.026494,0.044036,-0.333069
1640841551367899904,1.955597,0.541166,0.646902,0.941187,0.025838,0.044011,-0.334009
1640841551368689920,1.954855,0.540750,0.647433,0.941135,0.025724,0.044007,-0.334167
1640841551372910080,1.950904,0.538525,0.650301,0.940855,0.025104,0.043989,-0.335002
1640841551373499904,1.950353,0.538214,0.650706,0.940816,0.025016,0.043988,-0.335118
1640841551377859840,1.946294,0.535906,0.653730,0.940534,0.024358,0.043986,-0.335957
1640841551378459904,1.945737,0.535588,0.654150,0.940496,0.024267,0.043986,-0.336070
1640841551382779904,1.941740,0.533293,0.657208,0.940230,0.023613,0.043988,-0.336861
1640841551383270144,1.941288,0.533032,0.657558,0.940201,0.023539,0.043987,-0.336948
1640841551387970048,1.936966,0.530527,0.660953,0.939920,0.022841,0.043961,-0.337781
1640841551388790016,1.936214,0.530089,0.661552,0.939871,0.022722,0.043950,-0.337928
1640841551392930048,1.932432,0.527874,0.664604,0.939615,0.022136,0.043855,-0.338689
1640841551393479936,1.931931,0.527579,0.665013,0.939581,0.022060,0.043838,-0.338792
1640841551397779968,1.928027,0.525272,0.668241,0.939307,0.021490,0.043686,-0.339606
1640841551398720000,1.927176,0.524766,0.668954,0.939247,0.021371,0.043651,-0.339784
1640841551403219968,1.923119,0.522344,0.672401,0.938966,0.020828,0.043498,-0.340612
1640841551404399872,1.922059,0.521707,0.673314,0.938894,0.020693,0.043460,-0.340823
1640841551409039872,1.917906,0.519201,0.676943,0.938618,0.020177,0.043293,-0.341637
1640841551409689856,1.917326,0.518849,0.677457,0.938580,0.020106,0.043266,-0.341749
1640841551412839936,1.914524,0.517144,0.679961,0.938398,0.019764,0.043120,-0.342286
1640841551413280000,1.914134,0.516905,0.680313,0.938372,0.019716,0.043097,-0.342361
1640841551418129920,1.909845,0.514274,0.684228,0.938094,0.019177,0.042826,-0.343187
1640841551419960064,1.908234,0.513279,0.685723,0.937988,0.018965,0.042714,-0.343504
1640841551422809856,1.905734,0.511728,0.688068,0.937819,0.018620,0.042533,-0.344005
1640841551423290112,1.905314,0.511467,0.688466,0.937791,0.018561,0.042502,-0.344089
1640841551427889920,1.901301,0.508959,0.692306,0.937522,0.017957,0.042202,-0.344890
1640841551428579840,1.900701,0.508583,0.692886,0.937483,0.017862,0.042157,-0.345007
1640841551432770048,1.897072,0.506294,0.696443,0.937254,0.017255,0.041895,-0.345691
1640841551433469952,1.896467,0.505912,0.697042,0.937217,0.017150,0.041853,-0.345801
1640841551438739968,1.891937,0.503027,0.701593,0.936945,0.016349,0.041544,-0.346614
1640841551439399936,1.891372,0.502666,0.702168,0.936911,0.016250,0.041507,-0.346715
1640841551442899968,1.888385,0.500747,0.705238,0.936728,0.015732,0.041309,-0.347257
1640841551443490048,1.887883,0.500423,0.705759,0.936696,0.015647,0.041276,-0.347349
1640841551448160000,1.883924,0.497860,0.709915,0.936448,0.015004,0.040988,-0.348080
1640841551448969728,1.883241,0.497415,0.710642,0.936405,0.014898,0.040933,-0.348207
1640841551453999872,1.879011,0.494649,0.715195,0.936140,0.014291,0.040537,-0.348989
1640841551454459904,1.878626,0.494396,0.715614,0.936117,0.014238,0.040498,-0.349060
1640841551457789952,1.875845,0.492564,0.718670,0.935943,0.013863,0.040218,-0.349572
1640841551458439936,1.875304,0.492206,0.719269,0.935910,0.013789,0.040167,-0.349671
1640841551462800128,1.871687,0.489804,0.723322,0.935683,0.013284,0.039850,-0.350332
1640841551463359744,1.871225,0.489496,0.723846,0.935654,0.013219,0.039811,-0.350416
1640841551467859968,1.867520,0.487015,0.728088,0.935424,0.012696,0.039487,-0.351087
1640841551468849920,1.866708,0.486469,0.729028,0.935374,0.012584,0.039409,-0.351233
1640841551472780032,1.863498,0.484301,0.732787,0.935177,0.012148,0.039062,-0.351810
1640841551473499904,1.862911,0.483903,0.733480,0.935141,0.012070,0.038993,-0.351916
1640841551478339840,1.858989,0.481232,0.738172,0.934895,0.011545,0.038515,-0.352639
1640841551479040000,1.858424,0.480846,0.738856,0.934858,0.011467,0.038446,-0.352747
1640841551482919936,1.855303,0.478703,0.742669,0.934649,0.011032,0.038079,-0.353356
1640841551483559936,1.854790,0.478350,0.743302,0.934614,0.010960,0.038021,-0.353457
1640841551488179968,1.851103,0.475799,0.747900,0.934367,0.010434,0.037613,-0.354167
1640841551488809728,1.850602,0.475451,0.748531,0.934335,0.010363,0.037560,-0.354259
1640841551492739840,1.847489,0.473281,0.752492,0.934147,0.009920,0.037233,-0.354804
1640841551493309952,1.847039,0.472967,0.753070,0.934120,0.009854,0.037186,-0.354879
1640841551497759744,1.843541,0.470510,0.757609,0.933918,0.009317,0.036815,-0.355465
1640841551498739968,1.842774,0.469969,0.758615,0.933872,0.009189,0.036731,-0.355596
1640841551502830080,1.839585,0.467712,0.762841,0.933674,0.008604,0.036366,-0.356170
1640841551505329920,1.837647,0.466333,0.765445,0.933548,0.008222,0.036145,-0.356530
1640841551507939840,1.835631,0.464894,0.768179,0.933419,0.007828,0.035932,-0.356899
1640841551508649728,1.835084,0.464502,0.768926,0.933384,0.007724,0.035879,-0.356996
1640841551512869888,1.831847,0.462176,0.773392,0.933187,0.007132,0.035602,-0.357553
1640841551513550080,1.831327,0.461802,0.774115,0.933155,0.007040,0.035562,-0.357641
1640841551518779904,1.827350,0.458922,0.779719,0.932913,0.006344,0.035267,-0.358315
1640841551519320064,1.826941,0.458624,0.780302,0.932887,0.006272,0.035236,-0.358386
1640841551522789888,1.824323,0.456716,0.784061,0.932718,0.005807,0.035030,-0.358853
1640841551523330048,1.823917,0.456419,0.784649,0.932692,0.005734,0.034997,-0.358927
1640841551527760128,1.820599,0.453984,0.789497,0.932467,0.005132,0.034724,-0.359546
1640841551528309760,1.820189,0.453682,0.790102,0.932438,0.005057,0.034690,-0.359624
1640841551532839936,1.816825,0.451196,0.795115,0.932203,0.004435,0.034416,-0.360269
1640841551534159872,1.815849,0.450472,0.796585,0.932134,0.004252,0.034339,-0.360456
1640841551537910016,1.813089,0.448418,0.800784,0.931940,0.003728,0.034131,-0.360983
1640841551541979904,1.810113,0.446190,0.805379,0.931735,0.003148,0.033928,-0.361538
1640841551542919936,1.809429,0.445676,0.806445,0.931688,0.003012,0.033883,-0.361664
1640841551544169984,1.808520,0.444993,0.807867,0.931626,0.002832,0.033824,-0.361831
1640841551547989760,1.805756,0.442907,0.812235,0.931435,0.002279,0.033643,-0.362341
1640841551548940032,1.805071,0.442389,0.813327,0.931387,0.002142,0.033596,-0.362470
1640841551552819968,1.802285,0.440274,0.817807,0.931189,0.001587,0.033391,-0.363001
1640841551553469952,1.801820,0.439920,0.818561,0.931155,0.001494,0.033355,-0.363092
1640841551558080000,1.798538,0.437413,0.823937,0.930915,0.000835,0.033079,-0.363733
1640841551559830016,1.797298,0.436462,0.825990,0.930825,0.000583,0.032968,-0.363974
1640841551563219968,1.794908,0.434623,0.829988,0.930653,0.000087,0.032747,-0.364434
1640841551563729920,1.794549,0.434347,0.830592,0.930628,0.000012,0.032714,-0.364502
1640841551567919872,1.791616,0.432078,0.835574,0.930415,-0.000598,0.032452,-0.365069
1640841551569720064,1.790363,0.431105,0.837726,0.930321,-0.000854,0.032350,-0.365315
1640841551573429760,1.787791,0.429103,0.842186,0.930122,-0.001362,0.032169,-0.365836
1640841551574119936,1.787314,0.428731,0.843019,0.930084,-0.001454,0.032138,-0.365934
1640841551577910016,1.784707,0.426690,0.847613,0.929875,-0.001943,0.031971,-0.366479
1640841551579559936,1.783577,0.425802,0.849623,0.929783,-0.002148,0.031892,-0.366717
1640841551582779904,1.781381,0.424074,0.853562,0.929605,-0.002540,0.031718,-0.367180
1640841551583309824,1.781021,0.423789,0.854213,0.929576,-0.002603,0.031688,-0.367256
1640841551587770112,1.778002,0.421401,0.859712,0.929330,-0.003142,0.031414,-0.367897
1640841551588399872,1.777577,0.421064,0.860493,0.929296,-0.003220,0.031374,-0.367988
1640841551593999872,1.773824,0.418076,0.867467,0.928982,-0.003946,0.031029,-0.368801
1640841551595789824,1.772631,0.417123,0.869711,0.928880,-0.004195,0.030925,-0.369063
1640841551597949952,1.771198,0.415974,0.872427,0.928757,-0.004496,0.030805,-0.369379
1640841551598840064,1.770608,0.415502,0.873549,0.928707,-0.004620,0.030756,-0.369508
1640841551602880000,1.767945,0.413360,0.878664,0.928481,-0.005162,0.030537,-0.370086
1640841551603559936,1.767499,0.413000,0.879529,0.928443,-0.005251,0.030500,-0.370182
1640841551607829760,1.764707,0.410744,0.884979,0.928206,-0.005807,0.030261,-0.370788
1640841551608679936,1.764154,0.410296,0.886068,0.928158,-0.005919,0.030211,-0.370910
1640841551612999936,1.761355,0.408023,0.891628,0.927911,-0.006504,0.029943,-0.371539
1640841551613549824,1.761000,0.407734,0.892339,0.927879,-0.006580,0.029908,-0.371621
1640841551617899776,1.758206,0.405453,0.897981,0.927623,-0.007166,0.029637,-0.372271
1640841551618700032,1.757694,0.405035,0.899023,0.927576,-0.007270,0.029590,-0.372391
1640841551623360000,1.754728,0.402602,0.905118,0.927298,-0.007836,0.029343,-0.373089
1640841551624059904,1.754284,0.402238,0.906038,0.927257,-0.007917,0.029309,-0.373194
1640841551628279808,1.751622,0.400044,0.911601,0.927007,-0.008392,0.029117,-0.373818
1640841551629400064,1.750919,0.399464,0.913083,0.926942,-0.008516,0.029069,-0.373981
1640841551633420032,1.748407,0.397384,0.918425,0.926708,-0.008959,0.028898,-0.374563
1640841551633910016,1.748102,0.397131,0.919078,0.926679,-0.009012,0.028877,-0.374634
1640841551637859840,1.745652,0.395096,0.924360,0.926447,-0.009435,0.028696,-0.375212
1640841551638880000,1.745022,0.394572,0.925730,0.926386,-0.009542,0.028645,-0.375364
1640841551643339776,1.742282,0.392286,0.931740,0.926114,-0.009995,0.028393,-0.376042
1640841551644209920,1.741750,0.391841,0.932916,0.926060,-0.010079,0.028337,-0.376176
1640841551647810048,1.739557,0.390004,0.937801,0.925838,-0.010417,0.028078,-0.376731
1640841551648460032,1.739163,0.389674,0.938686,0.925799,-0.010475,0.028026,-0.376831
1640841551652789760,1.736547,0.387475,0.944598,0.925538,-0.010841,0.027638,-0.377490
1640841551653309696,1.736234,0.387212,0.945311,0.925507,-0.010883,0.027587,-0.377568
1640841551658350080,1.733217,0.384667,0.952242,0.925206,-0.011304,0.027103,-0.378328
1640841551660819968,1.731748,0.383425,0.955655,0.925055,-0.011532,0.026892,-0.378704
1640841551662939904,1.730493,0.382361,0.958594,0.924924,-0.011742,0.026727,-0.379029
1640841551663729920,1.730026,0.381966,0.959691,0.924875,-0.011822,0.026668,-0.379150
1640841551668969984,1.726948,0.379351,0.966996,0.924555,-0.012365,0.026282,-0.379940
1640841551669609984,1.726574,0.379032,0.967892,0.924517,-0.012431,0.026233,-0.380034
1640841551673029888,1.724582,0.377335,0.972690,0.924316,-0.012782,0.025964,-0.380528
1640841551673920000,1.724066,0.376895,0.973942,0.924265,-0.012875,0.025893,-0.380656
1640841551677889792,1.721774,0.374936,0.979543,0.924032,-0.013311,0.025592,-0.381225
1640841551678720000,1.721296,0.374527,0.980717,0.923983,-0.013408,0.025533,-0.381345
1640841551682839808,1.718938,0.372507,0.986564,0.923730,-0.013928,0.025274,-0.381955
1640841551683480064,1.718573,0.372194,0.987475,0.923690,-0.014013,0.025238,-0.382052
1640841551687889920,1.716071,0.370044,0.993769,0.923411,-0.014594,0.024991,-0.382721
1640841551688669952,1.715630,0.369665,0.994886,0.923361,-0.014692,0.024945,-0.382839
1640841551692879872,1.713263,0.367627,1.000931,0.923098,-0.015180,0.024674,-0.383472
1640841551693859840,1.712715,0.367154,1.002342,0.923037,-0.015286,0.024605,-0.383619
1640841551697929984,1.710447,0.365197,1.008219,0.922784,-0.015707,0.024297,-0.384230
1640841551698599936,1.710076,0.364876,1.009189,0.922742,-0.015775,0.024244,-0.384332
1640841551702880000,1.707712,0.362832,1.015402,0.922471,-0.016210,0.023881,-0.384986
1640841551703640064,1.707294,0.362470,1.016509,0.922422,-0.016286,0.023814,-0.385104
1640841551708129792,1.704837,0.360341,1.023062,0.922132,-0.016730,0.023416,-0.385802
1640841551708900096,1.704418,0.359978,1.024190,0.922082,-0.016803,0.023348,-0.385923
1640841551713389824,1.701984,0.357865,1.030779,0.921790,-0.017213,0.022960,-0.386627
1640841551714229760,1.701531,0.357472,1.032015,0.921735,-0.017289,0.022888,-0.386758
1640841551717860096,1.699581,0.355776,1.037370,0.921499,-0.017621,0.022571,-0.387324
1640841551718659840,1.699153,0.355404,1.038552,0.921447,-0.017697,0.022499,-0.387448
1640841551722919936,1.696883,0.353429,1.044865,0.921173,-0.018130,0.022101,-0.388102
1640841551723660032,1.696491,0.353087,1.045965,0.921125,-0.018210,0.022030,-0.388215
1640841551727759872,1.694326,0.351201,1.052069,0.920862,-0.018680,0.021648,-0.388840
1640841551728339968,1.694021,0.350935,1.052935,0.920824,-0.018750,0.021596,-0.388928
1640841551732859904,1.691655,0.348872,1.059696,0.920530,-0.019321,0.021213,-0.389618
1640841551736160000,1.689939,0.347375,1.064650,0.920312,-0.019749,0.020948,-0.390124
1640841551738089984,1.688940,0.346504,1.067554,0.920184,-0.019995,0.020793,-0.390421
1640841551739859712,1.688027,0.345707,1.070222,0.920067,-0.020215,0.020649,-0.390694
1640841551743119872,1.686353,0.344246,1.075146,0.919850,-0.020603,0.020370,-0.391200
1640841551743650048,1.686082,0.344009,1.075948,0.919814,-0.020664,0.020323,-0.391282
1640841551747799808,1.683966,0.342163,1.082240,0.919536,-0.021134,0.019936,-0.391930
1640841551748829952,1.683444,0.341707,1.083805,0.919467,-0.021249,0.019834,-0.392091
1640841551752770048,1.681453,0.339969,1.089803,0.919202,-0.021692,0.019418,-0.392710
1640841551753430016,1.681120,0.339680,1.090810,0.919157,-0.021767,0.019346,-0.392813
1640841551757900032,1.678881,0.337726,1.097643,0.918854,-0.022271,0.018843,-0.393517
1640841551760740096,1.677467,0.336493,1.101997,0.918661,-0.022590,0.018521,-0.393965
1640841551762919936,1.676386,0.335551,1.105345,0.918513,-0.022833,0.018274,-0.394307
1640841551763639808,1.676030,0.335241,1.106452,0.918464,-0.022913,0.018193,-0.394420
1640841551767899904,1.673931,0.333414,1.113015,0.918176,-0.023383,0.017698,-0.395086
1640841551768640000,1.673568,0.333098,1.114158,0.918126,-0.023464,0.017609,-0.395201
1640841551773749760,1.671075,0.330929,1.122061,0.917782,-0.024017,0.016965,-0.395994
1640841551774649856,1.670638,0.330549,1.123457,0.917722,-0.024114,0.016847,-0.396133
1640841551777779712,1.669123,0.329234,1.128315,0.917511,-0.024453,0.016434,-0.396619
1640841551778560000,1.668746,0.328907,1.129528,0.917458,-0.024538,0.016330,-0.396740
1640841551782779904,1.666719,0.327150,1.136099,0.917170,-0.025007,0.015768,-0.397399
1640841551787059968,1.664676,0.325383,1.142783,0.916874,-0.025500,0.015201,-0.398071
1640841551787919872,1.664268,0.325030,1.144129,0.916815,-0.025601,0.015086,-0.398206
1640841551790329856,1.663126,0.324043,1.147902,0.916648,-0.025890,0.014764,-0.398582
1640841551793319936,1.661715,0.322827,1.152592,0.916443,-0.026254,0.014361,-0.399045
1640841551794659840,1.661084,0.322284,1.154697,0.916351,-0.026417,0.014179,-0.399252
1640841551797920000,1.659557,0.320970,1.159825,0.916127,-0.026804,0.013734,-0.399755
1640841551798839808,1.659127,0.320601,1.161274,0.916064,-0.026910,0.013607,-0.399897
1640841551802879744,1.657247,0.318989,1.167646,0.915785,-0.027346,0.013047,-0.400523
1640841551804580096,1.656459,0.318315,1.170332,0.915668,-0.027518,0.012803,-0.400789
1640841551808009984,1.654877,0.316963,1.175759,0.915428,-0.027848,0.012284,-0.401330
1640841551808869888,1.654481,0.316626,1.177121,0.915367,-0.027929,0.012147,-0.401466
1640841551813189888,1.652501,0.314941,1.183975,0.915060,-0.028319,0.011403,-0.402161
1640841551814460160,1.651922,0.314449,1.185993,0.914969,-0.028430,0.011171,-0.402367
1640841551818019840,1.650303,0.313078,1.191656,0.914712,-0.028734,0.010499,-0.402947
1640841551819769856,1.649511,0.312408,1.194443,0.914585,-0.028881,0.010161,-0.403234
1640841551822799872,1.648143,0.311255,1.199276,0.914364,-0.029131,0.009572,-0.403731
1640841551823549952,1.647805,0.310971,1.200473,0.914309,-0.029193,0.009425,-0.403853
1640841551827879936,1.645863,0.309340,1.207394,0.913993,-0.029562,0.008582,-0.404560
1640841551828640000,1.645523,0.309056,1.208611,0.913938,-0.029630,0.008435,-0.404684
1640841551833029888,1.643567,0.307424,1.215644,0.913618,-0.030037,0.007595,-0.405392
1640841551834739968,1.642809,0.306793,1.218388,0.913493,-0.030201,0.007270,-0.405667
1640841551837889792,1.641416,0.305638,1.223447,0.913264,-0.030502,0.006668,-0.406170
1640841551838650112,1.641081,0.305361,1.224669,0.913209,-0.030573,0.006522,-0.406291
1640841551842889984,1.639217,0.303825,1.231492,0.912901,-0.030960,0.005695,-0.406966
1640841551843399936,1.638993,0.303641,1.232314,0.912864,-0.031005,0.005594,-0.407047
1640841551848079872,1.636949,0.301968,1.239860,0.912524,-0.031402,0.004668,-0.407790
1640841551848800000,1.636636,0.301712,1.241023,0.912471,-0.031461,0.004525,-0.407904
1640841551853430016,1.634627,0.300080,1.248505,0.912134,-0.031823,0.003607,-0.408639
1640841551854169856,1.634307,0.299822,1.249701,0.912080,-0.031878,0.003460,-0.408757
1640841551858149888,1.632590,0.298439,1.256145,0.911788,-0.032165,0.002665,-0.409391
1640841551859089920,1.632186,0.298114,1.257668,0.911719,-0.032231,0.002476,-0.409542
1640841551863259904,1.630398,0.296686,1.264431,0.911409,-0.032506,0.001629,-0.410212
1640841551864239872,1.629979,0.296353,1.266021,0.911336,-0.032566,0.001427,-0.410370
1640841551867919872,1.628410,0.295110,1.271999,0.911063,-0.032767,0.000648,-0.410963
1640841551869720064,1.627645,0.294508,1.274925,0.910929,-0.032847,0.000253,-0.411253
1640841551872869888,1.626309,0.293461,1.280051,0.910697,-0.032955,-0.000460,-0.411758
1640841551873659904,1.625975,0.293200,1.281337,0.910639,-0.032977,-0.000643,-0.411885
1640841551877750016,1.624249,0.291859,1.288000,0.910336,-0.033077,-0.001603,-0.412543
1640841551878379776,1.623984,0.291654,1.289027,0.910289,-0.033093,-0.001752,-0.412645
1640841551883529984,1.621822,0.289993,1.297429,0.909898,-0.033231,-0.002969,-0.413487
1640841551884369920,1.621470,0.289724,1.298801,0.909834,-0.033256,-0.003170,-0.413625
1640841551887820032,1.620029,0.288630,1.304437,0.909570,-0.033355,-0.004010,-0.414190
1640841551888999936,1.619537,0.288259,1.306366,0.909480,-0.033387,-0.004306,-0.414382
1640841551893100032,1.617832,0.286980,1.313072,0.909170,-0.033487,-0.005372,-0.415041
1640841551893719808,1.617575,0.286788,1.314086,0.909124,-0.033501,-0.005537,-0.415140
1640841551897929984,1.615831,0.285496,1.320979,0.908807,-0.033596,-0.006658,-0.415808
1640841551899889920,1.615022,0.284901,1.324191,0.908659,-0.033643,-0.007168,-0.416119
1640841551902880000,1.613789,0.284001,1.329092,0.908431,-0.033724,-0.007923,-0.416597
1640841551903429888,1.613563,0.283836,1.329994,0.908389,-0.033740,-0.008059,-0.416685
1640841551907970048,1.611698,0.282491,1.337442,0.908041,-0.033894,-0.009164,-0.417407
1640841551908999936,1.611276,0.282189,1.339132,0.907962,-0.033935,-0.009413,-0.417569
1640841551912900096,1.609680,0.281056,1.345536,0.907667,-0.034109,-0.010354,-0.418176
1640841551913580032,1.609402,0.280860,1.346653,0.907615,-0.034142,-0.010518,-0.418280
1640841551917989888,1.607603,0.279601,1.353899,0.907281,-0.034353,-0.011586,-0.418960
1640841551919119872,1.607143,0.279282,1.355756,0.907194,-0.034404,-0.011859,-0.419135
1640841551922789888,1.605651,0.278256,1.361791,0.906909,-0.034551,-0.012748,-0.419713
1640841551923339776,1.605428,0.278104,1.362695,0.906866,-0.034571,-0.012882,-0.419800
1640841551928109824,1.603494,0.276795,1.370543,0.906490,-0.034744,-0.014072,-0.420561
1640841551928859904,1.603191,0.276592,1.371777,0.906430,-0.034772,-0.014265,-0.420680
1640841551932940032,1.601542,0.275496,1.378493,0.906106,-0.034943,-0.015355,-0.421325
1640841551933580032,1.601283,0.275326,1.379547,0.906055,-0.034973,-0.015533,-0.421426
1640841551937919744,1.599533,0.274184,1.386693,0.905709,-0.035175,-0.016760,-0.422106
1640841551939509760,1.598893,0.273771,1.389312,0.905581,-0.035233,-0.017203,-0.422358
1640841551942929920,1.597517,0.272893,1.394946,0.905300,-0.035312,-0.018124,-0.422914
1640841551943460096,1.597304,0.272758,1.395819,0.905256,-0.035320,-0.018265,-0.423001
1640841551948410112,1.595316,0.271513,1.403974,0.904845,-0.035378,-0.019584,-0.423817
1640841551948999936,1.595080,0.271367,1.404946,0.904796,-0.035386,-0.019745,-0.423913
1640841551952800000,1.593556,0.270433,1.411208,0.904479,-0.035454,-0.020815,-0.424531
1640841551953420032,1.593308,0.270282,1.412229,0.904428,-0.035467,-0.020994,-0.424631
1640841551957860096,1.591531,0.269215,1.419546,0.904057,-0.035579,-0.022296,-0.425344
1640841551960489984,1.590479,0.268594,1.423880,0.903836,-0.035652,-0.023074,-0.425766
1640841551963179776,1.589404,0.267967,1.428312,0.903609,-0.035730,-0.023867,-0.426199
1640841551964219904,1.588988,0.267727,1.430025,0.903520,-0.035760,-0.024172,-0.426366
1640841551967739904,1.587583,0.266924,1.435825,0.903220,-0.035862,-0.025202,-0.426933
1640841551969179904,1.587008,0.266599,1.438197,0.903097,-0.035904,-0.025622,-0.427165
1640841551972819968,1.585555,0.265790,1.444193,0.902785,-0.036007,-0.026682,-0.427750
1640841551974370048,1.584937,0.265450,1.446746,0.902652,-0.036049,-0.027134,-0.427999
1640841551979650048,1.582831,0.264313,1.455439,0.902202,-0.036186,-0.028687,-0.428835
1640841551981349888,1.582153,0.263954,1.458237,0.902058,-0.036227,-0.029193,-0.429101
1640841551982759936,1.581590,0.263659,1.460558,0.901938,-0.036260,-0.029615,-0.429319
1640841551983320064,1.581367,0.263542,1.461480,0.901891,-0.036273,-0.029782,-0.429406
1640841551987840000,1.579565,0.262615,1.468916,0.901510,-0.036376,-0.031120,-0.430102
1640841551988590080,1.579265,0.262463,1.470150,0.901447,-0.036393,-0.031339,-0.430218
1640841551993110016,1.577462,0.261564,1.477581,0.901062,-0.036500,-0.032622,-0.430918
1640841551994530048,1.576896,0.261286,1.479915,0.900941,-0.036531,-0.033017,-0.431139
1640841551997949952,1.575531,0.260628,1.485534,0.900645,-0.036594,-0.033962,-0.431678
1640841551998720000,1.575223,0.260482,1.486799,0.900578,-0.036604,-0.034175,-0.431800
1640841552002759936,1.573610,0.259725,1.493432,0.900222,-0.036638,-0.035294,-0.432450
1640841552003330048,1.573382,0.259620,1.494368,0.900171,-0.036641,-0.035453,-0.432542
1640841552008409856,1.571351,0.258700,1.502701,0.899720,-0.036646,-0.036882,-0.433361
1640841552009019904,1.571107,0.258592,1.503701,0.899665,-0.036646,-0.037055,-0.433458
1640841552013299968,1.569394,0.257844,1.510715,0.899288,-0.036651,-0.038285,-0.434133
1640841552013919744,1.569146,0.257737,1.511730,0.899234,-0.036652,-0.038464,-0.434230
1640841552018149888,1.567450,0.257023,1.518655,0.898861,-0.036671,-0.039675,-0.434891
1640841552018739968,1.567213,0.256925,1.519621,0.898809,-0.036675,-0.039841,-0.434983
1640841552022779904,1.565591,0.256265,1.526228,0.898447,-0.036708,-0.040958,-0.435623
1640841552023299840,1.565382,0.256182,1.527077,0.898400,-0.036712,-0.041100,-0.435706
1640841552027899904,1.563532,0.255457,1.534591,0.897984,-0.036743,-0.042347,-0.436441
1640841552028479744,1.563298,0.255367,1.535538,0.897932,-0.036745,-0.042505,-0.436533
1640841552032769792,1.561569,0.254717,1.542536,0.897547,-0.036736,-0.043687,-0.437209
1640841552033339904,1.561339,0.254633,1.543466,0.897496,-0.036733,-0.043845,-0.437298
1640841552037829888,1.559525,0.253979,1.550780,0.897095,-0.036719,-0.045085,-0.437995
1640841552038449920,1.559274,0.253890,1.551789,0.897040,-0.036720,-0.045254,-0.438091
1640841552042879744,1.557479,0.253272,1.558995,0.896644,-0.036773,-0.046428,-0.438773
1640841552043549952,1.557207,0.253181,1.560084,0.896584,-0.036789,-0.046599,-0.438876
1640841552048009984,1.555396,0.252585,1.567327,0.896185,-0.036924,-0.047717,-0.439559
1640841552050599936,1.554341,0.252251,1.571528,0.895955,-0.036989,-0.048372,-0.439951
1640841552052809984,1.553440,0.251971,1.575111,0.895759,-0.037023,-0.048942,-0.440284
1640841552053339904,1.553224,0.251905,1.575969,0.895712,-0.037028,-0.049079,-0.440364
1640841552057789952,1.551405,0.251363,1.583172,0.895315,-0.037014,-0.050236,-0.441041
1640841552058369792,1.551168,0.251294,1.584110,0.895263,-0.037005,-0.050386,-0.441131
1640841552062939904,1.549293,0.250765,1.591493,0.894843,-0.036868,-0.051544,-0.441860
1640841552063680000,1.548989,0.250682,1.592688,0.894774,-0.036837,-0.051728,-0.441981
1640841552067770112,1.547306,0.250233,1.599283,0.894393,-0.036648,-0.052739,-0.442647
1640841552070729984,1.546084,0.249920,1.604049,0.894124,-0.036514,-0.053473,-0.443114
1640841552072870144,1.545199,0.249700,1.607492,0.893933,-0.036425,-0.054008,-0.443442
1640841552075099904,1.544276,0.249477,1.611075,0.893735,-0.036335,-0.054570,-0.443779
1640841552077869824,1.543126,0.249208,1.615522,0.893488,-0.036223,-0.055272,-0.444199
1640841552078759936,1.542756,0.249124,1.616950,0.893407,-0.036186,-0.055499,-0.444335
1640841552083319808,1.540856,0.248706,1.624257,0.892985,-0.035976,-0.056663,-0.445053
1640841552084120064,1.540522,0.248635,1.625537,0.892910,-0.035936,-0.056866,-0.445181
1640841552087879936,1.538949,0.248312,1.631548,0.892559,-0.035742,-0.057805,-0.445779
1640841552088529920,1.538677,0.248258,1.632586,0.892500,-0.035707,-0.057964,-0.445880
1640841552092759808,1.536900,0.247917,1.639334,0.892123,-0.035480,-0.058965,-0.446521
1640841552093329920,1.536660,0.247873,1.640243,0.892073,-0.035449,-0.059097,-0.446605
1640841552097769984,1.534786,0.247541,1.647309,0.891689,-0.035223,-0.060120,-0.447254
1640841552098429952,1.534507,0.247494,1.648358,0.891632,-0.035191,-0.060272,-0.447350
1640841552102840064,1.532638,0.247191,1.655360,0.891245,-0.034999,-0.061302,-0.447994
1640841552103419904,1.532391,0.247152,1.656279,0.891194,-0.034975,-0.061438,-0.448080
1640841552108269824,1.530325,0.246848,1.663958,0.890764,-0.034780,-0.062541,-0.448797
1640841552109890048,1.529632,0.246752,1.666519,0.890621,-0.034713,-0.062891,-0.449037
1640841552112999936,1.528299,0.246577,1.671429,0.890346,-0.034575,-0.063529,-0.449502
1640841552114469888,1.527668,0.246498,1.673747,0.890217,-0.034505,-0.063819,-0.449722
1640841552117769984,1.526247,0.246330,1.678943,0.889928,-0.034328,-0.064453,-0.450218
1640841552118799872,1.525803,0.246280,1.680563,0.889837,-0.034267,-0.064649,-0.450373
1640841552122929920,1.524016,0.246092,1.687049,0.889475,-0.033992,-0.065432,-0.450996
1640841552123589888,1.523730,0.246063,1.688085,0.889417,-0.033944,-0.065558,-0.451096
1640841552127769856,1.521912,0.245896,1.694632,0.889045,-0.033630,-0.066366,-0.451734
1640841552128540160,1.521577,0.245867,1.695836,0.888976,-0.033570,-0.066518,-0.451852
1640841552132819968,1.519705,0.245719,1.702520,0.888586,-0.033234,-0.067380,-0.452515
1640841552133359872,1.519469,0.245702,1.703362,0.888537,-0.033190,-0.067490,-0.452599
1640841552138200064,1.517341,0.245563,1.710897,0.888094,-0.032776,-0.068463,-0.453352
1640841552139159808,1.516917,0.245539,1.712389,0.888007,-0.032687,-0.068651,-0.453501
1640841552142850048,1.515286,0.245454,1.718116,0.887676,-0.032326,-0.069350,-0.454068
1640841552143520000,1.514989,0.245440,1.719154,0.887616,-0.032258,-0.069474,-0.454170
1640841552148189952,1.512912,0.245358,1.726379,0.887201,-0.031773,-0.070315,-0.454885
1640841552148960000,1.512569,0.245347,1.727568,0.887132,-0.031693,-0.070451,-0.455003
1640841552152839936,1.510833,0.245300,1.733552,0.886785,-0.031297,-0.071130,-0.455603
1640841552153539840,1.510519,0.245293,1.734630,0.886722,-0.031227,-0.071251,-0.455711
1640841552157889792,1.508563,0.245263,1.741317,0.886331,-0.030787,-0.071988,-0.456386
1640841552158809856,1.508148,0.245260,1.742729,0.886248,-0.030693,-0.072140,-0.456528
1640841552162739968,1.506369,0.245254,1.748750,0.885899,-0.030285,-0.072768,-0.457133
1640841552163319808,1.506106,0.245255,1.749637,0.885848,-0.030224,-0.072857,-0.457222
1640841552167820032,1.504058,0.245271,1.756508,0.885448,-0.029767,-0.073511,-0.457920
1640841552168589824,1.503707,0.245276,1.757682,0.885380,-0.029692,-0.073615,-0.458041
1640841552174209792,1.501131,0.245332,1.766229,0.884873,-0.029182,-0.074297,-0.458943
1640841552175269888,1.500643,0.245346,1.767837,0.884777,-0.029086,-0.074413,-0.459115
1640841552177749760,1.499500,0.245383,1.771595,0.884554,-0.028852,-0.074673,-0.459517
1640841552178579712,1.499116,0.245397,1.772851,0.884480,-0.028768,-0.074757,-0.459651
1640841552183099904,1.497020,0.245486,1.779678,0.884081,-0.028261,-0.075203,-0.460377
1640841552183549952,1.496811,0.245496,1.780356,0.884041,-0.028207,-0.075246,-0.460449
1640841552189100032,1.494219,0.245636,1.788705,0.883547,-0.027512,-0.075793,-0.461350
1640841552189869824,1.493859,0.245658,1.789861,0.883477,-0.027414,-0.075871,-0.461477
1640841552192829952,1.492468,0.245748,1.794296,0.883201,-0.027039,-0.076179,-0.461975
1640841552193379840,1.492209,0.245765,1.795119,0.883149,-0.026969,-0.076237,-0.462069
1640841552197789952,1.490125,0.245917,1.801707,0.882730,-0.026398,-0.076688,-0.462828
1640841552198380032,1.489845,0.245939,1.802586,0.882673,-0.026319,-0.076746,-0.462931
1640841552202899968,1.487696,0.246117,1.809311,0.882244,-0.025697,-0.077152,-0.463716
1640841552203859968,1.487237,0.246158,1.810737,0.882153,-0.025561,-0.077231,-0.463883
1640841552207810048,1.485346,0.246333,1.816589,0.881782,-0.024997,-0.077539,-0.464568
1640841552208590080,1.484971,0.246370,1.817743,0.881709,-0.024886,-0.077597,-0.464703
1640841552212859904,1.482914,0.246580,1.824044,0.881309,-0.024282,-0.077910,-0.465441
1640841552213519872,1.482594,0.246614,1.825016,0.881247,-0.024188,-0.077957,-0.465555
1640841552218349824,1.480250,0.246874,1.832114,0.880792,-0.023480,-0.078292,-0.466395
1640841552219529984,1.479675,0.246941,1.833844,0.880680,-0.023298,-0.078372,-0.466602
1640841552222829824,1.478062,0.247136,1.838672,0.880365,-0.022770,-0.078586,-0.467186
1640841552224199936,1.477390,0.247219,1.840673,0.880234,-0.022543,-0.078668,-0.467431
1640841552228000000,1.475520,0.247460,1.846209,0.879869,-0.021902,-0.078861,-0.468115
1640841552228859904,1.475096,0.247516,1.847460,0.879786,-0.021756,-0.078894,-0.468271
1640841552233100032,1.472995,0.247803,1.853612,0.879381,-0.021038,-0.079009,-0.469046
1640841552233559808,1.472767,0.247835,1.854278,0.879337,-0.020961,-0.079017,-0.469130
1640841552237779968,1.470662,0.248138,1.860375,0.878932,-0.020249,-0.079075,-0.469911
1640841552239539968,1.469781,0.248269,1.862912,0.878761,-0.019952,-0.079097,-0.470239
1640841552242739968,1.468173,0.248513,1.867514,0.878446,-0.019411,-0.079144,-0.470841
1640841552243429888,1.467825,0.248567,1.868504,0.878378,-0.019294,-0.079155,-0.470972
1640841552247789824,1.465620,0.248917,1.874749,0.877946,-0.018537,-0.079221,-0.471797
1640841552248379904,1.465321,0.248966,1.875592,0.877887,-0.018431,-0.079228,-0.471908
1640841552252869888,1.463034,0.249345,1.881993,0.877445,-0.017611,-0.079257,-0.472756
1640841552253540096,1.462691,0.249403,1.882946,0.877380,-0.017486,-0.079257,-0.472882
1640841552257870080,1.460469,0.249786,1.889091,0.876960,-0.016690,-0.079218,-0.473696
1640841552258819840,1.459980,0.249872,1.890435,0.876868,-0.016518,-0.079199,-0.473875
1640841552262909952,1.457866,0.250251,1.896212,0.876476,-0.015803,-0.079078,-0.474643
1640841552263320064,1.457653,0.250290,1.896789,0.876437,-0.015733,-0.079064,-0.474720
1640841552268079872,1.455174,0.250749,1.903481,0.875984,-0.014893,-0.078887,-0.475611
1640841552269840128,1.454254,0.250923,1.905947,0.875817,-0.014562,-0.078831,-0.475940
1640841552274649856,1.451725,0.251410,1.912667,0.875357,-0.013588,-0.078712,-0.476832
1640841552275519744,1.451265,0.251500,1.913879,0.875274,-0.013405,-0.078691,-0.476994
1640841552277849856,1.450032,0.251744,1.917119,0.875052,-0.012913,-0.078626,-0.477425
1640841552278779904,1.449539,0.251843,1.918411,0.874964,-0.012716,-0.078595,-0.477598
1640841552283279872,1.447141,0.252328,1.924643,0.874537,-0.011771,-0.078399,-0.478435
1640841552285430016,1.445990,0.252565,1.927611,0.874334,-0.011314,-0.078288,-0.478835
1640841552287840000,1.444695,0.252834,1.930930,0.874105,-0.010790,-0.078161,-0.479285
1640841552289029888,1.444054,0.252969,1.932566,0.873992,-0.010525,-0.078098,-0.479508
1640841552292870144,1.441978,0.253409,1.937832,0.873625,-0.009636,-0.077908,-0.480225
1640841552293710080,1.441522,0.253507,1.938981,0.873545,-0.009436,-0.077867,-0.480382
1640841552298369792,1.438982,0.254058,1.945338,0.873098,-0.008312,-0.077639,-0.481251
1640841552299749888,1.438226,0.254224,1.947215,0.872967,-0.007979,-0.077566,-0.481507
1640841552303119872,1.436374,0.254634,1.951786,0.872646,-0.007172,-0.077376,-0.482131
1640841552303920128,1.435933,0.254733,1.952869,0.872570,-0.006980,-0.077330,-0.482279
1640841552307809792,1.433781,0.255218,1.958122,0.872198,-0.006046,-0.077102,-0.482999
1640841552308640000,1.433320,0.255322,1.959240,0.872119,-0.005845,-0.077055,-0.483153
1640841552313109760,1.430828,0.255893,1.965244,0.871685,-0.004742,-0.076815,-0.483986
1640841552314149888,1.430245,0.256028,1.966636,0.871584,-0.004483,-0.076761,-0.484179
1640841552317819904,1.428183,0.256508,1.971539,0.871228,-0.003570,-0.076563,-0.484858
1640841552319360000,1.427314,0.256712,1.973590,0.871081,-0.003191,-0.076472,-0.485139
1640841552323139840,1.425172,0.257218,1.978611,0.870728,-0.002275,-0.076225,-0.485816
1640841552324739840,1.424262,0.257435,1.980730,0.870580,-0.001886,-0.076115,-0.486100
1640841552327819776,1.422503,0.257857,1.984798,0.870296,-0.001122,-0.075903,-0.486644
1640841552331549952,1.420362,0.258374,1.989707,0.869949,-0.000154,-0.075660,-0.487303
1640841552332739840,1.419677,0.258541,1.991268,0.869837,0.000163,-0.075585,-0.487514
1640841552333390080,1.419302,0.258632,1.992121,0.869777,0.000338,-0.075543,-0.487629
1640841552337920000,1.416678,0.259275,1.998042,0.869352,0.001570,-0.075251,-0.488427
1640841552338769920,1.416183,0.259397,1.999150,0.869273,0.001803,-0.075193,-0.488576
1640841552343879936,1.413198,0.260138,2.005787,0.868801,0.003194,-0.074822,-0.489466
1640841552344589824,1.412781,0.260242,2.006706,0.868735,0.003387,-0.074768,-0.489589
1640841552347909888,1.410827,0.260731,2.010994,0.868428,0.004302,-0.074515,-0.490165
1640841552348669952,1.410378,0.260844,2.011973,0.868357,0.004516,-0.074459,-0.490297
1640841552352849920,1.407900,0.261469,2.017344,0.867962,0.005721,-0.074163,-0.491029
1640841552353539840,1.407490,0.261573,2.018228,0.867896,0.005925,-0.074116,-0.491150
1640841552358240000,1.404683,0.262287,2.024231,0.867448,0.007323,-0.073804,-0.491968
1640841552359020032,1.404215,0.262407,2.025224,0.867374,0.007556,-0.073753,-0.492103
1640841552363169792,1.401717,0.263047,2.030491,0.866985,0.008788,-0.073480,-0.492808
1640841552364739840,1.400768,0.263292,2.032478,0.866839,0.009249,-0.073376,-0.493072
1640841552367810048,1.398906,0.263772,2.036351,0.866553,0.010140,-0.073170,-0.493589
1640841552368470016,1.398504,0.263876,2.037181,0.866491,0.010329,-0.073125,-0.493700
1640841552373509888,1.395426,0.264675,2.043504,0.866015,0.011742,-0.072774,-0.494554
1640841552374639872,1.394733,0.264855,2.044916,0.865909,0.012053,-0.072692,-0.494745
1640841552378269952,1.392498,0.265438,2.049440,0.865570,0.013040,-0.072414,-0.495352
1640841552378919936,1.392096,0.265543,2.050248,0.865511,0.013216,-0.072361,-0.495460
1640841552382829824,1.389674,0.266178,2.055094,0.865159,0.014264,-0.072026,-0.496094
1640841552383389952,1.389325,0.266269,2.055786,0.865109,0.014413,-0.071975,-0.496184
1640841552387790080,1.386581,0.266991,2.061208,0.864720,0.015571,-0.071552,-0.496888
1640841552388599808,1.386074,0.267124,2.062203,0.864648,0.015781,-0.071470,-0.497018
1640841552393369856,1.383075,0.267915,2.068042,0.864220,0.017000,-0.070960,-0.497794
1640841552395069952,1.382001,0.268199,2.070115,0.864066,0.017428,-0.070769,-0.498075
1640841552397850112,1.380240,0.268665,2.073495,0.863811,0.018128,-0.070451,-0.498537
1640841552398880000,1.379586,0.268838,2.074744,0.863716,0.018388,-0.070333,-0.498709
1640841552402789888,1.377094,0.269498,2.079471,0.863353,0.019383,-0.069879,-0.499362
1640841552403460096,1.376666,0.269611,2.080279,0.863291,0.019555,-0.069802,-0.499474
1640841552408379904,1.373508,0.270449,2.086189,0.862832,0.020811,-0.069225,-0.500296
1640841552409060096,1.373070,0.270565,2.087003,0.862769,0.020982,-0.069144,-0.500409
1640841552412959744,1.370549,0.271234,2.091658,0.862405,0.021942,-0.068671,-0.501059
1640841552413649920,1.370101,0.271353,2.092479,0.862341,0.022109,-0.068587,-0.501174
1640841552417749760,1.367435,0.272060,2.097343,0.861956,0.023120,-0.068096,-0.501856
1640841552418380032,1.367024,0.272170,2.098088,0.861896,0.023281,-0.068024,-0.501962
1640841552422819840,1.364117,0.272941,2.103322,0.861467,0.024478,-0.067551,-0.502704
1640841552423970048,1.363361,0.273141,2.104673,0.861355,0.024797,-0.067434,-0.502897
1640841552429479936,1.359724,0.274104,2.111117,0.860814,0.026282,-0.066857,-0.503823
1640841552430349824,1.359147,0.274257,2.112130,0.860730,0.026503,-0.066760,-0.503970
1640841552432849920,1.357486,0.274696,2.115035,0.860486,0.027119,-0.066472,-0.504390
1640841552433509888,1.357047,0.274812,2.115800,0.860423,0.027277,-0.066394,-0.504501
1640841552437909760,1.354108,0.275588,2.120886,0.860000,0.028299,-0.065851,-0.505236
1640841552439069952,1.353331,0.275793,2.122222,0.859889,0.028562,-0.065703,-0.505428
1640841552442939904,1.350728,0.276478,2.126664,0.859524,0.029430,-0.065197,-0.506065
1640841552444329984,1.349790,0.276724,2.128254,0.859393,0.029741,-0.065010,-0.506294
1640841552447939840,1.347347,0.277365,2.132369,0.859052,0.030556,-0.064506,-0.506888
1640841552448849920,1.346729,0.277527,2.133403,0.858965,0.030764,-0.064375,-0.507039
1640841552452770048,1.344060,0.278225,2.137844,0.858588,0.031679,-0.063789,-0.507694
1640841552453389824,1.343637,0.278335,2.138544,0.858528,0.031826,-0.063693,-0.507799
1640841552457819904,1.340603,0.279125,2.143531,0.858095,0.032868,-0.062999,-0.508550
1640841552458860032,1.339888,0.279310,2.144697,0.857994,0.033105,-0.062836,-0.508727
1640841552463699712,1.336549,0.280174,2.150103,0.857525,0.034127,-0.062090,-0.509539
1640841552464869888,1.335739,0.280383,2.151405,0.857413,0.034361,-0.061912,-0.509735
1640841552467830016,1.333685,0.280912,2.154689,0.857127,0.034953,-0.061458,-0.510229
1640841552468479744,1.333233,0.281028,2.155408,0.857064,0.035087,-0.061356,-0.510338
1640841552473579776,1.329673,0.281939,2.161030,0.856561,0.036204,-0.060531,-0.511203
1640841552473999872,1.329379,0.282014,2.161491,0.856519,0.036300,-0.060462,-0.511275
1640841552477829888,1.326690,0.282698,2.165685,0.856137,0.037183,-0.059830,-0.511925
1640841552478689792,1.326084,0.282851,2.166623,0.856052,0.037381,-0.059689,-0.512070
1640841552482829824,1.323161,0.283589,2.171126,0.855643,0.038317,-0.059028,-0.512760
1640841552483409920,1.322750,0.283693,2.171755,0.855586,0.038446,-0.058937,-0.512856
1640841552489590016,1.318357,0.284793,2.178424,0.854970,0.039804,-0.057989,-0.513886
1640841552491010048,1.317343,0.285045,2.179949,0.854826,0.040114,-0.057776,-0.514126
1640841552492729856,1.316113,0.285350,2.181791,0.854649,0.040489,-0.057516,-0.514420
1640841552493430016,1.315611,0.285475,2.182539,0.854577,0.040641,-0.057410,-0.514539
1640841552497880064,1.312414,0.286263,2.187281,0.854118,0.041599,-0.056721,-0.515300
1640841552498469888,1.311989,0.286367,2.187907,0.854058,0.041724,-0.056627,-0.515400
1640841552502820096,1.308847,0.287135,2.192509,0.853621,0.042636,-0.055899,-0.516129
1640841552503409920,1.308419,0.287239,2.193131,0.853562,0.042758,-0.055797,-0.516226
1640841552508139776,1.304983,0.288071,2.198099,0.853090,0.043718,-0.054980,-0.517014
1640841552509219840,1.304196,0.288261,2.199229,0.852980,0.043933,-0.054798,-0.517196
1640841552512770048,1.301602,0.288882,2.202930,0.852609,0.044635,-0.054219,-0.517808
1640841552514370048,1.300429,0.289161,2.204592,0.852438,0.044950,-0.053965,-0.518089
1640841552517799936,1.297909,0.289759,2.208142,0.852066,0.045630,-0.053421,-0.518698
1640841552518429952,1.297445,0.289868,2.208792,0.851997,0.045756,-0.053319,-0.518810
1640841552523469824,1.293723,0.290741,2.213972,0.851442,0.046787,-0.052490,-0.519714
1640841552524719872,1.292797,0.290956,2.215250,0.851304,0.047045,-0.052280,-0.519938
1640841552527760128,1.290539,0.291479,2.218351,0.850969,0.047673,-0.051766,-0.520480
1640841552528399872,1.290063,0.291589,2.219002,0.850899,0.047804,-0.051658,-0.520593
1640841552532739840,1.286826,0.292331,2.223400,0.850428,0.048682,-0.050931,-0.521353
1640841552533370112,1.286354,0.292439,2.224036,0.850359,0.048808,-0.050827,-0.521463
1640841552539340032,1.281875,0.293451,2.230035,0.849706,0.049986,-0.049839,-0.522510
1640841552540349952,1.281114,0.293621,2.231044,0.849594,0.050182,-0.049673,-0.522690
1640841552543219968,1.278949,0.294103,2.233905,0.849271,0.050733,-0.049197,-0.523206
1640841552543709952,1.278579,0.294185,2.234392,0.849216,0.050825,-0.049115,-0.523294
1640841552547899904,1.275406,0.294884,2.238543,0.848749,0.051574,-0.048393,-0.524045
1640841552548800000,1.274722,0.295034,2.239431,0.848651,0.051723,-0.048231,-0.524204
1640841552552859904,1.271632,0.295705,2.243423,0.848219,0.052344,-0.047469,-0.524910
1640841552554819840,1.270136,0.296027,2.245341,0.848015,0.052627,-0.047090,-0.525247
1640841552557910016,1.267772,0.296532,2.248354,0.847690,0.053084,-0.046501,-0.525777
1640841552558579968,1.267259,0.296641,2.249005,0.847618,0.053188,-0.046376,-0.525893
1640841552562739968,1.264063,0.297315,2.253034,0.847162,0.053888,-0.045636,-0.526621
1640841552563330048,1.263609,0.297410,2.253604,0.847096,0.053992,-0.045535,-0.526726
1640841552567869952,1.260106,0.298137,2.257967,0.846582,0.054800,-0.044774,-0.527532
1640841552568659968,1.259495,0.298263,2.258723,0.846493,0.054938,-0.044644,-0.527673
1640841552573649920,1.255625,0.299052,2.263477,0.845933,0.055742,-0.043810,-0.528556
1640841552574529792,1.254941,0.299190,2.264312,0.845835,0.055870,-0.043660,-0.528711
1640841552578049792,1.252198,0.299739,2.267639,0.845446,0.056373,-0.043057,-0.529328
1640841552579039744,1.251426,0.299892,2.268571,0.845336,0.056518,-0.042888,-0.529502
1640841552582749952,1.248524,0.300464,2.272051,0.844916,0.057118,-0.042263,-0.530159
1640841552583449856,1.247975,0.300571,2.272706,0.844835,0.057240,-0.042147,-0.530284
1640841552589200128,1.243457,0.301443,2.278053,0.844168,0.058262,-0.041189,-0.531308
1640841552590139904,1.242716,0.301584,2.278922,0.844061,0.058420,-0.041029,-0.531475
1640841552593220096,1.240285,0.302044,2.281761,0.843710,0.058909,-0.040501,-0.532018
1640841552593969920,1.239692,0.302155,2.282450,0.843625,0.059023,-0.040373,-0.532150
1640841552597799936,1.236658,0.302719,2.285957,0.843188,0.059589,-0.039725,-0.532827
1640841552598469888,1.236127,0.302817,2.286568,0.843111,0.059686,-0.039614,-0.532946
1640841552602819840,1.232668,0.303447,2.290519,0.842604,0.060318,-0.038924,-0.533728
1640841552603419904,1.232190,0.303533,2.291061,0.842533,0.060405,-0.038832,-0.533837
1640841552607829760,1.228670,0.304161,2.295033,0.842012,0.061038,-0.038136,-0.534636
1640841552608499968,1.228134,0.304255,2.295634,0.841934,0.061133,-0.038024,-0.534757
1640841552612859904,1.224640,0.304864,2.299527,0.841433,0.061723,-0.037246,-0.535531
1640841552613410048,1.224198,0.304940,2.300017,0.841371,0.061795,-0.037143,-0.535627
1640841552617889792,1.220594,0.305554,2.303983,0.840872,0.062365,-0.036301,-0.536402
1640841552618769920,1.219885,0.305673,2.304758,0.840775,0.062474,-0.036139,-0.536552
1640841552622809856,1.216622,0.306215,2.308303,0.840333,0.062965,-0.035428,-0.537235
1640841552623389952,1.216153,0.306292,2.308810,0.840269,0.063036,-0.035329,-0.537332
1640841552627800064,1.212579,0.306871,2.312648,0.839781,0.063581,-0.034577,-0.538080
1640841552628509952,1.212002,0.306964,2.313263,0.839701,0.063672,-0.034453,-0.538202
1640841552635389952,1.206401,0.307841,2.319182,0.838906,0.064621,-0.033174,-0.539407
1640841552636039936,1.205870,0.307923,2.319738,0.838831,0.064716,-0.033050,-0.539521
1640841552637849856,1.204391,0.308148,2.321281,0.838624,0.064981,-0.032707,-0.539832
1640841552639170048,1.203311,0.308311,2.322403,0.838475,0.065177,-0.032461,-0.540054
1640841552642870016,1.200279,0.308762,2.325535,0.838070,0.065731,-0.031793,-0.540655
1640841552643800064,1.199516,0.308874,2.326319,0.837969,0.065871,-0.031629,-0.540803
1640841552648630016,1.195543,0.309447,2.330368,0.837449,0.066608,-0.030800,-0.541566
1640841552649550080,1.194785,0.309555,2.331136,0.837349,0.066749,-0.030646,-0.541713
1640841552652730112,1.192161,0.309921,2.333777,0.836997,0.067241,-0.030115,-0.542226
1640841552653379840,1.191624,0.309996,2.334316,0.836924,0.067341,-0.030006,-0.542331
1640841552657850112,1.187924,0.310498,2.337998,0.836422,0.068033,-0.029239,-0.543061
1640841552658599936,1.187303,0.310581,2.338613,0.836338,0.068148,-0.029105,-0.543183
1640841552662860032,1.183765,0.311045,2.342089,0.835865,0.068801,-0.028309,-0.543870
1640841552663389952,1.183324,0.311102,2.342520,0.835807,0.068881,-0.028207,-0.543955
1640841552667810048,1.179641,0.311568,2.346093,0.835328,0.069540,-0.027364,-0.544650
1640841552669169920,1.178506,0.311709,2.347187,0.835182,0.069737,-0.027114,-0.544860
1640841552672770048,1.175496,0.312075,2.350068,0.834803,0.070249,-0.026487,-0.545405
1640841552673410048,1.174960,0.312139,2.350578,0.834737,0.070338,-0.026380,-0.545501
1640841552677799936,1.171279,0.312571,2.354059,0.834283,0.070944,-0.025660,-0.546151
1640841552678609920,1.170599,0.312649,2.354698,0.834199,0.071055,-0.025527,-0.546270
1640841552682979840,1.166923,0.313063,2.358128,0.833748,0.071660,-0.024787,-0.546914
1640841552685220096,1.165034,0.313269,2.359876,0.833516,0.071974,-0.024396,-0.547243
1640841552687789824,1.162865,0.313501,2.361870,0.833250,0.072338,-0.023942,-0.547620
1640841552688429824,1.162324,0.313558,2.362365,0.833184,0.072429,-0.023828,-0.547714
1640841552692780032,1.158642,0.313937,2.365715,0.832732,0.073060,-0.023049,-0.548350
1640841552694340096,1.157319,0.314070,2.366908,0.832571,0.073288,-0.022769,-0.548577
1640841552697999872,1.154211,0.314373,2.369695,0.832194,0.073819,-0.022115,-0.549104
1640841552698749952,1.153573,0.314434,2.370263,0.832118,0.073926,-0.021982,-0.549210
1640841552702889984,1.150047,0.314762,2.373385,0.831700,0.074505,-0.021255,-0.549793
1640841552703539968,1.149492,0.314813,2.373873,0.831635,0.074595,-0.021143,-0.549883
1640841552707779840,1.145871,0.315133,2.377039,0.831211,0.075190,-0.020425,-0.550470
1640841552708420096,1.145323,0.315180,2.377515,0.831147,0.075283,-0.020319,-0.550559
1640841552713379840,1.141073,0.315533,2.381178,0.830643,0.076027,-0.019521,-0.551245
1640841552714680064,1.139957,0.315622,2.382132,0.830511,0.076225,-0.019315,-0.551424
1640841552717789952,1.137284,0.315831,2.384404,0.830196,0.076693,-0.018822,-0.551849
1640841552718419968,1.136742,0.315872,2.384862,0.830133,0.076786,-0.018721,-0.551935
1640841552722759936,1.133002,0.316147,2.388004,0.829704,0.077396,-0.018018,-0.552518
1640841552723389952,1.132458,0.316185,2.388457,0.829643,0.077481,-0.017915,-0.552602
1640841552727889920,1.128569,0.316451,2.391679,0.829211,0.078062,-0.017180,-0.553191
1640841552730840064,1.126014,0.316617,2.393775,0.828933,0.078426,-0.016707,-0.553570
1640841552732859904,1.124262,0.316725,2.395202,0.828745,0.078671,-0.016387,-0.553827
1640841552733539840,1.123671,0.316761,2.395681,0.828682,0.078753,-0.016280,-0.553913
1640841552738769920,1.119123,0.317024,2.399342,0.828202,0.079377,-0.015450,-0.554564
1640841552739329792,1.118635,0.317051,2.399732,0.828151,0.079444,-0.015360,-0.554633
1640841552743029760,1.115408,0.317221,2.402293,0.827817,0.079891,-0.014757,-0.555085
1640841552744029952,1.114535,0.317265,2.402982,0.827727,0.080013,-0.014592,-0.555206
1640841552747929856,1.111124,0.317428,2.405654,0.827377,0.080500,-0.013949,-0.555673
1640841552748889856,1.110283,0.317466,2.406308,0.827291,0.080623,-0.013792,-0.555787
1640841552752879872,1.106784,0.317615,2.409011,0.826935,0.081148,-0.013143,-0.556256
1640841552753479936,1.106257,0.317637,2.409416,0.826882,0.081228,-0.013047,-0.556326
1640841552757769728,1.102484,0.317779,2.412291,0.826502,0.081806,-0.012382,-0.556820
1640841552758439936,1.101893,0.317800,2.412738,0.826443,0.081896,-0.012283,-0.556897
1640841552763119872,1.097765,0.317935,2.415839,0.826036,0.082521,-0.011622,-0.557423
1640841552764070144,1.096926,0.317960,2.416464,0.825953,0.082648,-0.011494,-0.557529
1640841552768110080,1.093351,0.318056,2.419108,0.825601,0.083189,-0.010967,-0.557981
1640841552768709888,1.092819,0.318069,2.419499,0.825548,0.083271,-0.010890,-0.558049
1640841552773069824,1.088950,0.318155,2.422321,0.825160,0.083868,-0.010339,-0.558543
1640841552773900032,1.088213,0.318169,2.422855,0.825085,0.083982,-0.010236,-0.558638
1640841552778269952,1.084323,0.318234,2.425649,0.824695,0.084577,-0.009710,-0.559133
1640841552779500032,1.083227,0.318249,2.426430,0.824587,0.084740,-0.009567,-0.559272
1640841552782779904,1.080299,0.318283,2.428502,0.824301,0.085163,-0.009202,-0.559634
1640841552784459776,1.078797,0.318296,2.429557,0.824158,0.085373,-0.009022,-0.559816
1640841552787809792,1.075798,0.318315,2.431649,0.823877,0.085780,-0.008674,-0.560172
1640841552788379904,1.075287,0.318317,2.432003,0.823830,0.085848,-0.008616,-0.560232
1640841552793110016,1.071041,0.318324,2.434922,0.823446,0.086407,-0.008137,-0.560718
1640841552794220032,1.070043,0.318322,2.435603,0.823357,0.086536,-0.008024,-0.560830
1640841552798909952,1.065819,0.318303,2.438457,0.822985,0.087057,-0.007535,-0.561301
1640841552799820032,1.064998,0.318297,2.439007,0.822914,0.087153,-0.007436,-0.561393
1640841552802789888,1.062315,0.318271,2.440793,0.822680,0.087455,-0.007106,-0.561693
1640841552803569920,1.061610,0.318263,2.441260,0.822618,0.087532,-0.007018,-0.561772
1640841552807999744,1.057599,0.318206,2.443894,0.822262,0.087986,-0.006561,-0.562228
1640841552808979968,1.056710,0.318191,2.444473,0.822181,0.088096,-0.006477,-0.562330
1640841552813239808,1.052840,0.318115,2.446972,0.821817,0.088626,-0.006198,-0.562782
1640841552813959936,1.052185,0.318101,2.447392,0.821754,0.088722,-0.006161,-0.562859
1640841552817769984,1.048715,0.318015,2.449600,0.821419,0.089240,-0.005976,-0.563268
1640841552818609920,1.047949,0.317994,2.450083,0.821345,0.089354,-0.005933,-0.563358
1640841552822779904,1.044140,0.317881,2.452470,0.820983,0.089899,-0.005675,-0.563802
1640841552823399936,1.043573,0.317863,2.452822,0.820930,0.089975,-0.005627,-0.563867
1640841552828300032,1.039083,0.317706,2.455589,0.820523,0.090520,-0.005141,-0.564377
1640841552830530048,1.037036,0.317627,2.456836,0.820337,0.090766,-0.004931,-0.564611
1640841552832759808,1.034987,0.317543,2.458075,0.820144,0.091031,-0.004774,-0.564849
1640841552833420032,1.034379,0.317517,2.458441,0.820086,0.091112,-0.004737,-0.564920
1640841552837809920,1.030335,0.317334,2.460855,0.819698,0.091668,-0.004554,-0.565395
1640841552839079936,1.029163,0.317278,2.461548,0.819586,0.091829,-0.004512,-0.565532
1640841552844790016,1.023883,0.317006,2.464634,0.819096,0.092507,-0.004306,-0.566132
1640841552845769984,1.022975,0.316956,2.465158,0.819014,0.092616,-0.004269,-0.566234
1640841552847960064,1.020945,0.316840,2.466326,0.818829,0.092854,-0.004191,-0.566463
1640841552849079808,1.019905,0.316780,2.466920,0.818733,0.092974,-0.004156,-0.566581
1640841552852739840,1.016504,0.316573,2.468849,0.818415,0.093359,-0.004069,-0.566978
1640841552853420032,1.015871,0.316533,2.469205,0.818355,0.093430,-0.004057,-0.567054
1640841552857799936,1.011789,0.316265,2.471483,0.817959,0.093901,-0.004000,-0.567547
1640841552862109952,1.007763,0.315983,2.473696,0.817560,0.094395,-0.003951,-0.568040
1640841552863200000,1.006743,0.315908,2.474251,0.817459,0.094521,-0.003935,-0.568165
1640841552863739904,1.006238,0.315871,2.474525,0.817409,0.094583,-0.003927,-0.568226
1640841552867749888,1.002479,0.315585,2.476550,0.817046,0.095016,-0.003836,-0.568676
1640841552868460032,1.001813,0.315533,2.476906,0.816984,0.095085,-0.003814,-0.568754
1640841552873159936,0.997395,0.315175,2.479243,0.816592,0.095473,-0.003613,-0.569254
1640841552873760000,0.996830,0.315128,2.479539,0.816543,0.095516,-0.003583,-0.569317
1640841552880239872,0.990719,0.314594,2.482701,0.816014,0.095974,-0.003288,-0.570000
1640841552881700096,0.989338,0.314468,2.483405,0.815889,0.096091,-0.003242,-0.570159
1640841552882700032,0.988392,0.314380,2.483885,0.815802,0.096174,-0.003216,-0.570270
1640841552883419904,0.987711,0.314317,2.484230,0.815738,0.096236,-0.003200,-0.570351
1640841552887769856,0.983588,0.313921,2.486297,0.815342,0.096638,-0.003147,-0.570849
1640841552888449792,0.982943,0.313858,2.486617,0.815278,0.096704,-0.003145,-0.570929
1640841552893119744,0.978504,0.313409,2.488800,0.814833,0.097178,-0.003163,-0.571484
1640841552894019840,0.977647,0.313320,2.489217,0.814746,0.097272,-0.003171,-0.571592
1640841552898779904,0.973109,0.312836,2.491403,0.814284,0.097765,-0.003212,-0.572165
1640841552899469824,0.972450,0.312764,2.491717,0.814218,0.097836,-0.003216,-0.572248
1640841552902739968,0.969323,0.312416,2.493195,0.813904,0.098160,-0.003224,-0.572637
1640841552903409920,0.968682,0.312344,2.493496,0.813841,0.098225,-0.003225,-0.572717
1640841552908659968,0.963649,0.311759,2.495831,0.813344,0.098695,-0.003232,-0.573342
1640841552909839872,0.962516,0.311624,2.496350,0.813232,0.098791,-0.003241,-0.573484
1640841552912869888,0.959603,0.311271,2.497674,0.812943,0.099019,-0.003280,-0.573853
1640841552914700032,0.957840,0.311054,2.498467,0.812768,0.099144,-0.003310,-0.574079
1640841552917829888,0.954823,0.310674,2.499811,0.812469,0.099338,-0.003359,-0.574469
1640841552918510080,0.954166,0.310590,2.500101,0.812404,0.099377,-0.003368,-0.574555
1640841552922919936,0.949904,0.310035,2.501967,0.811982,0.099606,-0.003390,-0.575110
1640841552923739904,0.949110,0.309929,2.502310,0.811904,0.099645,-0.003389,-0.575214
1640841552927959808,0.945019,0.309377,2.504063,0.811505,0.099829,-0.003383,-0.575745
1640841552931739904,0.941347,0.308867,2.505611,0.811151,0.099979,-0.003404,-0.576218
1640841552932899840,0.940218,0.308708,2.506082,0.811043,0.100024,-0.003419,-0.576362
1640841552933379840,0.939751,0.308642,2.506276,0.810998,0.100042,-0.003427,-0.576421
1640841552941200128,0.932121,0.307529,2.509393,0.810253,0.100340,-0.003630,-0.577416
1640841552942599936,0.930751,0.307324,2.509942,0.810113,0.100394,-0.003678,-0.577603
1640841552943109888,0.930252,0.307248,2.510141,0.810061,0.100414,-0.003696,-0.577671
1640841552943519744,0.929851,0.307188,2.510300,0.810020,0.100430,-0.003711,-0.577727
1640841552948109824,0.925351,0.306496,2.512072,0.809549,0.100617,-0.003885,-0.578352
1640841552950009856,0.923484,0.306204,2.512797,0.809355,0.100698,-0.003960,-0.578610
1640841552952879872,0.920661,0.305756,2.513881,0.809063,0.100824,-0.004072,-0.578995
1640841552953489920,0.920060,0.305659,2.514110,0.809002,0.100851,-0.004095,-0.579076
1640841552958030080,0.915583,0.304931,2.515796,0.808548,0.101039,-0.004272,-0.579675
1640841552958849792,0.914773,0.304798,2.516098,0.808466,0.101069,-0.004305,-0.579783
1640841552962929920,0.910738,0.304123,2.517583,0.808062,0.101191,-0.004468,-0.580324
1640841552963899904,0.909777,0.303960,2.517932,0.807967,0.101213,-0.004508,-0.580453
1640841552967779840,0.905928,0.303299,2.519317,0.807586,0.101280,-0.004670,-0.580970
1640841552968459776,0.905253,0.303182,2.519557,0.807519,0.101288,-0.004699,-0.581061
1640841552972790016,0.900945,0.302425,2.521072,0.807098,0.101327,-0.004885,-0.581637
1640841552973549824,0.900188,0.302290,2.521335,0.807025,0.101331,-0.004918,-0.581738
1640841552977870080,0.895878,0.301513,2.522815,0.806611,0.101351,-0.005100,-0.582306
1640841552981329920,0.892417,0.300878,2.523981,0.806285,0.101367,-0.005236,-0.582754
1640841552983500032,0.890243,0.300474,2.524703,0.806081,0.101377,-0.005319,-0.583033
1640841552984400128,0.889341,0.300305,2.525001,0.805997,0.101381,-0.005353,-0.583148
1640841552987949824,0.885776,0.299631,2.526163,0.805666,0.101391,-0.005500,-0.583602
1640841552989709824,0.884006,0.299292,2.526733,0.805502,0.101391,-0.005582,-0.583829
1640841552992829952,0.880864,0.298685,2.527731,0.805208,0.101381,-0.005748,-0.584234
1640841552993489920,0.880198,0.298555,2.527941,0.805145,0.101378,-0.005785,-0.584321
1640841552997979904,0.875664,0.297662,2.529350,0.804711,0.101359,-0.006049,-0.584919
1640841552998889984,0.874743,0.297478,2.529632,0.804621,0.101357,-0.006102,-0.585043
1640841553006589952,0.866934,0.295895,2.531971,0.803829,0.101400,-0.006522,-0.586118
1640841553008160000,0.865337,0.295566,2.532437,0.803664,0.101418,-0.006613,-0.586340
1640841553008630016,0.864858,0.295466,2.532576,0.803615,0.101424,-0.006641,-0.586406
1640841553009110016,0.864370,0.295365,2.532718,0.803564,0.101430,-0.006670,-0.586474
1640841553013609984,0.859782,0.294404,2.534029,0.803093,0.101490,-0.006984,-0.587106
1640841553014789888,0.858577,0.294149,2.534369,0.802970,0.101507,-0.007077,-0.587270
1640841553021920000,0.851276,0.292579,2.536376,0.802219,0.101605,-0.007679,-0.588270
1640841553023059968,0.850105,0.292324,2.536691,0.802097,0.101620,-0.007777,-0.588433
1640841553023490048,0.849664,0.292227,2.536809,0.802051,0.101626,-0.007813,-0.588495
1640841553023820032,0.849325,0.292153,2.536899,0.802015,0.101630,-0.007841,-0.588542
1640841553027840000,0.845190,0.291241,2.537989,0.801574,0.101674,-0.008163,-0.589131
1640841553028909824,0.844087,0.290996,2.538275,0.801456,0.101678,-0.008244,-0.589290
1640841553032839936,0.840032,0.290086,2.539312,0.801040,0.101627,-0.008521,-0.589860
1640841553033459968,0.839391,0.289942,2.539474,0.800977,0.101608,-0.008563,-0.589947
1640841553038739968,0.833926,0.288695,2.540829,0.800463,0.101366,-0.008897,-0.590682
1640841553039419904,0.833221,0.288532,2.541000,0.800397,0.101329,-0.008938,-0.590776
1640841553042759936,0.829753,0.287729,2.541834,0.800074,0.101144,-0.009138,-0.591243
1640841553043459840,0.829025,0.287560,2.542007,0.800005,0.101107,-0.009179,-0.591342
1640841553047829760,0.824475,0.286491,2.543070,0.799554,0.100917,-0.009440,-0.591980
1640841553050940160,0.821229,0.285721,2.543810,0.799215,0.100815,-0.009628,-0.592451
1640841553052800000,0.819285,0.285256,2.544246,0.799019,0.100731,-0.009739,-0.592729
1640841553053449984,0.818605,0.285093,2.544397,0.798952,0.100694,-0.009777,-0.592824
1640841553057819904,0.814027,0.283987,2.545399,0.798517,0.100396,-0.010026,-0.593457
1640841553058699776,0.813104,0.283762,2.545598,0.798430,0.100332,-0.010074,-0.593584
1640841553062779904,0.808816,0.282712,2.546505,0.798014,0.100060,-0.010289,-0.594185
1640841553063899904,0.807637,0.282421,2.546750,0.797897,0.099993,-0.010348,-0.594353
1640841553067950080,0.803367,0.281361,2.547621,0.797467,0.099764,-0.010569,-0.594963
1640841553068620032,0.802660,0.281185,2.547763,0.797396,0.099727,-0.010608,-0.595064
1640841553072969984,0.798060,0.280029,2.548669,0.796936,0.099488,-0.010884,-0.595715
1640841553074569984,0.796365,0.279600,2.548996,0.796767,0.099401,-0.010995,-0.595954
1640841553077839872,0.792896,0.278717,2.549653,0.796419,0.099224,-0.011235,-0.596443
1640841553078680064,0.792004,0.278489,2.549819,0.796329,0.099180,-0.011299,-0.596570
1640841553083079936,0.787322,0.277285,2.550675,0.795850,0.098955,-0.011645,-0.597239
1640841553084809984,0.785478,0.276807,2.551005,0.795659,0.098865,-0.011786,-0.597505
1640841553088239872,0.781816,0.275853,2.551646,0.795281,0.098675,-0.012071,-0.598035
1640841553088929792,0.781079,0.275660,2.551773,0.795205,0.098633,-0.012130,-0.598141
1640841553092919808,0.776807,0.274537,2.552494,0.794770,0.098369,-0.012470,-0.598756
1640841553094400000,0.775220,0.274118,2.552757,0.794610,0.098262,-0.012596,-0.598983
1640841553097979904,0.771375,0.273096,2.553379,0.794226,0.097990,-0.012889,-0.599530
1640841553099920128,0.769288,0.272539,2.553709,0.794020,0.097839,-0.013038,-0.599825
1640841553102840064,0.766142,0.271694,2.554196,0.793712,0.097606,-0.013247,-0.600266
1640841553103459840,0.765474,0.271514,2.554298,0.793647,0.097556,-0.013288,-0.600359
1640841553107899904,0.760677,0.270217,2.555013,0.793186,0.097177,-0.013564,-0.601023
1640841553108960000,0.759530,0.269905,2.555180,0.793077,0.097081,-0.013623,-0.601181
1640841553114390016,0.753643,0.268295,2.556011,0.792524,0.096551,-0.013905,-0.601989
1640841553115959808,0.751937,0.267826,2.556244,0.792364,0.096394,-0.013988,-0.602223
1640841553117760000,0.749979,0.267286,2.556507,0.792178,0.096218,-0.014091,-0.602493
1640841553118609920,0.749054,0.267030,2.556629,0.792090,0.096137,-0.014144,-0.602621
1640841553122819840,0.744464,0.265757,2.557223,0.791639,0.095771,-0.014457,-0.603264
1640841553123759872,0.743438,0.265471,2.557353,0.791536,0.095697,-0.014537,-0.603409
1640841553127929856,0.738877,0.264195,2.557913,0.791074,0.095375,-0.014916,-0.604056
1640841553128859904,0.737859,0.263909,2.558035,0.790971,0.095302,-0.015002,-0.604200
1640841553134330112,0.731855,0.262216,2.558729,0.790378,0.094821,-0.015459,-0.605040
1640841553135069952,0.731042,0.261985,2.558820,0.790300,0.094745,-0.015510,-0.605151
1640841553137819904,0.728015,0.261126,2.559152,0.790016,0.094444,-0.015685,-0.605565
1640841553138550016,0.727210,0.260897,2.559238,0.789940,0.094362,-0.015732,-0.605675
1640841553142989824,0.722310,0.259497,2.559749,0.789459,0.093882,-0.016083,-0.606368
1640841553143579904,0.721658,0.259311,2.559814,0.789393,0.093820,-0.016136,-0.606462
1640841553148300032,0.716432,0.257809,2.560326,0.788860,0.093331,-0.016596,-0.607218
1640841553149299968,0.715323,0.257489,2.560431,0.788748,0.093226,-0.016695,-0.607377
1640841553152760064,0.711479,0.256378,2.560783,0.788371,0.092854,-0.017027,-0.607914
1640841553154309888,0.709755,0.255878,2.560936,0.788206,0.092682,-0.017170,-0.608150
1640841553157809920,0.705856,0.254744,2.561271,0.787839,0.092285,-0.017495,-0.608676
1640841553158589952,0.704986,0.254490,2.561343,0.787758,0.092196,-0.017571,-0.608793
1640841553163319808,0.699700,0.252946,2.561766,0.787253,0.091657,-0.018064,-0.609513
1640841553164889856,0.697942,0.252430,2.561900,0.787081,0.091478,-0.018239,-0.609756
1640841553167840000,0.694635,0.251459,2.562144,0.786754,0.091142,-0.018577,-0.610218
1640841553168449792,0.693950,0.251257,2.562193,0.786686,0.091073,-0.018647,-0.610314
1640841553172740096,0.689128,0.249835,2.562525,0.786198,0.090579,-0.019136,-0.611001
1640841553173379840,0.688407,0.249622,2.562573,0.786124,0.090505,-0.019209,-0.611104
1640841553178180096,0.682994,0.248019,2.562914,0.785570,0.089947,-0.019752,-0.611881
1640841553180290048,0.680609,0.247310,2.563055,0.785327,0.089699,-0.019991,-0.612222
1640841553183079936,0.677451,0.246371,2.563233,0.785007,0.089368,-0.020306,-0.612670
1640841553183899904,0.676522,0.246094,2.563283,0.784914,0.089269,-0.020398,-0.612801
1640841553187699968,0.672210,0.244807,2.563507,0.784487,0.088797,-0.020819,-0.613402
1640841553188410112,0.671403,0.244565,2.563547,0.784409,0.088705,-0.020896,-0.613512
1640841553192989952,0.666191,0.243004,2.563789,0.783914,0.088087,-0.021382,-0.614216
1640841553194059776,0.664971,0.242638,2.563842,0.783800,0.087936,-0.021495,-0.614380
1640841553198269952,0.660163,0.241194,2.564037,0.783342,0.087340,-0.021957,-0.615033
1640841553199339776,0.658939,0.240825,2.564083,0.783221,0.087189,-0.022081,-0.615203
1640841553202839808,0.654929,0.239617,2.564225,0.782816,0.086697,-0.022509,-0.615773
1640841553203650048,0.654000,0.239337,2.564255,0.782721,0.086583,-0.022610,-0.615906
1640841553208289792,0.648669,0.237726,2.564416,0.782178,0.085913,-0.023190,-0.616667
1640841553209100032,0.647736,0.237444,2.564442,0.782085,0.085792,-0.023289,-0.616798
1640841553212950016,0.643299,0.236101,2.564552,0.781658,0.085194,-0.023737,-0.617406
1640841553213899776,0.642202,0.235769,2.564577,0.781555,0.085042,-0.023846,-0.617553
1640841553218370048,0.637034,0.234201,2.564679,0.781077,0.084319,-0.024365,-0.618236
1640841553219450112,0.635783,0.233821,2.564700,0.780962,0.084145,-0.024497,-0.618400
1640841553222899968,0.631781,0.232605,2.564758,0.780589,0.083594,-0.024942,-0.618927
1640841553223640064,0.630921,0.232343,2.564769,0.780507,0.083478,-0.025041,-0.619042
1640841553227809792,0.626071,0.230867,2.564818,0.780033,0.082842,-0.025621,-0.619701
1640841553228459776,0.625314,0.230637,2.564824,0.779957,0.082747,-0.025714,-0.619806
1640841553232749824,0.620308,0.229112,2.564850,0.779432,0.082136,-0.026336,-0.620521
1640841553234969856,0.617713,0.228321,2.564855,0.779155,0.081827,-0.026657,-0.620896
1640841553238739968,0.613297,0.226974,2.564851,0.778695,0.081294,-0.027191,-0.621520
1640841553239579904,0.612312,0.226673,2.564848,0.778596,0.081171,-0.027306,-0.621655
1640841553244029952,0.607083,0.225077,2.564818,0.778092,0.080502,-0.027901,-0.622345
1640841553244570112,0.606448,0.224883,2.564813,0.778032,0.080419,-0.027973,-0.622427
1640841553247859968,0.602572,0.223700,2.564775,0.777667,0.079918,-0.028425,-0.622928
1640841553248600064,0.601699,0.223433,2.564765,0.777584,0.079806,-0.028531,-0.623041
1640841553252790016,0.596749,0.221921,2.564695,0.777097,0.079189,-0.029168,-0.623698
1640841553253449984,0.595968,0.221683,2.564683,0.777018,0.079093,-0.029273,-0.623803
1640841553258119936,0.590433,0.219992,2.564579,0.776454,0.078408,-0.030025,-0.624556
1640841553259539968,0.588747,0.219477,2.564542,0.776282,0.078194,-0.030251,-0.624786
1640841553263160064,0.584442,0.218163,2.564440,0.775846,0.077626,-0.030810,-0.625370
1640841553264089856,0.583334,0.217825,2.564411,0.775736,0.077477,-0.030951,-0.625519
1640841553268479744,0.578097,0.216226,2.564263,0.775228,0.076765,-0.031608,-0.626203
1640841553269399808,0.576998,0.215891,2.564229,0.775125,0.076616,-0.031746,-0.626341
1640841553275030016,0.570257,0.213835,2.564002,0.774516,0.075723,-0.032613,-0.627158
1640841553277089792,0.567784,0.213082,2.563911,0.774290,0.075403,-0.032946,-0.627458
1640841553279009792,0.565477,0.212379,2.563822,0.774072,0.075108,-0.033266,-0.627745
1640841553279650048,0.564707,0.212144,2.563791,0.773998,0.075010,-0.033375,-0.627843
1640841553283039744,0.560626,0.210902,2.563621,0.773588,0.074494,-0.033965,-0.628378
1640841553283629824,0.559914,0.210686,2.563590,0.773515,0.074404,-0.034068,-0.628473
1640841553287849984,0.554819,0.209137,2.563359,0.772986,0.073758,-0.034801,-0.629159
1640841553288709888,0.553779,0.208821,2.563310,0.772879,0.073625,-0.034946,-0.629298
1640841553292780032,0.548850,0.207324,2.563066,0.772382,0.072980,-0.035593,-0.629947
1640841553293639936,0.547807,0.207008,2.563012,0.772281,0.072841,-0.035719,-0.630080
1640841553297769984,0.542789,0.205488,2.562742,0.771809,0.072166,-0.036303,-0.630702
1640841553299419904,0.540781,0.204880,2.562629,0.771623,0.071901,-0.036544,-0.630946
1640841553302919936,0.536515,0.203590,2.562381,0.771221,0.071365,-0.037114,-0.631465
1640841553304149760,0.535014,0.203137,2.562291,0.771076,0.071186,-0.037335,-0.631649
1640841553310700032,0.526999,0.200720,2.561783,0.770277,0.070220,-0.038559,-0.632657
1640841553311360000,0.526190,0.200476,2.561730,0.770194,0.070116,-0.038677,-0.632763
1640841553312859904,0.524349,0.199923,2.561606,0.770006,0.069872,-0.038935,-0.633003
1640841553314169856,0.522741,0.199439,2.561497,0.769840,0.069652,-0.039153,-0.633215
1640841553317819904,0.518251,0.198091,2.561182,0.769387,0.069006,-0.039730,-0.633801
1640841553318529792,0.517377,0.197829,2.561119,0.769301,0.068876,-0.039839,-0.633913
1640841553322949888,0.511924,0.196197,2.560717,0.768786,0.068043,-0.040502,-0.634585
1640841553324209920,0.510367,0.195731,2.560599,0.768645,0.067800,-0.040689,-0.634769
1640841553327849984,0.505863,0.194387,2.560248,0.768246,0.067094,-0.041228,-0.635293
1640841553328539904,0.505008,0.194132,2.560180,0.768171,0.066960,-0.041331,-0.635391
1640841553333230080,0.499187,0.192400,2.559706,0.767659,0.066057,-0.042037,-0.636057
1640841553333760000,0.498528,0.192205,2.559651,0.767601,0.065956,-0.042118,-0.636133
1640841553337969920,0.493287,0.190651,2.559204,0.767132,0.065164,-0.042757,-0.636737
1640841553339629824,0.491217,0.190038,2.559023,0.766944,0.064857,-0.043009,-0.636978
1640841553342870016,0.487171,0.188843,2.558662,0.766569,0.064269,-0.043496,-0.637455
1640841553343459840,0.486433,0.188626,2.558595,0.766500,0.064163,-0.043584,-0.637543
1640841553349229824,0.479205,0.186499,2.557924,0.765834,0.063129,-0.044427,-0.638388
1640841553350599936,0.477485,0.185995,2.557760,0.765681,0.062881,-0.044621,-0.638583
1640841553352739840,0.474796,0.185207,2.557500,0.765447,0.062491,-0.044921,-0.638881
1640841553353410048,0.473954,0.184960,2.557418,0.765374,0.062368,-0.045014,-0.638973
1640841553359299840,0.466532,0.182795,2.556676,0.764743,0.061279,-0.045824,-0.639776
1640841553360719872,0.464739,0.182274,2.556492,0.764589,0.061016,-0.046019,-0.639971
1640841553362779904,0.462135,0.181518,2.556222,0.764362,0.060635,-0.046306,-0.640258
1640841553363469824,0.461262,0.181265,2.556131,0.764285,0.060508,-0.046402,-0.640354
1640841553367950080,0.455586,0.179623,2.555527,0.763779,0.059694,-0.047047,-0.640987
1640841553368679936,0.454660,0.179355,2.555427,0.763695,0.059564,-0.047156,-0.641091
1640841553372879872,0.449323,0.177819,2.554841,0.763209,0.058830,-0.047801,-0.641690
1640841553378409984,0.442277,0.175801,2.554045,0.762568,0.057884,-0.048682,-0.642471
1640841553379049984,0.441460,0.175568,2.553951,0.762495,0.057775,-0.048785,-0.642560
1640841553379629824,0.440719,0.175356,2.553865,0.762429,0.057675,-0.048877,-0.642641
1640841553383209984,0.436143,0.174053,2.553331,0.762025,0.057054,-0.049444,-0.643131
1640841553383899904,0.435260,0.173802,2.553226,0.761949,0.056933,-0.049551,-0.643224
1640841553390799872,0.426410,0.171299,2.552159,0.761188,0.055691,-0.050593,-0.644152
1640841553391739904,0.425202,0.170959,2.552010,0.761083,0.055518,-0.050730,-0.644280
1640841553392769792,0.423877,0.170586,2.551846,0.760968,0.055328,-0.050878,-0.644420
1640841553393440000,0.423015,0.170344,2.551739,0.760893,0.055204,-0.050973,-0.644512
1640841553398999808,0.415849,0.168337,2.550835,0.760263,0.054176,-0.051715,-0.645283
1640841553399780096,0.414841,0.168056,2.550705,0.760175,0.054032,-0.051810,-0.645392
1640841553403849728,0.409580,0.166593,2.550023,0.759714,0.053292,-0.052271,-0.645958
1640841553404480000,0.408764,0.166367,2.549916,0.759643,0.053178,-0.052337,-0.646046
1640841553407749888,0.404527,0.165195,2.549356,0.759284,0.052570,-0.052655,-0.646492
1640841553408489984,0.403567,0.164930,2.549228,0.759204,0.052428,-0.052722,-0.646592
1640841553412969728,0.397748,0.163330,2.548442,0.758742,0.051518,-0.053102,-0.647175
1640841553413509888,0.397046,0.163138,2.548346,0.758688,0.051405,-0.053146,-0.647244
1640841553417959936,0.391250,0.161555,2.547546,0.758241,0.050472,-0.053513,-0.647811
1640841553420229888,0.388288,0.160750,2.547132,0.758006,0.050014,-0.053713,-0.648106
1640841553422710016,0.385049,0.159872,2.546674,0.757741,0.049537,-0.053943,-0.648433
1640841553423529984,0.383977,0.159582,2.546521,0.757652,0.049382,-0.054020,-0.648542
1640841553427859968,0.378308,0.158055,2.545707,0.757177,0.048585,-0.054411,-0.649124
1640841553428879872,0.376971,0.157697,2.545512,0.757065,0.048398,-0.054495,-0.649261
1640841553433789952,0.370525,0.155975,2.544566,0.756539,0.047481,-0.054822,-0.649915
1640841553435600128,0.368145,0.155342,2.544211,0.756353,0.047127,-0.054900,-0.650151
1640841553437880064,0.365144,0.154547,2.543762,0.756122,0.046669,-0.054978,-0.650445
1640841553438809856,0.363919,0.154224,2.543577,0.756028,0.046479,-0.055008,-0.650565
1640841553442729984,0.358748,0.152863,2.542791,0.755629,0.045662,-0.055165,-0.651074
1640841553443439872,0.357811,0.152617,2.542647,0.755555,0.045512,-0.055201,-0.651167
1640841553448129792,0.351610,0.150997,2.541687,0.755057,0.044540,-0.055476,-0.651787
1640841553448659968,0.350908,0.150815,2.541578,0.755001,0.044434,-0.055508,-0.651858
1640841553453209856,0.344877,0.149254,2.540628,0.754511,0.043573,-0.055755,-0.652462
1640841553454360064,0.343351,0.148860,2.540386,0.754387,0.043365,-0.055809,-0.652614
1640841553457739776,0.338860,0.147708,2.539667,0.754022,0.042760,-0.055951,-0.653063
1640841553459099904,0.337051,0.147246,2.539375,0.753876,0.042513,-0.056001,-0.653244
1640841553462759936,0.332177,0.146005,2.538583,0.753485,0.041829,-0.056115,-0.653730
1640841553463480064,0.331217,0.145762,2.538426,0.753408,0.041691,-0.056135,-0.653825
1640841553467820032,0.325426,0.144301,2.537472,0.752951,0.040844,-0.056234,-0.654396
1640841553469639936,0.322993,0.143691,2.537067,0.752763,0.040483,-0.056269,-0.654632
1640841553472790016,0.318779,0.142639,2.536361,0.752442,0.039859,-0.056319,-0.655035
1640841553473489920,0.317842,0.142406,2.536203,0.752372,0.039720,-0.056329,-0.655123
1640841553477710080,0.312185,0.141005,2.535244,0.751949,0.038880,-0.056367,-0.655655
1640841553478439680,0.311206,0.140764,2.535077,0.751876,0.038733,-0.056368,-0.655748
1640841553482849792,0.305282,0.139312,2.534058,0.751428,0.037832,-0.056337,-0.656316
1640841553483569920,0.304313,0.139076,2.533891,0.751355,0.037683,-0.056326,-0.656410
1640841553487959808,0.298403,0.137642,2.532861,0.750912,0.036756,-0.056231,-0.656977
1640841553488689920,0.297419,0.137404,2.532688,0.750839,0.036600,-0.056210,-0.657070
1640841553492749824,0.291942,0.136089,2.531722,0.750444,0.035717,-0.056080,-0.657582
1640841553493499904,0.290929,0.135847,2.531542,0.750371,0.035552,-0.056054,-0.657675
1640841553497779968,0.285144,0.134473,2.530509,0.749958,0.034615,-0.055905,-0.658209
1640841553500279808,0.281760,0.133675,2.529900,0.749711,0.034076,-0.055826,-0.658526
1640841553502759936,0.278400,0.132887,2.529292,0.749458,0.033551,-0.055758,-0.658846
1640841553503529984,0.277356,0.132643,2.529103,0.749379,0.033391,-0.055739,-0.658946
1640841553507859968,0.271479,0.131277,2.528029,0.748924,0.032511,-0.055647,-0.659515
1640841553508519936,0.270583,0.131070,2.527864,0.748853,0.032380,-0.055634,-0.659602
1640841553512889856,0.264641,0.129705,2.526767,0.748386,0.031534,-0.055561,-0.660179
1640841553514210048,0.262844,0.129295,2.526433,0.748245,0.031282,-0.055541,-0.660354
1640841553517859840,0.257871,0.128168,2.525504,0.747852,0.030581,-0.055486,-0.660836
1640841553518800128,0.256589,0.127878,2.525263,0.747750,0.030398,-0.055471,-0.660960
1640841553522809856,0.251116,0.126652,2.524231,0.747320,0.029599,-0.055404,-0.661489
1640841553523539968,0.250119,0.126429,2.524042,0.747242,0.029450,-0.055391,-0.661584
1640841553527819776,0.244267,0.125133,2.522929,0.746793,0.028566,-0.055302,-0.662137
1640841553528549888,0.243268,0.124913,2.522738,0.746718,0.028413,-0.055285,-0.662229
1640841553533149952,0.236968,0.123536,2.521527,0.746259,0.027438,-0.055158,-0.662799
1640841553533919744,0.235912,0.123307,2.521323,0.746184,0.027274,-0.055134,-0.662893
1640841553537789696,0.230602,0.122161,2.520293,0.745804,0.026455,-0.054996,-0.663364
1640841553541309952,0.225767,0.121128,2.519349,0.745454,0.025724,-0.054848,-0.663798
1640841553542739968,0.223801,0.120711,2.518964,0.745310,0.025431,-0.054781,-0.663977
1640841553543549952,0.222687,0.120475,2.518745,0.745228,0.025266,-0.054742,-0.664078
1640841553547960064,0.216616,0.119200,2.517548,0.744788,0.024361,-0.054509,-0.664625
1640841553548930048,0.215280,0.118922,2.517283,0.744693,0.024159,-0.054454,-0.664743
1640841553552819968,0.209917,0.117811,2.516217,0.744326,0.023332,-0.054224,-0.665202
1640841553553469952,0.209020,0.117627,2.516038,0.744266,0.023193,-0.054185,-0.665277
1640841553557760000,0.203097,0.116417,2.514852,0.743873,0.022274,-0.053937,-0.665769
1640841553558589952,0.201950,0.116184,2.514621,0.743796,0.022099,-0.053892,-0.665864
1640841553562749952,0.196198,0.115026,2.513460,0.743405,0.021240,-0.053687,-0.666344
1640841553563500032,0.195160,0.114819,2.513250,0.743334,0.021089,-0.053651,-0.666432
1640841553567859968,0.189122,0.113622,2.512023,0.742916,0.020226,-0.053432,-0.666942
1640841553568519936,0.188208,0.113442,2.511837,0.742853,0.020098,-0.053395,-0.667019
1640841553572899840,0.182134,0.112256,2.510594,0.742433,0.019261,-0.053114,-0.667533
1640841553573699840,0.181024,0.112041,2.510366,0.742357,0.019110,-0.053059,-0.667627
1640841553578179840,0.174803,0.110846,2.509084,0.741928,0.018275,-0.052773,-0.668150
1640841553579259904,0.173302,0.110561,2.508773,0.741824,0.018075,-0.052717,-0.668275
1640841553582759936,0.168435,0.109641,2.507764,0.741487,0.017434,-0.052574,-0.668677
1640841553584909824,0.165444,0.109081,2.507141,0.741280,0.017042,-0.052504,-0.668922
1640841553587810048,0.161406,0.108331,2.506298,0.741002,0.016517,-0.052417,-0.669251
1640841553588509952,0.160431,0.108151,2.506094,0.740935,0.016391,-0.052396,-0.669329
1640841553592800000,0.154452,0.107057,2.504840,0.740527,0.015621,-0.052246,-0.669810
1640841553594579968,0.151970,0.106608,2.504317,0.740360,0.015304,-0.052175,-0.670008
1640841553597719808,0.147588,0.105821,2.503392,0.740066,0.014747,-0.052038,-0.670356
1640841553598599936,0.146360,0.105602,2.503132,0.739984,0.014592,-0.051997,-0.670452
1640841553602779904,0.140521,0.104570,2.501893,0.739599,0.013857,-0.051791,-0.670909
1640841553603559936,0.139431,0.104379,2.501661,0.739528,0.013720,-0.051751,-0.670994
1640841553607820032,0.133475,0.103345,2.500390,0.739148,0.012952,-0.051521,-0.671445
1640841553608529920,0.132482,0.103175,2.500178,0.739086,0.012821,-0.051481,-0.671518
1640841553612809984,0.126492,0.102154,2.498894,0.738723,0.012009,-0.051238,-0.671952
1640841553613669888,0.125288,0.101951,2.498635,0.738650,0.011845,-0.051188,-0.672038
1640841553618690048,0.118255,0.100777,2.497118,0.738222,0.010896,-0.050897,-0.672547
1640841553619360000,0.117316,0.100622,2.496915,0.738163,0.010773,-0.050858,-0.672616
1640841553622739968,0.112577,0.099846,2.495889,0.737857,0.010175,-0.050664,-0.672976
1640841553623479808,0.111540,0.099678,2.495663,0.737789,0.010048,-0.050621,-0.673056
1640841553627919872,0.105310,0.098676,2.494308,0.737378,0.009302,-0.050348,-0.673537
1640841553630479872,0.101716,0.098107,2.493523,0.737145,0.008878,-0.050173,-0.673811
1640841553632759808,0.098514,0.097604,2.492823,0.736944,0.008500,-0.050003,-0.674049
1640841553633859840,0.096969,0.097363,2.492484,0.736848,0.008317,-0.049919,-0.674162
1640841553638860032,0.089943,0.096283,2.490941,0.736417,0.007482,-0.049546,-0.674670
1640841553639559936,0.088959,0.096133,2.490724,0.736356,0.007365,-0.049499,-0.674741
1640841553642919936,0.084235,0.095422,2.489682,0.736060,0.006803,-0.049296,-0.675084
1640841553643980032,0.082744,0.095199,2.489352,0.735966,0.006625,-0.049238,-0.675193
1640841553647859712,0.077286,0.094394,2.488143,0.735620,0.005972,-0.049034,-0.675591
1640841553648960000,0.075738,0.094168,2.487800,0.735522,0.005786,-0.048975,-0.675703
1640841553652779776,0.070362,0.093392,2.486604,0.735185,0.005136,-0.048752,-0.676091
1640841553653479936,0.069376,0.093251,2.486385,0.735124,0.005016,-0.048708,-0.676162
1640841553657789952,0.063308,0.092395,2.485030,0.734750,0.004273,-0.048419,-0.676594
1640841553658959872,0.061660,0.092165,2.484661,0.734650,0.004070,-0.048336,-0.676710
1640841553662720000,0.056364,0.091436,2.483474,0.734327,0.003409,-0.048061,-0.677083
1640841553663480064,0.055293,0.091290,2.483233,0.734263,0.003274,-0.048005,-0.677158
1640841553667909888,0.049051,0.090451,2.481829,0.733890,0.002477,-0.047676,-0.677589
1640841553668640000,0.048022,0.090315,2.481597,0.733830,0.002344,-0.047623,-0.677658
1640841553672780032,0.042187,0.089550,2.480279,0.733492,0.001579,-0.047327,-0.678047
1640841553674010112,0.040454,0.089326,2.479887,0.733392,0.001352,-0.047240,-0.678161
1640841553677739776,0.035196,0.088655,2.478695,0.733087,0.000678,-0.046975,-0.678510
1640841553679459840,0.032771,0.088350,2.478144,0.732943,0.000380,-0.046850,-0.678674
1640841553682999808,0.027780,0.087731,2.477008,0.732640,-0.000200,-0.046581,-0.679020
1640841553686089984,0.023423,0.087200,2.476014,0.732372,-0.000689,-0.046332,-0.679326
1640841553687729920,0.021110,0.086922,2.475485,0.732230,-0.000949,-0.046193,-0.679488
1640841553688539904,0.019968,0.086786,2.475224,0.732161,-0.001079,-0.046122,-0.679568
1640841553692719872,0.014074,0.086093,2.473873,0.731809,-0.001767,-0.045745,-0.679971
1640841553693469952,0.013016,0.085970,2.473630,0.731746,-0.001893,-0.045677,-0.680042
1640841553697809920,0.006897,0.085271,2.472223,0.731389,-0.002629,-0.045303,-0.680449
1640841553698579968,0.005811,0.085149,2.471973,0.731325,-0.002760,-0.045243,-0.680521
1640841553703099904,-0.000562,0.084444,2.470502,0.730952,-0.003527,-0.044936,-0.680939
1640841553703579904,-0.001239,0.084370,2.470346,0.730912,-0.003608,-0.044907,-0.680983
1640841553708480000,-0.008147,0.083630,2.468746,0.730496,-0.004436,-0.044608,-0.681444
1640841553711119872,-0.011869,0.083241,2.467883,0.730265,-0.004885,-0.044418,-0.681702
1640841553712679936,-0.014067,0.083014,2.467371,0.730126,-0.005152,-0.044295,-0.681856
1640841553713519872,-0.015251,0.082893,2.467096,0.730052,-0.005296,-0.044227,-0.681939
1640841553717799936,-0.021283,0.082287,2.465691,0.729678,-0.006034,-0.043877,-0.682355
1640841553720589824,-0.025215,0.081902,2.464772,0.729444,-0.006520,-0.043658,-0.682615
1640841553722849792,-0.028399,0.081595,2.464028,0.729257,-0.006918,-0.043486,-0.682821
1640841553724169984,-0.030258,0.081418,2.463592,0.729149,-0.007153,-0.043386,-0.682941
1640841553727719936,-0.035259,0.080952,2.462420,0.728857,-0.007797,-0.043114,-0.683263
1640841553728549888,-0.036427,0.080844,2.462145,0.728787,-0.007951,-0.043049,-0.683339
1640841553732859904,-0.042496,0.080298,2.460718,0.728421,-0.008762,-0.042700,-0.683742
1640841553733559808,-0.043481,0.080211,2.460486,0.728361,-0.008894,-0.042641,-0.683808
1640841553738109952,-0.049885,0.079657,2.458975,0.727972,-0.009748,-0.042240,-0.684235
1640841553740189952,-0.052812,0.079411,2.458283,0.727798,-0.010126,-0.042045,-0.684426
1640841553742869760,-0.056582,0.079100,2.457391,0.727577,-0.010600,-0.041788,-0.684671
1640841553743510016,-0.057482,0.079027,2.457178,0.727524,-0.010712,-0.041726,-0.684729
1640841553748199936,-0.064077,0.078503,2.455613,0.727132,-0.011512,-0.041283,-0.685158
1640841553749339904,-0.065680,0.078379,2.455232,0.727034,-0.011704,-0.041181,-0.685265
1640841553752770048,-0.070500,0.078014,2.454085,0.726734,-0.012272,-0.040893,-0.685591
1640841553753710080,-0.071821,0.077916,2.453771,0.726650,-0.012425,-0.040820,-0.685682
1640841553757789952,-0.077552,0.077501,2.452404,0.726288,-0.013064,-0.040528,-0.686071
1640841553758639872,-0.078746,0.077417,2.452119,0.726213,-0.013190,-0.040473,-0.686150
1640841553762729984,-0.084487,0.077021,2.450745,0.725862,-0.013768,-0.040234,-0.686524
1640841553763480064,-0.085540,0.076950,2.450493,0.725799,-0.013869,-0.040193,-0.686592
1640841553767709952,-0.091474,0.076562,2.449070,0.725439,-0.014437,-0.039962,-0.686974
1640841553770459904,-0.095330,0.076320,2.448144,0.725198,-0.014816,-0.039798,-0.687229
1640841553773459968,-0.099535,0.076064,2.447133,0.724930,-0.015243,-0.039603,-0.687514
1640841553774119936,-0.100460,0.076009,2.446910,0.724871,-0.015338,-0.039557,-0.687577
1640841553777819904,-0.105643,0.075708,2.445661,0.724541,-0.015884,-0.039285,-0.687928
1640841553778550016,-0.106666,0.075651,2.445414,0.724476,-0.015993,-0.039228,-0.687997
1640841553783269888,-0.113272,0.075291,2.443819,0.724071,-0.016706,-0.038841,-0.688428
1640841553783840000,-0.114070,0.075249,2.443626,0.724023,-0.016792,-0.038794,-0.688479
1640841553787789824,-0.119594,0.074968,2.442288,0.723691,-0.017385,-0.038476,-0.688831
1640841553788640000,-0.120783,0.074910,2.442000,0.723620,-0.017510,-0.038412,-0.688906
1640841553792719872,-0.126484,0.074640,2.440616,0.723272,-0.018095,-0.038144,-0.689272
1640841553793509888,-0.127588,0.074590,2.440348,0.723203,-0.018204,-0.038101,-0.689343
1640841553797730048,-0.133479,0.074332,2.438915,0.722824,-0.018755,-0.037943,-0.689735
1640841553798949888,-0.135182,0.074261,2.438501,0.722710,-0.018904,-0.037919,-0.689852
1640841553802759936,-0.140496,0.074049,2.437205,0.722361,-0.019369,-0.037756,-0.690213
1640841553803490048,-0.141513,0.074010,2.436957,0.722297,-0.019461,-0.037697,-0.690281
1640841553807960064,-0.147742,0.073784,2.435435,0.721913,-0.020027,-0.037256,-0.690689
1640841553810040064,-0.150638,0.073686,2.434727,0.721734,-0.020282,-0.037065,-0.690880
1640841553812929792,-0.154660,0.073557,2.433742,0.721477,-0.020624,-0.036862,-0.691148
1640841553813829888,-0.155912,0.073518,2.433435,0.721396,-0.020728,-0.036809,-0.691233
1640841553817720064,-0.161320,0.073362,2.432108,0.721041,-0.021176,-0.036609,-0.691600
1640841553818639872,-0.162599,0.073327,2.431794,0.720956,-0.021283,-0.036562,-0.691688
1640841553822789888,-0.168362,0.073182,2.430377,0.720573,-0.021769,-0.036335,-0.692084
1640841553823510016,-0.169362,0.073158,2.430131,0.720506,-0.021852,-0.036298,-0.692153
1640841553827739904,-0.175230,0.073032,2.428685,0.720112,-0.022306,-0.036133,-0.692558
1640841553829219840,-0.177281,0.072992,2.428179,0.719973,-0.022445,-0.036110,-0.692699
1640841553832720128,-0.182130,0.072906,2.426982,0.719641,-0.022726,-0.036136,-0.693032
1640841553838860032,-0.190625,0.072787,2.424880,0.719058,-0.023184,-0.036214,-0.693618
1640841553839419904,-0.191399,0.072779,2.424688,0.719005,-0.023231,-0.036207,-0.693672
1640841553839920128,-0.192091,0.072771,2.424517,0.718958,-0.023274,-0.036199,-0.693720
1640841553842829824,-0.196111,0.072731,2.423520,0.718684,-0.023545,-0.036111,-0.693999
1640841553844069888,-0.197823,0.072717,2.423095,0.718569,-0.023668,-0.036057,-0.694117
1640841553848729856,-0.204252,0.072679,2.421497,0.718139,-0.024155,-0.035813,-0.694557
1640841553850649856,-0.206899,0.072669,2.420838,0.717965,-0.024359,-0.035713,-0.694735
1640841553853199872,-0.210411,0.072663,2.419963,0.717737,-0.024629,-0.035589,-0.694968
1640841553854109952,-0.211664,0.072662,2.419651,0.717656,-0.024724,-0.035547,-0.695050
1640841553857719808,-0.216631,0.072668,2.418411,0.717331,-0.025101,-0.035368,-0.695381
1640841553858559744,-0.217786,0.072671,2.418123,0.717255,-0.025188,-0.035322,-0.695459
1640841553862959872,-0.223831,0.072701,2.416611,0.716843,-0.025638,-0.035044,-0.695882
1640841553863869952,-0.225080,0.072709,2.416299,0.716756,-0.025730,-0.034981,-0.695971
1640841553868169984,-0.230978,0.072762,2.414821,0.716342,-0.026155,-0.034688,-0.696396
1640841553870579968,-0.234281,0.072800,2.413992,0.716109,-0.026385,-0.034537,-0.696634
1640841553872779776,-0.237293,0.072840,2.413235,0.715898,-0.026591,-0.034414,-0.696849
1640841553874650112,-0.239851,0.072877,2.412592,0.715719,-0.026764,-0.034317,-0.697031
1640841553877779968,-0.244130,0.072949,2.411515,0.715420,-0.027053,-0.034164,-0.697334
1640841553879159808,-0.246016,0.072984,2.411040,0.715288,-0.027182,-0.034098,-0.697467
1640841553883219968,-0.251557,0.073098,2.409642,0.714900,-0.027570,-0.033900,-0.697860
1640841553883800064,-0.252348,0.073115,2.409443,0.714845,-0.027626,-0.033872,-0.697916
1640841553887790080,-0.257785,0.073246,2.408069,0.714457,-0.028009,-0.033674,-0.698307
1640841553888509952,-0.258766,0.073272,2.407821,0.714386,-0.028077,-0.033638,-0.698379
1640841553892709888,-0.264480,0.073431,2.406374,0.713965,-0.028462,-0.033434,-0.698804
1640841553893499904,-0.265553,0.073463,2.406101,0.713885,-0.028532,-0.033396,-0.698884
1640841553898049792,-0.271732,0.073659,2.404533,0.713428,-0.028923,-0.033188,-0.699345
1640841553899520000,-0.273726,0.073728,2.404026,0.713282,-0.029046,-0.033124,-0.699491
1640841553902759936,-0.278117,0.073886,2.402909,0.712970,-0.029309,-0.032992,-0.699805
1640841553903509760,-0.279133,0.073924,2.402650,0.712898,-0.029369,-0.032962,-0.699877
1640841553909080064,-0.286668,0.074226,2.400729,0.712361,-0.029806,-0.032755,-0.700414
1640841553909600000,-0.287370,0.074256,2.400550,0.712310,-0.029846,-0.032736,-0.700466
1640841553912799744,-0.291691,0.074446,2.399446,0.711985,-0.030093,-0.032622,-0.700791
1640841553913849856,-0.293107,0.074510,2.399083,0.711875,-0.030173,-0.032585,-0.700901
1640841553917889792,-0.298552,0.074769,2.397689,0.711443,-0.030464,-0.032449,-0.701333
1640841553918829824,-0.299818,0.074832,2.397364,0.711340,-0.030527,-0.032419,-0.701436
1640841553922720000,-0.305051,0.075101,2.396021,0.710913,-0.030761,-0.032302,-0.701864
1640841553923539968,-0.306153,0.075160,2.395738,0.710823,-0.030807,-0.032278,-0.701955
1640841553927739904,-0.311792,0.075472,2.394288,0.710365,-0.031037,-0.032154,-0.702413
1640841553928549888,-0.312879,0.075534,2.394008,0.710279,-0.031083,-0.032129,-0.702500
1640841553932809728,-0.318586,0.075873,2.392537,0.709832,-0.031344,-0.031990,-0.702945
1640841553933910016,-0.320059,0.075963,2.392157,0.709718,-0.031415,-0.031953,-0.703059
1640841553937809920,-0.325273,0.076294,2.390809,0.709305,-0.031672,-0.031828,-0.703471
1640841553939950080,-0.328131,0.076482,2.390070,0.709069,-0.031813,-0.031765,-0.703705
1640841553943419904,-0.332760,0.076797,2.388871,0.708675,-0.032037,-0.031667,-0.704095
1640841553943929856,-0.333439,0.076844,2.388695,0.708617,-0.032069,-0.031653,-0.704153
1640841553947749888,-0.338526,0.077207,2.387375,0.708183,-0.032311,-0.031528,-0.704584
1640841553948559872,-0.339603,0.077286,2.387095,0.708092,-0.032362,-0.031497,-0.704674
1640841553952770048,-0.345198,0.077707,2.385641,0.707633,-0.032623,-0.031309,-0.705132
1640841553953509888,-0.346180,0.077783,2.385385,0.707553,-0.032669,-0.031274,-0.705211
1640841553957809920,-0.351881,0.078235,2.383899,0.707090,-0.032939,-0.031064,-0.705673
1640841553958700032,-0.353060,0.078331,2.383592,0.706993,-0.032995,-0.031023,-0.705769
1640841553962720000,-0.358379,0.078775,2.382203,0.706544,-0.033253,-0.030851,-0.706213
1640841553963529728,-0.359449,0.078866,2.381923,0.706452,-0.033304,-0.030818,-0.706305
1640841553967799808,-0.365087,0.079359,2.380448,0.705959,-0.033556,-0.030645,-0.706794
1640841553968549888,-0.366076,0.079447,2.380189,0.705871,-0.033595,-0.030613,-0.706881
1640841553973289984,-0.372319,0.080019,2.378552,0.705309,-0.033806,-0.030396,-0.707441
1640841553974449920,-0.373845,0.080163,2.378151,0.705170,-0.033847,-0.030342,-0.707580
1640841553978139904,-0.378694,0.080628,2.376877,0.704722,-0.033960,-0.030182,-0.708027
1640841553980059904,-0.381213,0.080876,2.376215,0.704485,-0.034009,-0.030113,-0.708263
1640841553982720000,-0.384701,0.081225,2.375297,0.704153,-0.034071,-0.030039,-0.708593
1640841553983470080,-0.385683,0.081325,2.375038,0.704059,-0.034087,-0.030022,-0.708687
1640841553987869952,-0.391440,0.081922,2.373520,0.703504,-0.034178,-0.029930,-0.709238
1640841553988879872,-0.392760,0.082062,2.373171,0.703377,-0.034199,-0.029907,-0.709364
1640841553992919808,-0.398033,0.082632,2.371778,0.702869,-0.034285,-0.029802,-0.709868
1640841553994139904,-0.399624,0.082807,2.371358,0.702715,-0.034311,-0.029770,-0.710020
1640841553997859840,-0.404468,0.083351,2.370076,0.702246,-0.034394,-0.029687,-0.710483
1640841553998589952,-0.405418,0.083459,2.369825,0.702154,-0.034411,-0.029674,-0.710574
1640841554003019776,-0.411173,0.084128,2.368299,0.701588,-0.034510,-0.029645,-0.711129
1640841554004160000,-0.412653,0.084303,2.367907,0.701441,-0.034533,-0.029647,-0.711272
1640841554011930112,-0.422714,0.085533,2.365234,0.700436,-0.034579,-0.029678,-0.712259
1640841554012739840,-0.423760,0.085665,2.364956,0.700331,-0.034572,-0.029678,-0.712363
1640841554013100032,-0.424226,0.085724,2.364832,0.700284,-0.034568,-0.029677,-0.712409
1640841554013589760,-0.424858,0.085804,2.364664,0.700221,-0.034563,-0.029676,-0.712471
1640841554017740032,-0.430213,0.086493,2.363239,0.699683,-0.034521,-0.029646,-0.713003
1640841554018560000,-0.431269,0.086631,2.362958,0.699576,-0.034517,-0.029635,-0.713108
1640841554022840064,-0.436778,0.087363,2.361490,0.699022,-0.034537,-0.029556,-0.713654
1640841554023599872,-0.437754,0.087495,2.361229,0.698923,-0.034546,-0.029539,-0.713751
1640841554027819776,-0.443172,0.088238,2.359784,0.698376,-0.034599,-0.029437,-0.714288
1640841554028760064,-0.444377,0.088406,2.359462,0.698254,-0.034607,-0.029415,-0.714407
1640841554032769792,-0.449513,0.089132,2.358090,0.697734,-0.034613,-0.029331,-0.714918
1640841554033519872,-0.450472,0.089269,2.357834,0.697637,-0.034609,-0.029317,-0.715014
1640841554037740032,-0.455864,0.090054,2.356392,0.697086,-0.034568,-0.029234,-0.715557
1640841554038560000,-0.456910,0.090208,2.356112,0.696978,-0.034557,-0.029217,-0.715663
1640841554042879744,-0.462415,0.091034,2.354639,0.696405,-0.034494,-0.029116,-0.716228
1640841554044029952,-0.463879,0.091256,2.354247,0.696251,-0.034475,-0.029089,-0.716379
1640841554047789824,-0.468657,0.091994,2.352967,0.695746,-0.034403,-0.029024,-0.716876
1640841554048579840,-0.469660,0.092151,2.352699,0.695639,-0.034385,-0.029018,-0.716981
1640841554052939776,-0.475188,0.093027,2.351217,0.695050,-0.034268,-0.029038,-0.717557
1640841554054119936,-0.476682,0.093267,2.350817,0.694889,-0.034231,-0.029055,-0.717713
1640841554058149888,-0.481778,0.094098,2.349451,0.694339,-0.034096,-0.029133,-0.718249
1640841554059229952,-0.483142,0.094324,2.349085,0.694191,-0.034058,-0.029154,-0.718393
1640841554062989824,-0.487884,0.095118,2.347813,0.693671,-0.033921,-0.029218,-0.718899
1640841554063580160,-0.488627,0.095244,2.347613,0.693589,-0.033900,-0.029226,-0.718979
1640841554067829760,-0.493974,0.096160,2.346178,0.692998,-0.033741,-0.029270,-0.719554
1640841554068519936,-0.494841,0.096310,2.345946,0.692902,-0.033715,-0.029275,-0.719648
1640841554072919808,-0.500362,0.097281,2.344464,0.692292,-0.033551,-0.029293,-0.720242
1640841554074369792,-0.502179,0.097605,2.343976,0.692091,-0.033500,-0.029295,-0.720437
1640841554077809920,-0.506484,0.098381,2.342820,0.691612,-0.033392,-0.029300,-0.720902
1640841554078709760,-0.507609,0.098586,2.342518,0.691486,-0.033368,-0.029302,-0.721024
1640841554082909696,-0.512851,0.099554,2.341111,0.690893,-0.033280,-0.029313,-0.721595
1640841554083789824,-0.513948,0.099758,2.340817,0.690769,-0.033264,-0.029315,-0.721715
1640841554087749888,-0.518878,0.100689,2.339493,0.690210,-0.033188,-0.029308,-0.722253
1640841554089619968,-0.521203,0.101134,2.338869,0.689950,-0.033141,-0.029293,-0.722504
1640841554092720128,-0.525051,0.101879,2.337836,0.689523,-0.033047,-0.029245,-0.722918
1640841554093509888,-0.526031,0.102070,2.337574,0.689414,-0.033021,-0.029228,-0.723024
1640841554097809920,-0.531356,0.103122,2.336145,0.688824,-0.032876,-0.029107,-0.723597
1640841554098589952,-0.532320,0.103314,2.335886,0.688717,-0.032850,-0.029080,-0.723702
1640841554102779904,-0.537495,0.104359,2.334498,0.688132,-0.032733,-0.028909,-0.724270
1640841554103689984,-0.538618,0.104588,2.334197,0.688003,-0.032710,-0.028868,-0.724395
1640841554108870144,-0.544997,0.105906,2.332487,0.687271,-0.032587,-0.028637,-0.725104
1640841554109599744,-0.545894,0.106094,2.332246,0.687168,-0.032568,-0.028608,-0.725204
1640841554112789760,-0.549812,0.106920,2.331196,0.686722,-0.032476,-0.028497,-0.725635
1640841554113519872,-0.550708,0.107111,2.330956,0.686620,-0.032452,-0.028476,-0.725734
1640841554117789952,-0.555939,0.108235,2.329555,0.686015,-0.032292,-0.028395,-0.726316
1640841554118589952,-0.556918,0.108447,2.329293,0.685899,-0.032258,-0.028388,-0.726427
1640841554123049984,-0.562368,0.109643,2.327835,0.685237,-0.032041,-0.028391,-0.727061
1640841554123940096,-0.563453,0.109883,2.327544,0.685103,-0.031993,-0.028396,-0.727189
1640841554127709952,-0.568047,0.110911,2.326316,0.684533,-0.031780,-0.028413,-0.727735
1640841554128529920,-0.569045,0.111136,2.326049,0.684409,-0.031732,-0.028412,-0.727853
1640841554132750080,-0.574174,0.112305,2.324679,0.683785,-0.031478,-0.028366,-0.728452
1640841554133740032,-0.575376,0.112581,2.324358,0.683641,-0.031419,-0.028347,-0.728590
1640841554137789952,-0.580285,0.113721,2.323047,0.683056,-0.031175,-0.028264,-0.729152
1640841554140930048,-0.584083,0.114616,2.322034,0.682602,-0.030993,-0.028224,-0.729587
1640841554143849728,-0.587610,0.115455,2.321094,0.682176,-0.030831,-0.028218,-0.729992
1640841554144320000,-0.588177,0.115591,2.320942,0.682108,-0.030805,-0.028218,-0.730057
1640841554147769856,-0.592336,0.116593,2.319834,0.681606,-0.030623,-0.028200,-0.730535
1640841554148509952,-0.593227,0.116810,2.319597,0.681499,-0.030586,-0.028188,-0.730636
1640841554152779776,-0.598362,0.118068,2.318231,0.680887,-0.030370,-0.028062,-0.731220
1640841554155529984,-0.601663,0.118887,2.317353,0.680494,-0.030227,-0.027947,-0.731596
1640841554157809920,-0.604395,0.119571,2.316626,0.680166,-0.030103,-0.027847,-0.731910
1640841554158680064,-0.605437,0.119833,2.316350,0.680040,-0.030053,-0.027809,-0.732031
1640841554162679808,-0.610222,0.121046,2.315079,0.679451,-0.029808,-0.027658,-0.732593
1640841554163559936,-0.611273,0.121315,2.314800,0.679320,-0.029752,-0.027628,-0.732718
1640841554167810048,-0.616343,0.122622,2.313456,0.678684,-0.029479,-0.027487,-0.733324
1640841554168579840,-0.617261,0.122860,2.313212,0.678569,-0.029431,-0.027460,-0.733433
1640841554174809856,-0.624670,0.124808,2.311250,0.677638,-0.029047,-0.027244,-0.734317
1640841554175459840,-0.625442,0.125013,2.311046,0.677540,-0.029005,-0.027223,-0.734409
1640841554178099968,-0.628573,0.125849,2.310218,0.677142,-0.028820,-0.027142,-0.734786
1640841554179419904,-0.630137,0.126270,2.309804,0.676942,-0.028719,-0.027106,-0.734976
1640841554182749952,-0.634078,0.127336,2.308763,0.676433,-0.028435,-0.027031,-0.735459
1640841554183499776,-0.634965,0.127578,2.308529,0.676317,-0.028367,-0.027017,-0.735568
1640841554187840000,-0.640090,0.128984,2.307177,0.675649,-0.027958,-0.026931,-0.736200
1640841554189039872,-0.641505,0.129376,2.306804,0.675465,-0.027845,-0.026905,-0.736374
1640841554192760064,-0.645885,0.130597,2.305650,0.674899,-0.027507,-0.026808,-0.736910
1640841554193529856,-0.646791,0.130851,2.305411,0.674782,-0.027440,-0.026786,-0.737020
1640841554198700032,-0.652864,0.132569,2.303813,0.674001,-0.027006,-0.026622,-0.737757
1640841554199299840,-0.653567,0.132770,2.303628,0.673910,-0.026958,-0.026603,-0.737842
1640841554202880000,-0.657762,0.133974,2.302526,0.673366,-0.026677,-0.026488,-0.738353
1640841554203749888,-0.658780,0.134268,2.302259,0.673234,-0.026610,-0.026461,-0.738477
1640841554209280000,-0.665242,0.136150,2.300563,0.672396,-0.026174,-0.026275,-0.739262
1640841554210180096,-0.666292,0.136459,2.300288,0.672261,-0.026099,-0.026242,-0.739389
1640841554212950016,-0.669521,0.137412,2.299442,0.671848,-0.025862,-0.026136,-0.739776
1640841554213539840,-0.670208,0.137616,2.299262,0.671760,-0.025810,-0.026112,-0.739858
1640841554217819904,-0.675188,0.139102,2.297959,0.671123,-0.025418,-0.025941,-0.740456
1640841554219030016,-0.676593,0.139524,2.297591,0.670942,-0.025302,-0.025893,-0.740626
1640841554222929920,-0.681119,0.140894,2.296408,0.670352,-0.024919,-0.025749,-0.741178
1640841554223680000,-0.681988,0.141158,2.296181,0.670237,-0.024842,-0.025723,-0.741285
1640841554228109824,-0.687117,0.142729,2.294843,0.669562,-0.024368,-0.025596,-0.741915
1640841554229199872,-0.688377,0.143118,2.294514,0.669396,-0.024245,-0.025573,-0.742070
1640841554232760064,-0.692489,0.144393,2.293442,0.668857,-0.023820,-0.025521,-0.742571
1640841554233700096,-0.693574,0.144732,2.293160,0.668715,-0.023702,-0.025515,-0.742703
1640841554237779968,-0.698276,0.146206,2.291936,0.668108,-0.023156,-0.025528,-0.743265
1640841554238620160,-0.699243,0.146512,2.291684,0.667983,-0.023039,-0.025534,-0.743381
1640841554242859776,-0.704118,0.148059,2.290417,0.667339,-0.022451,-0.025524,-0.743978
1640841554243579904,-0.704945,0.148323,2.290202,0.667227,-0.022351,-0.025517,-0.744081
1640841554247939840,-0.709947,0.149928,2.288904,0.666551,-0.021739,-0.025475,-0.744707
1640841554251030016,-0.713486,0.151074,2.287986,0.666078,-0.021292,-0.025469,-0.745143
1640841554252780032,-0.715488,0.151725,2.287467,0.665813,-0.021035,-0.025476,-0.745387
1640841554253779968,-0.716631,0.152098,2.287171,0.665663,-0.020887,-0.025481,-0.745525
1640841554257959936,-0.721405,0.153665,2.285935,0.665039,-0.020273,-0.025497,-0.746098
1640841554258819840,-0.722386,0.153989,2.285681,0.664911,-0.020149,-0.025495,-0.746216
1640841554262759936,-0.726876,0.155478,2.284520,0.664324,-0.019593,-0.025454,-0.746754
1640841554263569920,-0.727798,0.155785,2.284282,0.664204,-0.019480,-0.025438,-0.746864
1640841554267889920,-0.732711,0.157430,2.283013,0.663566,-0.018872,-0.025319,-0.747451
1640841554268559872,-0.733472,0.157686,2.282816,0.663468,-0.018775,-0.025296,-0.747541
1640841554272689920,-0.738159,0.159272,2.281608,0.662870,-0.018152,-0.025130,-0.748093
1640841554273540096,-0.739122,0.159599,2.281359,0.662747,-0.018019,-0.025092,-0.748206
1640841554277809920,-0.743958,0.161251,2.280114,0.662127,-0.017341,-0.024880,-0.748777
1640841554279029760,-0.745338,0.161724,2.279758,0.661948,-0.017147,-0.024814,-0.748943
1640841554282820096,-0.749620,0.163202,2.278657,0.661379,-0.016544,-0.024608,-0.749466
1640841554283840000,-0.750772,0.163600,2.278360,0.661223,-0.016381,-0.024556,-0.749608
1640841554287889920,-0.755339,0.165190,2.277187,0.660601,-0.015718,-0.024404,-0.750176
1640841554288919808,-0.756499,0.165596,2.276889,0.660442,-0.015543,-0.024385,-0.750320
1640841554292719872,-0.760775,0.167097,2.275791,0.659858,-0.014869,-0.024411,-0.750847
1640841554293530112,-0.761686,0.167418,2.275558,0.659734,-0.014719,-0.024435,-0.750958
1640841554302929920,-0.772234,0.171169,2.272855,0.658331,-0.012950,-0.024491,-0.752219
1640841554303609856,-0.772996,0.171442,2.272660,0.658231,-0.012824,-0.024466,-0.752309
1640841554304000000,-0.773433,0.171599,2.272548,0.658174,-0.012752,-0.024450,-0.752361
1640841554304289792,-0.773757,0.171715,2.272465,0.658131,-0.012698,-0.024438,-0.752400
1640841554307760128,-0.777640,0.173113,2.271472,0.657618,-0.012060,-0.024280,-0.752863
1640841554308559872,-0.778534,0.173436,2.271244,0.657499,-0.011914,-0.024245,-0.752971
1640841554312800000,-0.783269,0.175154,2.270034,0.656856,-0.011139,-0.024101,-0.753548
1640841554313550080,-0.784106,0.175459,2.269820,0.656741,-0.011001,-0.024081,-0.753651
1640841554318969856,-0.790147,0.177668,2.268278,0.655906,-0.009993,-0.023949,-0.754397
1640841554319749888,-0.791015,0.177987,2.268057,0.655786,-0.009846,-0.023927,-0.754503
1640841554322739712,-0.794342,0.179213,2.267209,0.655328,-0.009274,-0.023827,-0.754911
1640841554323569920,-0.795265,0.179554,2.266973,0.655202,-0.009115,-0.023795,-0.755024
1640841554327970048,-0.800152,0.181366,2.265729,0.654542,-0.008278,-0.023584,-0.755612
1640841554328860160,-0.801140,0.181734,2.265477,0.654411,-0.008112,-0.023532,-0.755729
1640841554333039872,-0.805775,0.183464,2.264298,0.653805,-0.007354,-0.023244,-0.756270
1640841554333679872,-0.806484,0.183730,2.264118,0.653714,-0.007241,-0.023193,-0.756351
1640841554337769984,-0.811012,0.185431,2.262967,0.653129,-0.006532,-0.022855,-0.756873
1640841554338660096,-0.811997,0.185802,2.262717,0.653000,-0.006378,-0.022781,-0.756988
1640841554342789888,-0.816562,0.187527,2.261557,0.652385,-0.005651,-0.022456,-0.757534
1640841554343659776,-0.817523,0.187891,2.261314,0.652253,-0.005494,-0.022391,-0.757650
1640841554347859968,-0.822158,0.189654,2.260138,0.651619,-0.004719,-0.022089,-0.758210
1640841554348599808,-0.822974,0.189965,2.259931,0.651509,-0.004578,-0.022037,-0.758307
1640841554352749824,-0.827547,0.191713,2.258772,0.650905,-0.003761,-0.021749,-0.758838
1640841554353519872,-0.828395,0.192038,2.258557,0.650795,-0.003605,-0.021696,-0.758935
1640841554357769984,-0.833072,0.193836,2.257373,0.650184,-0.002716,-0.021398,-0.759471
1640841554358579968,-0.833962,0.194179,2.257147,0.650066,-0.002542,-0.021339,-0.759574
1640841554363030016,-0.838852,0.196069,2.255910,0.649399,-0.001561,-0.021010,-0.760156
1640841554363510016,-0.839379,0.196273,2.255777,0.649326,-0.001453,-0.020974,-0.760220
1640841554367780096,-0.844065,0.198092,2.254593,0.648670,-0.000475,-0.020667,-0.760789
1640841554368689920,-0.845063,0.198480,2.254341,0.648531,-0.000264,-0.020607,-0.760909
1640841554372920064,-0.849699,0.200288,2.253170,0.647895,0.000728,-0.020359,-0.761457
1640841554373769984,-0.850629,0.200652,2.252935,0.647769,0.000929,-0.020314,-0.761565
1640841554377939968,-0.855193,0.202440,2.251783,0.647154,0.001920,-0.020118,-0.762092
1640841554380090112,-0.857545,0.203363,2.251190,0.646836,0.002434,-0.020026,-0.762362
1640841554382749952,-0.860452,0.204507,2.250457,0.646441,0.003070,-0.019917,-0.762698
1640841554383549952,-0.861326,0.204851,2.250237,0.646322,0.003262,-0.019885,-0.762799
1640841554387729920,-0.865891,0.206653,2.249087,0.645698,0.004278,-0.019725,-0.763326
1640841554388609792,-0.866851,0.207032,2.248845,0.645566,0.004496,-0.019692,-0.763437
1640841554392779776,-0.871400,0.208834,2.247699,0.644946,0.005551,-0.019545,-0.763958
1640841554393829888,-0.872544,0.209288,2.247411,0.644790,0.005819,-0.019508,-0.764089
1640841554397709824,-0.876772,0.210967,2.246348,0.644214,0.006804,-0.019362,-0.764570
1640841554398569728,-0.877708,0.211340,2.246112,0.644086,0.007018,-0.019327,-0.764677
1640841554402710016,-0.882215,0.213136,2.244979,0.643470,0.008020,-0.019136,-0.765190
1640841554404120064,-0.883749,0.213748,2.244593,0.643261,0.008352,-0.019063,-0.765364
1640841554407879936,-0.887838,0.215381,2.243565,0.642707,0.009223,-0.018843,-0.765825
1640841554410629888,-0.890827,0.216577,2.242814,0.642307,0.009854,-0.018658,-0.766157
1640841554413159936,-0.893575,0.217678,2.242124,0.641944,0.010438,-0.018469,-0.766458
1640841554414439936,-0.894965,0.218235,2.241775,0.641761,0.010735,-0.018368,-0.766610
1640841554417699840,-0.898504,0.219655,2.240887,0.641294,0.011508,-0.018090,-0.766996
1640841554418659840,-0.899546,0.220073,2.240625,0.641156,0.011741,-0.018003,-0.767110
1640841554422739968,-0.903972,0.221852,2.239514,0.640562,0.012762,-0.017613,-0.767598
1640841554423549952,-0.904850,0.222205,2.239294,0.640443,0.012969,-0.017532,-0.767696
1640841554427899904,-0.909566,0.224103,2.238111,0.639801,0.014079,-0.017084,-0.768222
1640841554428719872,-0.910455,0.224461,2.237888,0.639679,0.014286,-0.016998,-0.768321
1640841554432699904,-0.914767,0.226198,2.236807,0.639087,0.015267,-0.016581,-0.768804
1640841554433529856,-0.915665,0.226560,2.236582,0.638964,0.015469,-0.016496,-0.768904
1640841554437769984,-0.920256,0.228411,2.235431,0.638331,0.016511,-0.016093,-0.769416
1640841554439299840,-0.921912,0.229079,2.235016,0.638103,0.016898,-0.015966,-0.769600
1640841554443029760,-0.925949,0.230707,2.234004,0.637544,0.017869,-0.015693,-0.770046
1640841554443759872,-0.926739,0.231026,2.233806,0.637435,0.018062,-0.015644,-0.770133
1640841554447849984,-0.931163,0.232811,2.232698,0.636823,0.019157,-0.015372,-0.770618
1640841554448570112,-0.931942,0.233125,2.232503,0.636716,0.019351,-0.015323,-0.770704
1640841554452750080,-0.936462,0.234949,2.231371,0.636092,0.020471,-0.015016,-0.771196
1640841554453539840,-0.937316,0.235293,2.231157,0.635974,0.020682,-0.014954,-0.771288
1640841554458639872,-0.942830,0.237516,2.229776,0.635208,0.022031,-0.014539,-0.771890
1640841554460219904,-0.944537,0.238204,2.229348,0.634968,0.022446,-0.014409,-0.772078
1640841554463460096,-0.948039,0.239615,2.228472,0.634474,0.023290,-0.014148,-0.772464
1640841554464769792,-0.949455,0.240185,2.228117,0.634274,0.023628,-0.014044,-0.772619
1640841554467849984,-0.952783,0.241524,2.227284,0.633811,0.024415,-0.013802,-0.772980
1640841554469479936,-0.954545,0.242233,2.226843,0.633570,0.024826,-0.013677,-0.773166
1640841554473739776,-0.959148,0.244082,2.225691,0.632956,0.025885,-0.013352,-0.773640
1640841554474409728,-0.959872,0.244373,2.225510,0.632860,0.026051,-0.013300,-0.773713
1640841554477809920,-0.963546,0.245847,2.224590,0.632378,0.026897,-0.013022,-0.774084
1640841554478960128,-0.964788,0.246345,2.224279,0.632213,0.027186,-0.012921,-0.774209
1640841554483179776,-0.969349,0.248170,2.223137,0.631603,0.028270,-0.012515,-0.774676
1640841554483820032,-0.970040,0.248447,2.222964,0.631509,0.028438,-0.012450,-0.774747
1640841554487809792,-0.974353,0.250169,2.221885,0.630924,0.029496,-0.012032,-0.775190
1640841554488839936,-0.975466,0.250613,2.221606,0.630773,0.029773,-0.011924,-0.775304
1640841554492749824,-0.979693,0.252297,2.220548,0.630203,0.030835,-0.011522,-0.775732
1640841554493629952,-0.980644,0.252675,2.220310,0.630075,0.031076,-0.011434,-0.775828
1640841554498240000,-0.985630,0.254654,2.219062,0.629409,0.032338,-0.010987,-0.776323
1640841554499739904,-0.987252,0.255297,2.218656,0.629193,0.032746,-0.010848,-0.776483
1640841554502689792,-0.990443,0.256559,2.217857,0.628769,0.033545,-0.010582,-0.776796
1640841554505110016,-0.993062,0.257593,2.217201,0.628421,0.034199,-0.010372,-0.777052
1640841554508539904,-0.996774,0.259055,2.216271,0.627925,0.035130,-0.010083,-0.777415
1640841554509519872,-0.997835,0.259472,2.216005,0.627782,0.035398,-0.010002,-0.777519
1640841554512759808,-1.001343,0.260849,2.215127,0.627308,0.036295,-0.009737,-0.777864
1640841554513769984,-1.002437,0.261278,2.214853,0.627159,0.036578,-0.009654,-0.777972
1640841554517740032,-1.006739,0.262958,2.213775,0.626574,0.037704,-0.009317,-0.778394
1640841554518630144,-1.007703,0.263334,2.213533,0.626443,0.037960,-0.009237,-0.778488
1640841554522859776,-1.012289,0.265118,2.212384,0.625824,0.039187,-0.008840,-0.778929
1640841554523559936,-1.013048,0.265412,2.212194,0.625722,0.039390,-0.008772,-0.779002
1640841554527739904,-1.017583,0.267167,2.211057,0.625118,0.040587,-0.008366,-0.779430
1640841554528610048,-1.018527,0.267531,2.210820,0.624993,0.040831,-0.008284,-0.779518
1640841554533030144,-1.023326,0.269377,2.209616,0.624366,0.042029,-0.007879,-0.779961
1640841554533609984,-1.023956,0.269618,2.209458,0.624284,0.042183,-0.007826,-0.780019
1640841554537769984,-1.028477,0.271347,2.208324,0.623702,0.043283,-0.007437,-0.780428
1640841554543259904,-1.034448,0.273616,2.206825,0.622942,0.044775,-0.006845,-0.780955
1640841554543740160,-1.034971,0.273814,2.206694,0.622876,0.044908,-0.006789,-0.781001
1640841554544099840,-1.035362,0.273962,2.206596,0.622827,0.045008,-0.006746,-0.781035
1640841554547869952,-1.039467,0.275511,2.205565,0.622310,0.046063,-0.006275,-0.781389
1640841554548839680,-1.040524,0.275908,2.205300,0.622178,0.046335,-0.006148,-0.781480
1640841554552889856,-1.044939,0.277561,2.204190,0.621627,0.047467,-0.005599,-0.781854
1640841554553579776,-1.045691,0.277842,2.204001,0.621534,0.047659,-0.005504,-0.781917
1640841554557730048,-1.050220,0.279526,2.202862,0.620969,0.048810,-0.004940,-0.782298
1640841554558589952,-1.051159,0.279874,2.202626,0.620852,0.049049,-0.004829,-0.782377
1640841554562799872,-1.055759,0.281571,2.201469,0.620266,0.050231,-0.004345,-0.782770
1640841554563989760,-1.057060,0.282048,2.201141,0.620097,0.050569,-0.004227,-0.782882
1640841554567780096,-1.061206,0.283565,2.200097,0.619555,0.051668,-0.003876,-0.783242
1640841554569299968,-1.062870,0.284170,2.199678,0.619336,0.052118,-0.003735,-0.783385
1640841554572880128,-1.066792,0.285591,2.198690,0.618821,0.053202,-0.003376,-0.783721
1640841554573609728,-1.067593,0.285880,2.198488,0.618716,0.053425,-0.003299,-0.783789
1640841554577779968,-1.072167,0.287523,2.197334,0.618125,0.054691,-0.002841,-0.784170
1640841554578599936,-1.073068,0.287845,2.197107,0.618011,0.054935,-0.002748,-0.784243
1640841554582789888,-1.077671,0.289483,2.195945,0.617438,0.056151,-0.002271,-0.784610
1640841554584329728,-1.079364,0.290081,2.195517,0.617229,0.056589,-0.002095,-0.784743
1640841554587859968,-1.083249,0.291448,2.194535,0.616751,0.057591,-0.001692,-0.785047
1640841554588800000,-1.084285,0.291811,2.194273,0.616623,0.057859,-0.001585,-0.785128
1640841554592729856,-1.088616,0.293320,2.193177,0.616077,0.059000,-0.001143,-0.785472
1640841554593600000,-1.089576,0.293652,2.192934,0.615955,0.059256,-0.001045,-0.785549
1640841554597730048,-1.094136,0.295224,2.191779,0.615376,0.060480,-0.000563,-0.785909
1640841554598599936,-1.095097,0.295553,2.191536,0.615256,0.060738,-0.000457,-0.785984
1640841554603780096,-1.100828,0.297503,2.190082,0.614563,0.062259,0.000235,-0.786407
1640841554604620032,-1.101758,0.297817,2.189846,0.614453,0.062504,0.000355,-0.786473
1640841554607739904,-1.105216,0.298979,2.188968,0.614047,0.063414,0.000799,-0.786717
1640841554608589824,-1.106159,0.299294,2.188729,0.613935,0.063664,0.000919,-0.786784
1640841554612910080,-1.110955,0.300888,2.187509,0.613359,0.064946,0.001505,-0.787128
1640841554614189824,-1.112378,0.301357,2.187147,0.613185,0.065331,0.001672,-0.787231
1640841554618199808,-1.116839,0.302819,2.186011,0.612636,0.066554,0.002185,-0.787555
1640841554619459840,-1.118243,0.303275,2.185653,0.612462,0.066944,0.002343,-0.787656
1640841554622769920,-1.121933,0.304468,2.184712,0.612005,0.067981,0.002754,-0.787922
1640841554623629824,-1.122892,0.304776,2.184467,0.611886,0.068252,0.002860,-0.787990
1640841554627790080,-1.127539,0.306259,2.183280,0.611307,0.069573,0.003366,-0.788322
1640841554628829952,-1.128702,0.306627,2.182983,0.611162,0.069904,0.003491,-0.788405
1640841554632740096,-1.133080,0.308003,2.181863,0.610613,0.071151,0.003955,-0.788717
1640841554633809920,-1.134279,0.308378,2.181556,0.610462,0.071494,0.004080,-0.788802
1640841554637769984,-1.138722,0.309753,2.180417,0.609897,0.072774,0.004530,-0.789119
1640841554638789888,-1.139868,0.310105,2.180123,0.609750,0.073108,0.004642,-0.789201
1640841554642700032,-1.144265,0.311445,2.178994,0.609180,0.074408,0.005057,-0.789517
1640841554643879936,-1.145594,0.311847,2.178653,0.609006,0.074804,0.005178,-0.789613
1640841554648489984,-1.150792,0.313403,2.177315,0.608324,0.076343,0.005651,-0.789989
1640841554649050112,-1.151424,0.313591,2.177153,0.608241,0.076527,0.005709,-0.790034
1640841554652679936,-1.155526,0.314800,2.176095,0.607703,0.077698,0.006095,-0.790331
1640841554653580032,-1.156544,0.315097,2.175833,0.607570,0.077982,0.006194,-0.790404
1640841554657789952,-1.161313,0.316479,2.174601,0.606953,0.079291,0.006672,-0.790744
1640841554658579712,-1.162209,0.316736,2.174369,0.606839,0.079533,0.006766,-0.790807
1640841554662710016,-1.166900,0.318071,2.173156,0.606247,0.080790,0.007273,-0.791129
1640841554665499904,-1.170074,0.318962,2.172333,0.605855,0.081635,0.007633,-0.791339
1640841554667849984,-1.172751,0.319707,2.171639,0.605528,0.082349,0.007947,-0.791512
1640841554668629760,-1.173641,0.319953,2.171408,0.605421,0.082587,0.008053,-0.791568
1640841554672799744,-1.178402,0.321256,2.170171,0.604854,0.083873,0.008635,-0.791860
1640841554673679872,-1.179408,0.321528,2.169909,0.604735,0.084148,0.008761,-0.791920
1640841554677769984,-1.184090,0.322784,2.168689,0.604176,0.085442,0.009340,-0.792202
1640841554679909888,-1.186545,0.323434,2.168049,0.603872,0.086127,0.009634,-0.792356
1640841554683409920,-1.190565,0.324485,2.166999,0.603360,0.087256,0.010103,-0.792616
1640841554684259840,-1.191543,0.324738,2.166744,0.603234,0.087532,0.010216,-0.792680
1640841554687699968,-1.195504,0.325755,2.165707,0.602724,0.088652,0.010678,-0.792938
1640841554688560128,-1.196495,0.326007,2.165447,0.602598,0.088933,0.010796,-0.793001
1640841554692770048,-1.201356,0.327228,2.164172,0.601993,0.090311,0.011397,-0.793296
1640841554693559808,-1.202270,0.327455,2.163932,0.601881,0.090570,0.011514,-0.793350
1640841554698129920,-1.207563,0.328752,2.162541,0.601233,0.092081,0.012194,-0.793657
1640841554700679936,-1.210523,0.329466,2.161761,0.600862,0.092935,0.012569,-0.793832
1640841554702689792,-1.212858,0.330022,2.161145,0.600564,0.093613,0.012857,-0.793974
1640841554703579904,-1.213894,0.330267,2.160872,0.600431,0.093914,0.012981,-0.794037
1640841554707769856,-1.218775,0.331407,2.159582,0.599796,0.095337,0.013535,-0.794338
1640841554709349888,-1.220619,0.331831,2.159094,0.599556,0.095873,0.013726,-0.794452
1640841554712729856,-1.224570,0.332728,2.158047,0.599041,0.097016,0.014100,-0.794694
1640841554714520064,-1.226666,0.333197,2.157491,0.598768,0.097618,0.014283,-0.794823
1640841554717860096,-1.230583,0.334062,2.156450,0.598254,0.098732,0.014606,-0.795066
1640841554718819840,-1.231710,0.334308,2.156150,0.598105,0.099050,0.014697,-0.795137
1640841554722749952,-1.236332,0.335302,2.154919,0.597489,0.100339,0.015067,-0.795432
1640841554723599872,-1.237333,0.335514,2.154652,0.597355,0.100616,0.015148,-0.795496
1640841554727830016,-1.242324,0.336557,2.153319,0.596694,0.102003,0.015563,-0.795807
1640841554729789952,-1.244641,0.337032,2.152699,0.596396,0.102655,0.015764,-0.795943
1640841554733139968,-1.248608,0.337833,2.151636,0.595902,0.103785,0.016124,-0.796159
1640841554734370048,-1.250066,0.338123,2.151245,0.595724,0.104201,0.016262,-0.796236
1640841554737849856,-1.254200,0.338932,2.150135,0.595218,0.105356,0.016663,-0.796453
1640841554741060096,-1.258021,0.339664,2.149106,0.594740,0.106373,0.017047,-0.796667
1640841554742799872,-1.260095,0.340055,2.148547,0.594477,0.106906,0.017259,-0.796788
1640841554744940032,-1.262650,0.340530,2.147858,0.594151,0.107550,0.017525,-0.796938
1640841554747879936,-1.266166,0.341172,2.146908,0.593706,0.108430,0.017895,-0.797142
1640841554749739776,-1.268393,0.341572,2.146306,0.593429,0.108991,0.018132,-0.797267
1640841554752950016,-1.272245,0.342251,2.145262,0.592961,0.109976,0.018547,-0.797470
1640841554753959936,-1.273458,0.342462,2.144933,0.592816,0.110289,0.018681,-0.797531
1640841554757759744,-1.278031,0.343241,2.143691,0.592271,0.111468,0.019206,-0.797760
1640841554758619904,-1.279068,0.343415,2.143409,0.592148,0.111734,0.019331,-0.797811
1640841554764359936,-1.286002,0.344545,2.141520,0.591300,0.113477,0.020222,-0.798172
1640841554765410048,-1.287274,0.344747,2.141173,0.591141,0.113793,0.020384,-0.798241
1640841554768950016,-1.291567,0.345414,2.139999,0.590594,0.114865,0.020893,-0.798478
1640841554769729792,-1.292514,0.345559,2.139740,0.590472,0.115104,0.020992,-0.798532
1640841554775529984,-1.299574,0.346606,2.137804,0.589547,0.116892,0.021625,-0.798939
1640841554776859904,-1.301198,0.346839,2.137358,0.589334,0.117298,0.021763,-0.799033
1640841554777720064,-1.302248,0.346988,2.137070,0.589197,0.117558,0.021855,-0.799093
1640841554779449856,-1.304363,0.347285,2.136488,0.588922,0.118074,0.022051,-0.799214
1640841554782830080,-1.308502,0.347852,2.135348,0.588395,0.119052,0.022486,-0.799445
1640841554784950016,-1.311103,0.348199,2.134630,0.588068,0.119651,0.022778,-0.799588
1640841554789110016,-1.316218,0.348860,2.133217,0.587429,0.120827,0.023334,-0.799864
1640841554789659904,-1.316895,0.348945,2.133030,0.587345,0.120985,0.023402,-0.799901
1640841554793819904,-1.322027,0.349575,2.131608,0.586702,0.122193,0.023855,-0.800175
1640841554795749888,-1.324413,0.349859,2.130946,0.586402,0.122750,0.024051,-0.800304
1640841554800709888,-1.330560,0.350560,2.129237,0.585633,0.124110,0.024611,-0.800640
1640841554801250048,-1.331231,0.350634,2.129051,0.585550,0.124249,0.024680,-0.800677
1640841554805019904,-1.335919,0.351138,2.127744,0.584973,0.125194,0.025196,-0.800936
1640841554805899776,-1.337015,0.351252,2.127439,0.584840,0.125409,0.025323,-0.800995
1640841554807899904,-1.339509,0.351508,2.126742,0.584541,0.125897,0.025614,-0.801127
1640841554808989952,-1.340870,0.351644,2.126362,0.584381,0.126164,0.025774,-0.801197
1640841554812929792,-1.345797,0.352122,2.124984,0.583814,0.127137,0.026345,-0.801438
1640841554814739968,-1.348065,0.352333,2.124348,0.583557,0.127587,0.026604,-0.801545
1640841554817900032,-1.352032,0.352689,2.123236,0.583109,0.128369,0.027048,-0.801731
1640841554819490048,-1.354031,0.352862,2.122674,0.582882,0.128759,0.027267,-0.801827
1640841554823229952,-1.358744,0.353253,2.121349,0.582339,0.129662,0.027767,-0.802059
1640841554823830016,-1.359500,0.353314,2.121136,0.582251,0.129804,0.027846,-0.802097
1640841554827919872,-1.364670,0.353711,2.119680,0.581644,0.130751,0.028368,-0.802365
1640841554828879872,-1.365886,0.353801,2.119337,0.581501,0.130967,0.028487,-0.802429
1640841554832800000,-1.370858,0.354150,2.117933,0.580916,0.131821,0.028965,-0.802696
1640841554833639936,-1.371925,0.354221,2.117631,0.580791,0.132000,0.029066,-0.802753
1640841554837779968,-1.377195,0.354557,2.116140,0.580178,0.132874,0.029561,-0.803035
1640841554838809856,-1.378508,0.354636,2.115768,0.580026,0.133093,0.029685,-0.803103
1640841554843079936,-1.383964,0.354945,2.114220,0.579402,0.134007,0.030204,-0.803383
1640841554844729856,-1.386076,0.355056,2.113620,0.579162,0.134358,0.030406,-0.803489
1640841554847780096,-1.389988,0.355250,2.112508,0.578720,0.134991,0.030777,-0.803687
1640841554848649984,-1.391105,0.355302,2.112190,0.578594,0.135166,0.030883,-0.803744
1640841554852779776,-1.396419,0.355534,2.110677,0.577997,0.135953,0.031377,-0.804022
1640841554853639936,-1.397527,0.355579,2.110361,0.577873,0.136107,0.031478,-0.804081
1640841554858229760,-1.403454,0.355796,2.108669,0.577218,0.136882,0.032011,-0.804399
1640841554861799936,-1.408078,0.355940,2.107347,0.576720,0.137429,0.032417,-0.804647
1640841554862789888,-1.409362,0.355976,2.106980,0.576584,0.137574,0.032529,-0.804715
1640841554863589888,-1.410400,0.356004,2.106683,0.576475,0.137688,0.032620,-0.804770
1640841554868189696,-1.416382,0.356144,2.104969,0.575858,0.138319,0.033153,-0.805082
1640841554869050112,-1.417503,0.356166,2.104647,0.575744,0.138432,0.033256,-0.805140
1640841554872750080,-1.422332,0.356247,2.103261,0.575258,0.138910,0.033715,-0.805386
1640841554874330112,-1.424397,0.356275,2.102667,0.575051,0.139108,0.033913,-0.805490
1640841554877719808,-1.428837,0.356319,2.101390,0.574610,0.139519,0.034327,-0.805717
1640841554879510016,-1.431186,0.356335,2.100714,0.574376,0.139727,0.034532,-0.805839
1640841554882860032,-1.435589,0.356349,2.099445,0.573936,0.140098,0.034884,-0.806073
1640841554885189888,-1.438657,0.356348,2.098560,0.573629,0.140340,0.035114,-0.806239
1640841554888290048,-1.442748,0.356332,2.097379,0.573222,0.140637,0.035418,-0.806464
1640841554889139968,-1.443871,0.356324,2.097054,0.573110,0.140713,0.035503,-0.806526
1640841554892839936,-1.448767,0.356278,2.095638,0.572626,0.141019,0.035886,-0.806799
1640841554893959936,-1.450251,0.356259,2.095208,0.572480,0.141106,0.036005,-0.806882
1640841554897719808,-1.455243,0.356180,2.093762,0.571994,0.141381,0.036417,-0.807160
1640841554898629888,-1.456453,0.356158,2.093412,0.571877,0.141446,0.036518,-0.807227
1640841554902949888,-1.462208,0.356030,2.091742,0.571327,0.141748,0.037000,-0.807542
1640841554905609728,-1.465760,0.355936,2.090710,0.570988,0.141923,0.037286,-0.807738
1640841554907830016,-1.468729,0.355847,2.089847,0.570704,0.142058,0.037510,-0.807904
1640841554909740032,-1.471287,0.355765,2.089103,0.570457,0.142164,0.037686,-0.808052
1640841554912950016,-1.475594,0.355611,2.087849,0.570037,0.142315,0.037950,-0.808309
1640841554913689856,-1.476587,0.355574,2.087560,0.569940,0.142345,0.038007,-0.808370
1640841554917779968,-1.482090,0.355347,2.085955,0.569406,0.142475,0.038307,-0.808709
1640841554919600128,-1.484544,0.355237,2.085239,0.569173,0.142514,0.038442,-0.808860
1640841554923310080,-1.489554,0.354995,2.083776,0.568709,0.142552,0.038736,-0.809165
1640841554924009984,-1.490501,0.354946,2.083500,0.568625,0.142552,0.038795,-0.809222
1640841554927789824,-1.495620,0.354671,2.082003,0.568183,0.142517,0.039133,-0.809522
1640841554929410048,-1.497818,0.354545,2.081360,0.568003,0.142480,0.039288,-0.809647
1640841554932740096,-1.502343,0.354272,2.080035,0.567652,0.142362,0.039619,-0.809898
1640841554933709824,-1.503662,0.354189,2.079648,0.567552,0.142319,0.039716,-0.809971
1640841554937719808,-1.509127,0.353828,2.078046,0.567135,0.142117,0.040092,-0.810280
1640841554938669824,-1.510424,0.353738,2.077665,0.567032,0.142065,0.040172,-0.810357
1640841554942960128,-1.516289,0.353315,2.075943,0.566548,0.141824,0.040484,-0.810722
1640841554944320000,-1.518151,0.353174,2.075396,0.566390,0.141743,0.040571,-0.810843
1640841554947739904,-1.522841,0.352805,2.074017,0.565990,0.141527,0.040785,-0.811149
1640841554948679936,-1.524132,0.352700,2.073637,0.565881,0.141464,0.040845,-0.811233
1640841554952739840,-1.529716,0.352230,2.071994,0.565423,0.141170,0.041122,-0.811589
1640841554953649920,-1.530970,0.352120,2.071625,0.565323,0.141099,0.041187,-0.811668
1640841554957779968,-1.536667,0.351606,2.069946,0.564877,0.140764,0.041471,-0.812022
1640841554958659840,-1.537883,0.351493,2.069587,0.564783,0.140690,0.041525,-0.812097
1640841554962720000,-1.543500,0.350953,2.067930,0.564351,0.140335,0.041738,-0.812448
1640841554963619840,-1.544747,0.350830,2.067561,0.564254,0.140251,0.041777,-0.812528
1640841554968129792,-1.551005,0.350190,2.065713,0.563762,0.139788,0.041932,-0.812941
1640841554969600000,-1.553048,0.349974,2.065109,0.563597,0.139616,0.041969,-0.813083
1640841554973779968,-1.558867,0.349340,2.063387,0.563115,0.139079,0.042047,-0.813505
1640841554974619904,-1.560038,0.349209,2.063041,0.563017,0.138965,0.042057,-0.813592
1640841554977769728,-1.564435,0.348707,2.061739,0.562647,0.138536,0.042083,-0.813919
1640841554978619904,-1.565622,0.348568,2.061387,0.562548,0.138421,0.042087,-0.814007
1640841554982849792,-1.571540,0.347862,2.059633,0.562060,0.137863,0.042087,-0.814439
1640841554983660032,-1.572675,0.347723,2.059296,0.561969,0.137755,0.042084,-0.814521
1640841554987959808,-1.578707,0.346968,2.057506,0.561498,0.137143,0.042057,-0.814950
1640841554989289984,-1.580576,0.346728,2.056951,0.561359,0.136933,0.042047,-0.815081
1640841554992729856,-1.585414,0.346095,2.055514,0.561012,0.136338,0.042017,-0.815422
1640841554994299904,-1.587625,0.345799,2.054857,0.560856,0.136042,0.042002,-0.815579
1640841554997740032,-1.592476,0.345136,2.053414,0.560514,0.135351,0.041967,-0.815931
1640841554998639872,-1.593746,0.344960,2.053036,0.560422,0.135162,0.041957,-0.816026
1640841555003259904,-1.600277,0.344032,2.051092,0.559933,0.134145,0.041907,-0.816532
1640841555004410112,-1.601905,0.343796,2.050607,0.559809,0.133882,0.041898,-0.816660
1640841555007769856,-1.606665,0.343093,2.049189,0.559453,0.133099,0.041886,-0.817033
1640841555008659712,-1.607928,0.342904,2.048812,0.559362,0.132889,0.041889,-0.817129
1640841555012709888,-1.613679,0.342026,2.047097,0.558977,0.131919,0.041934,-0.817547
1640841555013609984,-1.614958,0.341828,2.046715,0.558896,0.131700,0.041948,-0.817637
1640841555018089984,-1.621335,0.340819,2.044811,0.558499,0.130589,0.041998,-0.818084
1640841555019619840,-1.623515,0.340468,2.044159,0.558359,0.130199,0.041996,-0.818242
1640841555022749952,-1.627980,0.339737,2.042825,0.558062,0.129383,0.041953,-0.818576
1640841555023609856,-1.629208,0.339533,2.042457,0.557978,0.129154,0.041933,-0.818671
1640841555027719936,-1.635083,0.338544,2.040700,0.557560,0.128039,0.041804,-0.819137
1640841555028689920,-1.636470,0.338306,2.040284,0.557458,0.127771,0.041767,-0.819250
1640841555032879872,-1.642471,0.337264,2.038487,0.557007,0.126594,0.041591,-0.819748
1640841555034119936,-1.644249,0.336950,2.037954,0.556872,0.126242,0.041536,-0.819897
1640841555038279936,-1.650220,0.335880,2.036164,0.556425,0.125057,0.041347,-0.820391
1640841555039180032,-1.651514,0.335645,2.035776,0.556331,0.124801,0.041306,-0.820496
1640841555042709760,-1.656589,0.334712,2.034252,0.555974,0.123798,0.041148,-0.820898
1640841555043709952,-1.658028,0.334444,2.033820,0.555875,0.123510,0.041103,-0.821011
1640841555047799808,-1.663919,0.333332,2.032050,0.555478,0.122291,0.040905,-0.821472
1640841555050030080,-1.667135,0.332716,2.031084,0.555262,0.121584,0.040783,-0.821729
1640841555052780032,-1.671104,0.331945,2.029890,0.554993,0.120668,0.040618,-0.822053
1640841555053619968,-1.672317,0.331707,2.029525,0.554911,0.120381,0.040565,-0.822153
1640841555057740032,-1.678272,0.330526,2.027733,0.554509,0.118954,0.040291,-0.822646
1640841555058650112,-1.679588,0.330262,2.027336,0.554421,0.118640,0.040228,-0.822754
1640841555062709760,-1.685465,0.329069,2.025566,0.554029,0.117261,0.039948,-0.823229
1640841555064280064,-1.687740,0.328601,2.024880,0.553879,0.116733,0.039840,-0.823410
1640841555068699904,-1.694149,0.327266,2.022947,0.553451,0.115235,0.039544,-0.823923
1640841555069749760,-1.695673,0.326944,2.022487,0.553347,0.114872,0.039475,-0.824047
1640841555073699840,-1.701410,0.325721,2.020755,0.552954,0.113477,0.039220,-0.824516
1640841555074329856,-1.702325,0.325524,2.020478,0.552891,0.113251,0.039178,-0.824592
1640841555077709824,-1.707239,0.324457,2.018993,0.552550,0.112017,0.038935,-0.825000
1640841555082759936,-1.714590,0.322835,2.016770,0.552043,0.110128,0.038487,-0.825615
1640841555083479808,-1.715638,0.322601,2.016453,0.551970,0.109855,0.038415,-0.825703
1640841555083979776,-1.716367,0.322438,2.016232,0.551919,0.109665,0.038364,-0.825764
1640841555087739904,-1.721847,0.321201,2.014573,0.551532,0.108226,0.037960,-0.826232
1640841555090249984,-1.725508,0.320365,2.013464,0.551262,0.107258,0.037681,-0.826551
1640841555092759808,-1.729171,0.319521,2.012354,0.550985,0.106283,0.037403,-0.826874
1640841555093629952,-1.730441,0.319227,2.011969,0.550888,0.105943,0.037307,-0.826987
1640841555097820160,-1.736561,0.317795,2.010113,0.550421,0.104281,0.036861,-0.827529
1640841555099350016,-1.738797,0.317267,2.009435,0.550253,0.103663,0.036708,-0.827725
1640841555102720000,-1.743724,0.316092,2.007939,0.549895,0.102274,0.036391,-0.828149
1640841555103760128,-1.745245,0.315727,2.007477,0.549788,0.101838,0.036299,-0.828278
1640841555111269888,-1.756237,0.313051,2.004137,0.549037,0.098577,0.035652,-0.829198
1640841555111980032,-1.757277,0.312795,2.003821,0.548967,0.098260,0.035590,-0.829285
1640841555112649984,-1.758258,0.312552,2.003523,0.548901,0.097960,0.035530,-0.829367
1640841555113760000,-1.759884,0.312149,2.003028,0.548792,0.097460,0.035430,-0.829502
1640841555117809920,-1.765819,0.310666,2.001222,0.548386,0.095632,0.035041,-0.829999
1640841555118850048,-1.767344,0.310282,2.000758,0.548280,0.095163,0.034934,-0.830128
1640841555123020032,-1.773458,0.308731,1.998896,0.547839,0.093289,0.034470,-0.830651
1640841555123699968,-1.774455,0.308476,1.998593,0.547766,0.092982,0.034390,-0.830737
1640841555127739904,-1.780382,0.306952,1.996786,0.547327,0.091149,0.033891,-0.831250
1640841555128779776,-1.781908,0.306557,1.996321,0.547213,0.090671,0.033757,-0.831383
1640841555132689920,-1.787647,0.305060,1.994571,0.546785,0.088843,0.033237,-0.831882
1640841555133580032,-1.788954,0.304717,1.994173,0.546688,0.088422,0.033114,-0.831996
1640841555138059776,-1.795531,0.302978,1.992165,0.546194,0.086293,0.032465,-0.832569
1640841555139079936,-1.797029,0.302579,1.991708,0.546081,0.085809,0.032309,-0.832700
1640841555142799872,-1.802492,0.301116,1.990040,0.545661,0.084062,0.031708,-0.833176
1640841555143599872,-1.803667,0.300799,1.989681,0.545569,0.083688,0.031574,-0.833279
1640841555147709952,-1.809704,0.299164,1.987836,0.545090,0.081772,0.030866,-0.833809
1640841555148979968,-1.811570,0.298655,1.987266,0.544939,0.081177,0.030645,-0.833974
1640841555152709888,-1.817049,0.297152,1.985590,0.544485,0.079408,0.029998,-0.834464
1640841555153649920,-1.818430,0.296771,1.985168,0.544369,0.078957,0.029836,-0.834588
1640841555157829888,-1.824570,0.295067,1.983289,0.543854,0.076917,0.029114,-0.835140
1640841555158729984,-1.825892,0.294699,1.982884,0.543744,0.076471,0.028958,-0.835258
1640841555162979840,-1.832134,0.292947,1.980973,0.543233,0.074324,0.028215,-0.835810
1640841555163970048,-1.833589,0.292537,1.980528,0.543116,0.073817,0.028041,-0.835937
1640841555167689984,-1.839052,0.290989,1.978855,0.542679,0.071901,0.027389,-0.836408
1640841555168629760,-1.840432,0.290596,1.978432,0.542570,0.071417,0.027226,-0.836526
1640841555172789760,-1.846539,0.288847,1.976560,0.542085,0.069276,0.026510,-0.837044
1640841555173649920,-1.847801,0.288484,1.976173,0.541984,0.068833,0.026364,-0.837150
1640841555178129920,-1.854376,0.286583,1.974158,0.541458,0.066517,0.025606,-0.837701
1640841555180209920,-1.857427,0.285695,1.973222,0.541212,0.065428,0.025255,-0.837956
1640841555182700032,-1.861080,0.284628,1.972102,0.540915,0.064110,0.024835,-0.838263
1640841555183620096,-1.862429,0.284232,1.971688,0.540804,0.063620,0.024679,-0.838376
1640841555188019968,-1.868879,0.282333,1.969708,0.540272,0.061258,0.023929,-0.838916
1640841555188730112,-1.869920,0.282025,1.969389,0.540186,0.060875,0.023807,-0.839003
1640841555192780032,-1.875854,0.280264,1.967568,0.539694,0.058697,0.023098,-0.839495
1640841555193719808,-1.877230,0.279853,1.967145,0.539579,0.058194,0.022929,-0.839608
1640841555197739776,-1.883115,0.278092,1.965339,0.539075,0.056053,0.022168,-0.840098
1640841555198649856,-1.884447,0.277692,1.964930,0.538957,0.055572,0.021984,-0.840211
1640841555202689792,-1.890357,0.275909,1.963115,0.538408,0.053456,0.021102,-0.840723
1640841555203630080,-1.891731,0.275493,1.962693,0.538275,0.052967,0.020884,-0.840844
1640841555209299968,-1.900016,0.272973,1.960149,0.537465,0.050020,0.019537,-0.841575
1640841555210319872,-1.901505,0.272518,1.959691,0.537321,0.049487,0.019298,-0.841704
1640841555212760064,-1.905066,0.271427,1.958597,0.536981,0.048206,0.018740,-0.842007
1640841555215059968,-1.908422,0.270396,1.957567,0.536665,0.046989,0.018224,-0.842289
1640841555217839872,-1.912475,0.269146,1.956322,0.536285,0.045509,0.017605,-0.842626
1640841555219800064,-1.915331,0.268263,1.955445,0.536014,0.044460,0.017165,-0.842863
1640841555222919936,-1.919874,0.266854,1.954050,0.535577,0.042781,0.016456,-0.843241
1640841555223619840,-1.920892,0.266537,1.953737,0.535478,0.042403,0.016296,-0.843326
1640841555227869952,-1.927074,0.264610,1.951839,0.534870,0.040092,0.015319,-0.843843
1640841555228689920,-1.928265,0.264237,1.951473,0.534751,0.039644,0.015131,-0.843943
1640841555232749824,-1.934162,0.262388,1.949663,0.534158,0.037411,0.014203,-0.844437
1640841555233690112,-1.935526,0.261960,1.949244,0.534019,0.036891,0.013989,-0.844551
1640841555237659904,-1.941283,0.260145,1.947477,0.533437,0.034677,0.013092,-0.845027
1640841555239439872,-1.943862,0.259330,1.946686,0.533178,0.033674,0.012693,-0.845238
1640841555243069952,-1.949116,0.257665,1.945074,0.532657,0.031610,0.011883,-0.845657
1640841555243799808,-1.950172,0.257330,1.944750,0.532552,0.031193,0.011721,-0.845741
1640841555248149760,-1.956457,0.255329,1.942823,0.531925,0.028715,0.010757,-0.846236
1640841555248879872,-1.957511,0.254993,1.942500,0.531818,0.028302,0.010595,-0.846320
1640841555252739840,-1.963079,0.253214,1.940794,0.531238,0.026136,0.009740,-0.846763
1640841555253649920,-1.964390,0.252794,1.940392,0.531099,0.025628,0.009537,-0.846869
1640841555257890048,-1.970494,0.250836,1.938523,0.530441,0.023275,0.008588,-0.847359
1640841555258679808,-1.971630,0.250471,1.938176,0.530317,0.022837,0.008410,-0.847450
1640841555262729984,-1.977449,0.248598,1.936396,0.529678,0.020592,0.007485,-0.847916
1640841555263670016,-1.978798,0.248163,1.935983,0.529528,0.020071,0.007266,-0.848024
1640841555267799808,-1.984718,0.246251,1.934174,0.528867,0.017785,0.006279,-0.848495
1640841555268630016,-1.985907,0.245866,1.933810,0.528733,0.017326,0.006074,-0.848589
1640841555274259968,-1.993957,0.243258,1.931353,0.527815,0.014223,0.004629,-0.849228
1640841555275579904,-1.995841,0.242646,1.930779,0.527596,0.013498,0.004281,-0.849377
1640841555277859840,-1.999092,0.241589,1.929787,0.527217,0.012249,0.003674,-0.849635
1640841555278640128,-2.000204,0.241228,1.929449,0.527086,0.011822,0.003465,-0.849723
1640841555282699776,-2.005983,0.239347,1.927689,0.526399,0.009608,0.002379,-0.850180
1640841555283759872,-2.007489,0.238856,1.927231,0.526217,0.009032,0.002094,-0.850300
1640841555290489856,-2.017036,0.235741,1.924329,0.525043,0.005397,0.000247,-0.851058
1640841555291559936,-2.018551,0.235246,1.923869,0.524853,0.004823,-0.000056,-0.851179
1640841555292659968,-2.020107,0.234737,1.923397,0.524656,0.004234,-0.000371,-0.851303
1640841555293589760,-2.021421,0.234307,1.922999,0.524489,0.003737,-0.000641,-0.851409
1640841555297689856,-2.027210,0.232414,1.921245,0.523747,0.001554,-0.001840,-0.851871
1640841555298689792,-2.028619,0.231952,1.920818,0.523566,0.001022,-0.002125,-0.851982
1640841555302769920,-2.034362,0.230071,1.919081,0.522834,-0.001150,-0.003223,-0.852428
1640841555303649792,-2.035599,0.229666,1.918708,0.522677,-0.001618,-0.003448,-0.852523
1640841555309559808,-2.043887,0.226950,1.916208,0.521623,-0.004753,-0.004905,-0.853149
1640841555311369984,-2.046420,0.226119,1.915445,0.521298,-0.005707,-0.005348,-0.853339
1640841555312679936,-2.048251,0.225519,1.914894,0.521061,-0.006395,-0.005670,-0.853476
1640841555313619968,-2.049563,0.225089,1.914499,0.520891,-0.006888,-0.005901,-0.853575
1640841555317730048,-2.055294,0.223210,1.912778,0.520136,-0.009042,-0.006911,-0.854008
1640841555318709760,-2.056657,0.222763,1.912369,0.519954,-0.009555,-0.007150,-0.854111
1640841555323190016,-2.062881,0.220723,1.910506,0.519106,-0.011904,-0.008232,-0.854587
1640841555325100032,-2.065529,0.219855,1.909714,0.518742,-0.012904,-0.008688,-0.854789
1640841555327819776,-2.069292,0.218622,1.908591,0.518226,-0.014321,-0.009335,-0.855073
1640841555329149952,-2.071130,0.218020,1.908043,0.517976,-0.015009,-0.009650,-0.855209
1640841555332679936,-2.075999,0.216427,1.906593,0.517325,-0.016813,-0.010490,-0.855559
1640841555333600000,-2.077266,0.216012,1.906216,0.517158,-0.017278,-0.010710,-0.855649
1640841555337709824,-2.082914,0.214166,1.904540,0.516405,-0.019328,-0.011696,-0.856047
1640841555338820096,-2.084437,0.213668,1.904089,0.516197,-0.019873,-0.011964,-0.856156
1640841555343249920,-2.090500,0.211690,1.902296,0.515335,-0.022019,-0.013042,-0.856606
1640841555343930112,-2.091428,0.211387,1.902022,0.515199,-0.022344,-0.013209,-0.856677
1640841555347899904,-2.096840,0.209624,1.900428,0.514402,-0.024230,-0.014187,-0.857089
1640841555348999936,-2.098337,0.209137,1.899988,0.514183,-0.024750,-0.014460,-0.857201
1640841555352699904,-2.103360,0.207505,1.898514,0.513453,-0.026492,-0.015378,-0.857571
1640841555353789952,-2.104837,0.207026,1.898081,0.513240,-0.027005,-0.015646,-0.857678
1640841555358029824,-2.110568,0.205168,1.896406,0.512411,-0.029004,-0.016674,-0.858088
1640841555360100096,-2.113359,0.204265,1.895593,0.512005,-0.029986,-0.017160,-0.858288
1640841555362690048,-2.116843,0.203140,1.894579,0.511492,-0.031219,-0.017751,-0.858537
1640841555364429824,-2.119180,0.202386,1.893901,0.511146,-0.032049,-0.018138,-0.858705
1640841555367659776,-2.123506,0.200993,1.892648,0.510498,-0.033591,-0.018837,-0.859016
1640841555369060096,-2.125378,0.200392,1.892107,0.510215,-0.034258,-0.019132,-0.859151
1640841555372769792,-2.130326,0.198805,1.890682,0.509462,-0.036019,-0.019896,-0.859509
1640841555373890048,-2.131816,0.198327,1.890253,0.509234,-0.036548,-0.020122,-0.859616
1640841555377719808,-2.136900,0.196703,1.888795,0.508458,-0.038348,-0.020889,-0.859979
1640841555379409920,-2.139137,0.195990,1.888156,0.508120,-0.039137,-0.021226,-0.860135
1640841555382850048,-2.143679,0.194546,1.886861,0.507443,-0.040733,-0.021915,-0.860443
1640841555383649792,-2.144733,0.194212,1.886561,0.507287,-0.041101,-0.022075,-0.860513
1640841555387719936,-2.150083,0.192519,1.885043,0.506494,-0.042952,-0.022881,-0.860869
1640841555388710144,-2.151381,0.192109,1.884676,0.506299,-0.043396,-0.023074,-0.860956
1640841555392750080,-2.156664,0.190447,1.883187,0.505492,-0.045174,-0.023842,-0.861318
1640841555393949952,-2.158229,0.189956,1.882747,0.505250,-0.045693,-0.024065,-0.861427
1640841555397840128,-2.163288,0.188373,1.881329,0.504458,-0.047359,-0.024780,-0.861780
1640841555398659840,-2.164351,0.188041,1.881032,0.504291,-0.047708,-0.024929,-0.861854
1640841555402749952,-2.169643,0.186396,1.879559,0.503461,-0.049439,-0.025674,-0.862220
1640841555403640064,-2.170791,0.186040,1.879240,0.503281,-0.049811,-0.025836,-0.862299
1640841555409590016,-2.178438,0.183681,1.877128,0.502083,-0.052252,-0.026929,-0.862819
1640841555410369792,-2.179437,0.183375,1.876854,0.501927,-0.052564,-0.027074,-0.862887
1640841555412689920,-2.182402,0.182467,1.876041,0.501462,-0.053480,-0.027508,-0.863087
1640841555413699840,-2.183690,0.182073,1.875688,0.501260,-0.053875,-0.027699,-0.863174
1640841555417739776,-2.188828,0.180510,1.874288,0.500446,-0.055442,-0.028479,-0.863521
1640841555419020032,-2.190451,0.180018,1.873847,0.500186,-0.055937,-0.028732,-0.863631
1640841555422839808,-2.195279,0.178562,1.872542,0.499403,-0.057420,-0.029507,-0.863961
1640841555425619968,-2.198779,0.177512,1.871601,0.498829,-0.058498,-0.030075,-0.864201
1640841555427859968,-2.201590,0.176672,1.870848,0.498366,-0.059358,-0.030524,-0.864394
1640841555428769792,-2.202730,0.176333,1.870543,0.498178,-0.059704,-0.030702,-0.864472
1640841555432750080,-2.207700,0.174860,1.869221,0.497365,-0.061188,-0.031446,-0.864809
1640841555433769984,-2.208969,0.174486,1.868885,0.497158,-0.061563,-0.031629,-0.864895
1640841555438050048,-2.214278,0.172928,1.867485,0.496304,-0.063120,-0.032391,-0.865245
1640841555439399936,-2.215947,0.172441,1.867047,0.496040,-0.063610,-0.032632,-0.865352
1640841555442790144,-2.220123,0.171228,1.865957,0.495382,-0.064839,-0.033245,-0.865614
1640841555443660032,-2.221192,0.170919,1.865679,0.495215,-0.065154,-0.033401,-0.865680
1640841555447820032,-2.226285,0.169456,1.864360,0.494411,-0.066656,-0.034126,-0.865996
1640841555451170048,-2.230365,0.168293,1.863312,0.493755,-0.067857,-0.034663,-0.866256
1640841555452770048,-2.232307,0.167743,1.862815,0.493438,-0.068424,-0.034906,-0.866383
1640841555453629952,-2.233350,0.167448,1.862550,0.493267,-0.068726,-0.035034,-0.866451
1640841555457710080,-2.238276,0.166065,1.861300,0.492456,-0.070132,-0.035636,-0.866775
1640841555458720000,-2.239491,0.165726,1.860993,0.492255,-0.070470,-0.035786,-0.866855
1640841555462739968,-2.244310,0.164390,1.859784,0.491462,-0.071772,-0.036406,-0.867173
1640841555463670016,-2.245421,0.164085,1.859507,0.491281,-0.072062,-0.036556,-0.867245
1640841555467969792,-2.250537,0.162686,1.858237,0.490452,-0.073374,-0.037246,-0.867575
1640841555470639872,-2.253697,0.161830,1.857460,0.489946,-0.074188,-0.037640,-0.867774
1640841555473039872,-2.256526,0.161070,1.856768,0.489496,-0.074932,-0.037953,-0.867951
1640841555474350080,-2.258066,0.160658,1.856393,0.489250,-0.075343,-0.038112,-0.868047
1640841555477730048,-2.262025,0.159607,1.855434,0.488610,-0.076406,-0.038504,-0.868297
1640841555478689792,-2.263146,0.159311,1.855165,0.488426,-0.076706,-0.038615,-0.868369
1640841555483039744,-2.268202,0.157989,1.853956,0.487576,-0.078057,-0.039127,-0.868704
1640841555483689984,-2.268954,0.157794,1.853777,0.487448,-0.078257,-0.039202,-0.868754
1640841555487849984,-2.273751,0.156560,1.852645,0.486638,-0.079524,-0.039657,-0.869072
1640841555489389824,-2.275519,0.156110,1.852231,0.486345,-0.079986,-0.039809,-0.869187
1640841555492689920,-2.279291,0.155157,1.851353,0.485736,-0.080967,-0.040094,-0.869424
1640841555493629952,-2.280362,0.154888,1.851106,0.485565,-0.081244,-0.040167,-0.869490
1640841555497859840,-2.285159,0.153697,1.850005,0.484806,-0.082483,-0.040474,-0.869782
1640841555498739968,-2.286153,0.153453,1.849779,0.484648,-0.082740,-0.040536,-0.869843
1640841555502820096,-2.290739,0.152335,1.848743,0.483903,-0.083930,-0.040837,-0.870130
1640841555503670016,-2.291691,0.152106,1.848530,0.483745,-0.084178,-0.040901,-0.870191
1640841555508160000,-2.296692,0.150913,1.847418,0.482905,-0.085480,-0.041233,-0.870515
1640841555509110016,-2.297746,0.150664,1.847186,0.482727,-0.085753,-0.041298,-0.870583
1640841555512780032,-2.301797,0.149719,1.846300,0.482047,-0.086793,-0.041511,-0.870847
1640841555514099712,-2.303247,0.149384,1.845986,0.481805,-0.087161,-0.041575,-0.870941
1640841555517900032,-2.307403,0.148435,1.845093,0.481115,-0.088198,-0.041739,-0.871210
1640841555518689792,-2.308263,0.148241,1.844910,0.480972,-0.088408,-0.041770,-0.871266
1640841555522859776,-2.312782,0.147233,1.843956,0.480222,-0.089491,-0.041934,-0.871562
1640841555524049920,-2.314065,0.146951,1.843688,0.480009,-0.089790,-0.041983,-0.871646
1640841555527729920,-2.318013,0.146092,1.842870,0.479349,-0.090683,-0.042153,-0.871909
1640841555528869888,-2.319231,0.145831,1.842620,0.479144,-0.090953,-0.042211,-0.871990
1640841555532769792,-2.323375,0.144954,1.841779,0.478445,-0.091917,-0.042393,-0.872264
1640841555533900032,-2.324569,0.144704,1.841539,0.478242,-0.092208,-0.042439,-0.872342
1640841555537720064,-2.328587,0.143878,1.840740,0.477561,-0.093208,-0.042573,-0.872603
1640841555538720000,-2.329634,0.143665,1.840534,0.477383,-0.093470,-0.042602,-0.872671
1640841555542820096,-2.333902,0.142813,1.839704,0.476658,-0.094521,-0.042697,-0.872949
1640841555543680000,-2.334793,0.142638,1.839533,0.476507,-0.094736,-0.042712,-0.873007
1640841555547729920,-2.338965,0.141830,1.838739,0.475804,-0.095735,-0.042758,-0.873280
1640841555548669696,-2.339928,0.141647,1.838558,0.475643,-0.095967,-0.042764,-0.873342
1640841555552729856,-2.344065,0.140873,1.837790,0.474960,-0.096979,-0.042762,-0.873601
1640841555553659904,-2.345008,0.140700,1.837617,0.474807,-0.097214,-0.042757,-0.873659
1640841555557999872,-2.349381,0.139912,1.836826,0.474098,-0.098320,-0.042721,-0.873921
1640841555559160064,-2.350542,0.139707,1.836619,0.473910,-0.098616,-0.042710,-0.873991
1640841555562759936,-2.354127,0.139087,1.835989,0.473324,-0.099524,-0.042681,-0.874207
1640841555563660032,-2.355019,0.138935,1.835834,0.473177,-0.099748,-0.042674,-0.874262
1640841555567669760,-2.358969,0.138278,1.835157,0.472522,-0.100723,-0.042644,-0.874505
1640841555568790016,-2.360065,0.138100,1.834972,0.472341,-0.100987,-0.042633,-0.874573
1640841555572699904,-2.363870,0.137495,1.834340,0.471714,-0.101874,-0.042580,-0.874811
1640841555576029952,-2.367083,0.137002,1.833818,0.471190,-0.102588,-0.042516,-0.875013
1640841555577839872,-2.368818,0.136742,1.833541,0.470909,-0.102966,-0.042477,-0.875122
1640841555579609856,-2.370507,0.136495,1.833274,0.470635,-0.103331,-0.042437,-0.875228
1640841555582819840,-2.373551,0.136060,1.832802,0.470140,-0.103989,-0.042369,-0.875419
1640841555584209920,-2.374862,0.135877,1.832602,0.469927,-0.104272,-0.042342,-0.875502
1640841555587770112,-2.378197,0.135427,1.832102,0.469381,-0.104995,-0.042292,-0.875711
1640841555588729856,-2.379091,0.135309,1.831970,0.469233,-0.105189,-0.042284,-0.875767
1640841555592869888,-2.382922,0.134822,1.831417,0.468596,-0.106025,-0.042282,-0.876007
1640841555593689856,-2.383675,0.134729,1.831310,0.468470,-0.106190,-0.042285,-0.876055
1640841555597839872,-2.387464,0.134279,1.830784,0.467833,-0.107018,-0.042278,-0.876294
1640841555598909952,-2.388434,0.134168,1.830653,0.467671,-0.107229,-0.042263,-0.876356
1640841555602729984,-2.391874,0.133791,1.830196,0.467098,-0.107973,-0.042152,-0.876575
1640841555603680000,-2.392724,0.133701,1.830085,0.466958,-0.108156,-0.042115,-0.876629
1640841555607820032,-2.396400,0.133330,1.829619,0.466352,-0.108941,-0.041939,-0.876863
1640841555609319936,-2.397722,0.133203,1.829457,0.466136,-0.109222,-0.041880,-0.876946
1640841555612749824,-2.400722,0.132930,1.829096,0.465646,-0.109855,-0.041781,-0.877132
1640841555613849856,-2.401678,0.132847,1.828984,0.465490,-0.110056,-0.041762,-0.877190
1640841555617830144,-2.405111,0.132566,1.828593,0.464928,-0.110796,-0.041681,-0.877399
1640841555619369984,-2.406428,0.132466,1.828448,0.464710,-0.111092,-0.041623,-0.877480
1640841555623079936,-2.409576,0.132242,1.828112,0.464182,-0.111839,-0.041377,-0.877676
1640841555628009984,-2.413704,0.131985,1.827696,0.463483,-0.112850,-0.040913,-0.877938
1640841555628790016,-2.414351,0.131949,1.827633,0.463374,-0.113005,-0.040837,-0.877979
1640841555629699840,-2.415104,0.131908,1.827561,0.463248,-0.113184,-0.040751,-0.878026
1640841555632719872,-2.417588,0.131783,1.827330,0.462835,-0.113748,-0.040494,-0.878183
1640841555635000064,-2.419447,0.131700,1.827165,0.462530,-0.114151,-0.040321,-0.878300
1640841555638039808,-2.421904,0.131605,1.826956,0.462127,-0.114671,-0.040097,-0.878454
1640841555639149824,-2.422795,0.131575,1.826883,0.461980,-0.114860,-0.040012,-0.878510
1640841555643040000,-2.425891,0.131487,1.826641,0.461465,-0.115535,-0.039675,-0.878708
1640841555643990016,-2.426642,0.131471,1.826585,0.461339,-0.115705,-0.039581,-0.878756
1640841555647830016,-2.429649,0.131419,1.826373,0.460822,-0.116386,-0.039197,-0.878955
1640841555648789760,-2.430394,0.131411,1.826323,0.460691,-0.116551,-0.039109,-0.879005
1640841555652719872,-2.433420,0.131395,1.826132,0.460156,-0.117185,-0.038805,-0.879215
1640841555653659904,-2.434137,0.131396,1.826090,0.460028,-0.117330,-0.038741,-0.879265
1640841555658129920,-2.437515,0.131421,1.825907,0.459427,-0.117998,-0.038458,-0.879502
1640841555659499776,-2.438540,0.131437,1.825856,0.459247,-0.118201,-0.038369,-0.879573
1640841555662679808,-2.440897,0.131486,1.825749,0.458837,-0.118676,-0.038149,-0.879732
1640841555663780096,-2.441706,0.131508,1.825715,0.458697,-0.118841,-0.038070,-0.879787
1640841555667800064,-2.444634,0.131606,1.825606,0.458185,-0.119456,-0.037773,-0.879983
1640841555668749824,-2.445319,0.131634,1.825584,0.458063,-0.119604,-0.037702,-0.880030
1640841555672740096,-2.448169,0.131768,1.825504,0.457541,-0.120238,-0.037407,-0.880227
1640841555674249984,-2.449236,0.131827,1.825480,0.457341,-0.120480,-0.037295,-0.880303
1640841555677779968,-2.451705,0.131982,1.825436,0.456874,-0.121045,-0.037020,-0.880479
1640841555678779904,-2.452398,0.132030,1.825427,0.456743,-0.121203,-0.036937,-0.880529
1640841555682739968,-2.455114,0.132238,1.825404,0.456236,-0.121813,-0.036582,-0.880723
1640841555685129984,-2.456731,0.132378,1.825401,0.455937,-0.122176,-0.036348,-0.880837
1640841555688209920,-2.458792,0.132573,1.825408,0.455557,-0.122647,-0.036026,-0.880981
1640841555689139968,-2.459408,0.132636,1.825413,0.455444,-0.122792,-0.035925,-0.881024
1640841555692679936,-2.461732,0.132889,1.825443,0.455013,-0.123354,-0.035525,-0.881184
1640841555693659904,-2.462370,0.132963,1.825455,0.454895,-0.123512,-0.035412,-0.881227
1640841555697710080,-2.464972,0.133288,1.825516,0.454406,-0.124169,-0.034935,-0.881406
1640841555698679808,-2.465588,0.133370,1.825534,0.454289,-0.124326,-0.034820,-0.881449
1640841555702759936,-2.468150,0.133735,1.825624,0.453798,-0.124981,-0.034339,-0.881628
1640841555703759872,-2.468770,0.133829,1.825650,0.453677,-0.125139,-0.034222,-0.881672
1640841555708509952,-2.471677,0.134300,1.825790,0.453103,-0.125870,-0.033668,-0.881885
1640841555709240064,-2.472118,0.134376,1.825815,0.453014,-0.125979,-0.033584,-0.881918
1640841555712709888,-2.474191,0.134751,1.825941,0.452593,-0.126482,-0.033184,-0.882078
1640841555713729792,-2.474793,0.134865,1.825981,0.452469,-0.126625,-0.033066,-0.882125
1640841555717700096,-2.477109,0.135327,1.826150,0.451990,-0.127169,-0.032589,-0.882310
1640841555719169792,-2.477954,0.135505,1.826219,0.451815,-0.127367,-0.032400,-0.882378
1640841555722859776,-2.480048,0.135969,1.826403,0.451382,-0.127861,-0.031892,-0.882547
1640841555724039936,-2.480709,0.136122,1.826466,0.451244,-0.128019,-0.031722,-0.882600
1640841555727680000,-2.482720,0.136611,1.826671,0.450817,-0.128516,-0.031192,-0.882765
1640841555728760064,-2.483309,0.136760,1.826736,0.450688,-0.128666,-0.031038,-0.882815
1640841555732909824,-2.485540,0.137353,1.826998,0.450182,-0.129259,-0.030453,-0.883007
1640841555733749760,-2.485985,0.137477,1.827053,0.450078,-0.129382,-0.030334,-0.883046
1640841555741609728,-2.490045,0.138691,1.827621,0.449095,-0.130561,-0.029100,-0.883414
1640841555742300160,-2.490393,0.138803,1.827674,0.449008,-0.130666,-0.028977,-0.883447
1640841555742759936,-2.490623,0.138878,1.827710,0.448951,-0.130736,-0.028893,-0.883468
1640841555743729920,-2.491108,0.139037,1.827787,0.448831,-0.130883,-0.028716,-0.883513
1640841555747680000,-2.493050,0.139701,1.828114,0.448346,-0.131475,-0.027985,-0.883695
1640841555748760064,-2.493573,0.139887,1.828207,0.448216,-0.131633,-0.027789,-0.883744
1640841555753540096,-2.495843,0.140733,1.828635,0.447650,-0.132309,-0.026963,-0.883955
1640841555754929920,-2.496489,0.140986,1.828765,0.447487,-0.132501,-0.026725,-0.884016
1640841555758779904,-2.498249,0.141703,1.829138,0.447029,-0.133034,-0.026042,-0.884188
1640841555759480064,-2.498564,0.141836,1.829208,0.446944,-0.133132,-0.025911,-0.884221
1640841555762719744,-2.500002,0.142462,1.829539,0.446544,-0.133586,-0.025274,-0.884373
1640841555763719936,-2.500439,0.142659,1.829644,0.446418,-0.133725,-0.025069,-0.884421
1640841555767789824,-2.502185,0.143475,1.830083,0.445903,-0.134279,-0.024211,-0.884620
1640841555768679936,-2.502560,0.143656,1.830182,0.445790,-0.134396,-0.024020,-0.884665
1640841555772869888,-2.504291,0.144529,1.830660,0.445258,-0.134916,-0.023120,-0.884878
1640841555773769728,-2.504656,0.144721,1.830766,0.445144,-0.135023,-0.022926,-0.884924
1640841555778230016,-2.506425,0.145686,1.831303,0.444577,-0.135541,-0.021952,-0.885154
1640841555779219968,-2.506809,0.145904,1.831425,0.444451,-0.135656,-0.021733,-0.885205
1640841555782639872,-2.508111,0.146670,1.831857,0.444013,-0.136056,-0.020967,-0.885382
1640841555783729920,-2.508519,0.146917,1.831997,0.443874,-0.136185,-0.020720,-0.885438
1640841555788219904,-2.510157,0.147956,1.832591,0.443293,-0.136721,-0.019697,-0.885670
1640841555789129984,-2.510481,0.148170,1.832714,0.443175,-0.136831,-0.019489,-0.885716
1640841555792739840,-2.511740,0.149032,1.833212,0.442702,-0.137267,-0.018663,-0.885903
1640841555793789952,-2.512098,0.149286,1.833360,0.442564,-0.137394,-0.018421,-0.885958
1640841555797720064,-2.513408,0.150251,1.833923,0.442045,-0.137860,-0.017506,-0.886163
1640841555798729984,-2.513737,0.150503,1.834071,0.441911,-0.137978,-0.017267,-0.886216
1640841555802769920,-2.515019,0.151523,1.834672,0.441375,-0.138433,-0.016290,-0.886430
1640841555803729920,-2.515315,0.151769,1.834818,0.441248,-0.138539,-0.016051,-0.886481
1640841555807719936,-2.516516,0.152804,1.835434,0.440718,-0.138981,-0.015027,-0.886694
1640841555809739776,-2.517105,0.153337,1.835753,0.440448,-0.139209,-0.014485,-0.886801
1640841555812679936,-2.517938,0.154122,1.836224,0.440055,-0.139553,-0.013663,-0.886955
1640841555814739968,-2.518504,0.154679,1.836559,0.439779,-0.139800,-0.013069,-0.887062
1640841555818099968,-2.519399,0.155599,1.837116,0.439329,-0.140206,-0.012086,-0.887235
1640841555818990080,-2.519630,0.155845,1.837266,0.439210,-0.140312,-0.011827,-0.887281
1640841555822690048,-2.520561,0.156880,1.837896,0.438718,-0.140738,-0.010765,-0.887470
1640841555823930112,-2.520863,0.157230,1.838111,0.438553,-0.140875,-0.010414,-0.887534
1640841555829269760,-2.522107,0.158762,1.839051,0.437834,-0.141434,-0.008892,-0.887817
1640841555830189824,-2.522311,0.159030,1.839216,0.437708,-0.141526,-0.008625,-0.887867
1640841555832749824,-2.522867,0.159780,1.839679,0.437351,-0.141772,-0.007866,-0.888011
1640841555833829888,-2.523094,0.160099,1.839877,0.437197,-0.141873,-0.007538,-0.888073
1640841555837789952,-2.523896,0.161280,1.840610,0.436624,-0.142227,-0.006302,-0.888308
1640841555838719744,-2.524077,0.161560,1.840784,0.436491,-0.142306,-0.006012,-0.888363
1640841555842850048,-2.524846,0.162816,1.841568,0.435919,-0.142645,-0.004760,-0.888597
1640841555843780096,-2.525011,0.163101,1.841747,0.435794,-0.142719,-0.004488,-0.888648
1640841555847699968,-2.525676,0.164316,1.842509,0.435267,-0.143021,-0.003366,-0.888862
1640841555848769792,-2.525848,0.164650,1.842720,0.435121,-0.143101,-0.003067,-0.888922
1640841555852880128,-2.526476,0.165947,1.843538,0.434540,-0.143407,-0.001934,-0.889160
1640841555853829888,-2.526613,0.166249,1.843729,0.434402,-0.143477,-0.001674,-0.889217
1640841555857750016,-2.527147,0.167507,1.844526,0.433824,-0.143759,-0.000596,-0.889455
1640841555860280064,-2.527465,0.168328,1.845048,0.433448,-0.143935,0.000111,-0.889610
1640841555863010048,-2.527783,0.169221,1.845616,0.433043,-0.144120,0.000891,-0.889777
1640841555863709952,-2.527861,0.169451,1.845763,0.432939,-0.144167,0.001094,-0.889819
1640841555867810048,-2.528283,0.170809,1.846631,0.432335,-0.144432,0.002300,-0.890068
1640841555869079808,-2.528402,0.171233,1.846903,0.432148,-0.144511,0.002679,-0.890144
1640841555872789760,-2.528719,0.172481,1.847704,0.431605,-0.144738,0.003805,-0.890367
1640841555873689856,-2.528789,0.172786,1.847900,0.431473,-0.144793,0.004083,-0.890421
1640841555877740032,-2.529071,0.174166,1.848790,0.430877,-0.145055,0.005359,-0.890660
1640841555878710016,-2.529130,0.174499,1.849005,0.430733,-0.145124,0.005672,-0.890716
1640841555882860032,-2.529348,0.175933,1.849933,0.430109,-0.145442,0.007050,-0.890956
1640841555883819776,-2.529390,0.176267,1.850149,0.429963,-0.145518,0.007378,-0.891012
1640841555887640064,-2.529527,0.177604,1.851017,0.429377,-0.145807,0.008726,-0.891235
1640841555888739840,-2.529557,0.177991,1.851269,0.429207,-0.145882,0.009126,-0.891300
1640841555892930048,-2.529635,0.179476,1.852236,0.428557,-0.146125,0.010694,-0.891556
1640841555893979904,-2.529645,0.179850,1.852480,0.428394,-0.146178,0.011094,-0.891621
1640841555898000128,-2.529649,0.181291,1.853422,0.427769,-0.146364,0.012630,-0.891870
1640841555899479808,-2.529637,0.181825,1.853772,0.427541,-0.146428,0.013193,-0.891961
1640841555902749952,-2.529584,0.183010,1.854549,0.427037,-0.146571,0.014420,-0.892159
1640841555903659776,-2.529563,0.183341,1.854766,0.426897,-0.146611,0.014759,-0.892214
1640841555907680000,-2.529436,0.184812,1.855734,0.426272,-0.146786,0.016243,-0.892458
1640841555908679936,-2.529396,0.185179,1.855976,0.426115,-0.146829,0.016611,-0.892520
1640841555912789760,-2.529195,0.186698,1.856978,0.425454,-0.147007,0.018115,-0.892776
1640841555914779904,-2.529078,0.187437,1.857467,0.425129,-0.147086,0.018837,-0.892903
1640841555917719808,-2.528879,0.188534,1.858193,0.424648,-0.147182,0.019885,-0.893094
1640841555919989760,-2.528706,0.189385,1.858757,0.424281,-0.147231,0.020673,-0.893242
1640841555922639872,-2.528481,0.190382,1.859420,0.423861,-0.147256,0.021566,-0.893416
1640841555923660032,-2.528389,0.190767,1.859676,0.423701,-0.147260,0.021905,-0.893483
1640841555928409856,-2.527910,0.192568,1.860875,0.422964,-0.147280,0.023480,-0.893789
1640841555929939968,-2.527739,0.193151,1.861264,0.422727,-0.147300,0.023996,-0.893884
1640841555935379968,-2.527068,0.195234,1.862656,0.421889,-0.147427,0.025857,-0.894207
1640841555936139776,-2.526967,0.195526,1.862851,0.421773,-0.147447,0.026114,-0.894251
1640841555937739776,-2.526746,0.196142,1.863264,0.421530,-0.147485,0.026649,-0.894343
1640841555938939904,-2.526575,0.196605,1.863575,0.421350,-0.147510,0.027042,-0.894413
1640841555943209984,-2.525925,0.198258,1.864685,0.420717,-0.147561,0.028382,-0.894660
1640841555944249856,-2.525758,0.198662,1.864956,0.420564,-0.147568,0.028701,-0.894721
1640841555947899904,-2.525140,0.200083,1.865913,0.420025,-0.147587,0.029822,-0.894934
1640841555948979968,-2.524949,0.200504,1.866198,0.419864,-0.147594,0.030160,-0.894998
1640841555952790016,-2.524242,0.201995,1.867204,0.419286,-0.147633,0.031393,-0.895220
1640841555954419968,-2.523924,0.202634,1.867637,0.419036,-0.147659,0.031941,-0.895313
1640841555957809920,-2.523235,0.203968,1.868540,0.418515,-0.147739,0.033124,-0.895500
1640841555958950144,-2.522994,0.204417,1.868845,0.418341,-0.147774,0.033534,-0.895561
1640841555964119808,-2.521846,0.206459,1.870232,0.417558,-0.147983,0.035472,-0.895817
1640841555965440000,-2.521539,0.206982,1.870588,0.417360,-0.148037,0.035982,-0.895880
1640841555967789824,-2.520976,0.207914,1.871223,0.417009,-0.148121,0.036897,-0.895992
1640841555968740096,-2.520743,0.208291,1.871480,0.416868,-0.148147,0.037268,-0.896038
1640841555974099968,-2.519372,0.210424,1.872937,0.416065,-0.148194,0.039367,-0.896314
1640841555974799872,-2.519186,0.210703,1.873128,0.415957,-0.148190,0.039641,-0.896353
1640841555977919744,-2.518335,0.211947,1.873981,0.415459,-0.148161,0.040868,-0.896533
1640841555982119936,-2.517137,0.213626,1.875134,0.414729,-0.148119,0.042532,-0.896801
1640841555982640128,-2.516985,0.213834,1.875277,0.414634,-0.148114,0.042739,-0.896836
1640841555984119808,-2.516545,0.214427,1.875684,0.414365,-0.148097,0.043327,-0.896935
1640841555987799808,-2.515421,0.215901,1.876700,0.413715,-0.148027,0.044779,-0.897175
1640841555988709888,-2.515136,0.216266,1.876952,0.413565,-0.148000,0.045134,-0.897231
1640841555993029888,-2.513743,0.218000,1.878149,0.412914,-0.147818,0.046792,-0.897476
1640841555993969920,-2.513432,0.218377,1.878411,0.412780,-0.147772,0.047148,-0.897526
1640841555997659904,-2.512180,0.219860,1.879438,0.412250,-0.147592,0.048524,-0.897726
1640841555998749952,-2.511801,0.220298,1.879742,0.412087,-0.147545,0.048925,-0.897787
1640841556002720000,-2.510388,0.221894,1.880851,0.411441,-0.147411,0.050368,-0.898025
1640841556003759872,-2.510009,0.222312,1.881142,0.411261,-0.147383,0.050742,-0.898091
1640841556007789824,-2.508504,0.223933,1.882272,0.410554,-0.147273,0.052190,-0.898350
1640841556010329856,-2.507527,0.224955,1.882986,0.410119,-0.147180,0.053106,-0.898510
1640841556013219840,-2.506389,0.226118,1.883799,0.409650,-0.147041,0.054156,-0.898684
1640841556014339840,-2.505940,0.226568,1.884114,0.409476,-0.146981,0.054564,-0.898749
1640841556017829888,-2.504515,0.227971,1.885099,0.408960,-0.146775,0.055844,-0.898938
1640841556018880000,-2.504078,0.228393,1.885395,0.408814,-0.146711,0.056231,-0.898991
1640841556022709760,-2.502451,0.229932,1.886478,0.408305,-0.146478,0.057646,-0.899171
1640841556023689984,-2.502027,0.230325,1.886755,0.408179,-0.146419,0.058008,-0.899214
1640841556027819776,-2.500203,0.231983,1.887925,0.407636,-0.146173,0.059528,-0.899401
1640841556029680128,-2.499363,0.232728,1.888452,0.407376,-0.146064,0.060207,-0.899492
1640841556032699904,-2.497973,0.233938,1.889309,0.406927,-0.145891,0.061304,-0.899649
1640841556034669824,-2.497050,0.234727,1.889869,0.406626,-0.145780,0.062024,-0.899754
1640841556038720000,-2.495110,0.236345,1.891020,0.406016,-0.145558,0.063545,-0.899959
1640841556039670016,-2.494647,0.236725,1.891290,0.405880,-0.145507,0.063913,-0.900002
1640841556045729792,-2.491620,0.239140,1.893015,0.405074,-0.145163,0.066327,-0.900246
1640841556046479872,-2.491237,0.239438,1.893229,0.404981,-0.145114,0.066628,-0.900274
1640841556047680000,-2.490620,0.239915,1.893570,0.404834,-0.145032,0.067107,-0.900318
1640841556049569792,-2.489638,0.240666,1.894109,0.404608,-0.144890,0.067853,-0.900386
1640841556053280000,-2.487675,0.242137,1.895166,0.404177,-0.144564,0.069272,-0.900524
1640841556054070016,-2.487251,0.242450,1.895392,0.404086,-0.144489,0.069567,-0.900554
1640841556058060032,-2.485077,0.244027,1.896529,0.403625,-0.144099,0.071013,-0.900711
1640841556059589888,-2.484229,0.244630,1.896965,0.403444,-0.143953,0.071549,-0.900773
1640841556062779904,-2.482435,0.245886,1.897875,0.403056,-0.143663,0.072639,-0.900905
1640841556063830016,-2.481837,0.246299,1.898175,0.402926,-0.143571,0.072993,-0.900949
1640841556067960064,-2.479449,0.247918,1.899353,0.402422,-0.143207,0.074377,-0.901119
1640841556070479872,-2.477964,0.248904,1.900071,0.402129,-0.142970,0.075235,-0.901217
1640841556073189888,-2.476342,0.249961,1.900844,0.401834,-0.142694,0.076175,-0.901313
1640841556076049920,-2.474604,0.251073,1.901659,0.401544,-0.142377,0.077169,-0.901408
1640841556077740032,-2.473564,0.251729,1.902141,0.401382,-0.142176,0.077747,-0.901462
1640841556078799872,-2.472907,0.252140,1.902443,0.401284,-0.142046,0.078104,-0.901495
1640841556083180032,-2.470151,0.253832,1.903690,0.400905,-0.141477,0.079526,-0.901629
1640841556084539904,-2.469282,0.254356,1.904077,0.400793,-0.141296,0.079955,-0.901669
1640841556087709952,-2.467233,0.255574,1.904980,0.400535,-0.140881,0.080946,-0.901761
1640841556089859840,-2.465824,0.256397,1.905591,0.400359,-0.140614,0.081617,-0.901820
1640841556092779776,-2.463886,0.257511,1.906422,0.400113,-0.140282,0.082540,-0.901897
1640841556093669888,-2.463289,0.257850,1.906674,0.400036,-0.140190,0.082825,-0.901919
1640841556097799936,-2.460486,0.259418,1.907848,0.399671,-0.139802,0.084180,-0.902016
1640841556102159872,-2.457466,0.261063,1.909085,0.399338,-0.139328,0.085636,-0.902099
1640841556102720000,-2.457073,0.261274,1.909244,0.399303,-0.139254,0.085824,-0.902108
1640841556103809792,-2.456306,0.261683,1.909552,0.399238,-0.139104,0.086188,-0.902126
1640841556108819968,-2.452730,0.263557,1.910972,0.398983,-0.138322,0.087841,-0.902199
1640841556110249984,-2.451694,0.264089,1.911376,0.398912,-0.138084,0.088303,-0.902222
1640841556112839936,-2.449800,0.265050,1.912109,0.398775,-0.137652,0.089125,-0.902268
1640841556113730048,-2.449144,0.265380,1.912360,0.398726,-0.137505,0.089401,-0.902284
1640841556117760000,-2.446142,0.266865,1.913498,0.398498,-0.136842,0.090599,-0.902367
1640841556119180032,-2.445071,0.267386,1.913899,0.398419,-0.136612,0.090996,-0.902397
1640841556122889984,-2.442243,0.268741,1.914944,0.398224,-0.136024,0.091955,-0.902474
1640841556123849984,-2.441503,0.269090,1.915214,0.398179,-0.135875,0.092183,-0.902493
1640841556127759872,-2.438461,0.270507,1.916314,0.398021,-0.135266,0.093063,-0.902564
1640841556128809984,-2.437636,0.270886,1.916609,0.397988,-0.135095,0.093301,-0.902580
1640841556132799744,-2.434467,0.272318,1.917729,0.397891,-0.134407,0.094257,-0.902626
1640841556134979840,-2.432714,0.273096,1.918340,0.397852,-0.134010,0.094792,-0.902646
1640841556138000128,-2.430259,0.274169,1.919186,0.397802,-0.133447,0.095517,-0.902675
1640841556140239872,-2.428420,0.274960,1.919812,0.397760,-0.133026,0.096026,-0.902701
1640841556142799872,-2.426298,0.275860,1.920527,0.397706,-0.132547,0.096568,-0.902738
1640841556143739904,-2.425514,0.276189,1.920790,0.397686,-0.132373,0.096760,-0.902752
1640841556148000000,-2.421923,0.277673,1.921977,0.397594,-0.131587,0.097606,-0.902816
1640841556150789888,-2.419540,0.278638,1.922753,0.397545,-0.131082,0.098165,-0.902850
1640841556152760064,-2.417843,0.279316,1.923301,0.397520,-0.130729,0.098574,-0.902868
1640841556153789952,-2.416950,0.279669,1.923587,0.397511,-0.130544,0.098791,-0.902875
1640841556157760000,-2.413479,0.281022,1.924688,0.397504,-0.129804,0.099634,-0.902892
1640841556158789888,-2.412571,0.281371,1.924973,0.397511,-0.129600,0.099848,-0.902895
1640841556162759936,-2.409037,0.282709,1.926071,0.397566,-0.128755,0.100644,-0.902903
1640841556164009728,-2.407914,0.283127,1.926416,0.397590,-0.128476,0.100887,-0.902905
1640841556167810048,-2.404471,0.284392,1.927464,0.397677,-0.127621,0.101616,-0.902907
1640841556168800000,-2.403567,0.284720,1.927737,0.397700,-0.127401,0.101805,-0.902906
1640841556172740096,-2.399937,0.286015,1.928821,0.397786,-0.126564,0.102566,-0.902900
1640841556174000128,-2.398766,0.286427,1.929167,0.397811,-0.126309,0.102810,-0.902897
1640841556177760000,-2.395242,0.287647,1.930197,0.397885,-0.125547,0.103513,-0.902890
1640841556179529984,-2.393569,0.288217,1.930682,0.397925,-0.125171,0.103817,-0.902890
1640841556182759936,-2.390490,0.289250,1.931565,0.398013,-0.124438,0.104319,-0.902894
1640841556183719936,-2.389569,0.289556,1.931827,0.398043,-0.124209,0.104457,-0.902897
1640841556187849984,-2.385574,0.290860,1.932952,0.398199,-0.123174,0.105011,-0.902906
1640841556188889856,-2.384559,0.291186,1.933235,0.398245,-0.122901,0.105144,-0.902907
1640841556192839936,-2.380678,0.292416,1.934308,0.398445,-0.121834,0.105627,-0.902907
1640841556193809920,-2.379717,0.292716,1.934571,0.398499,-0.121568,0.105739,-0.902906
1640841556198400000,-2.375134,0.294123,1.935814,0.398758,-0.120317,0.106224,-0.902902
1640841556199589888,-2.373936,0.294485,1.936135,0.398824,-0.120001,0.106335,-0.902902
1640841556203339776,-2.370132,0.295616,1.937147,0.399025,-0.119037,0.106641,-0.902905
1640841556205669888,-2.367748,0.296312,1.937774,0.399149,-0.118449,0.106808,-0.902907
1640841556207980032,-2.365368,0.296997,1.938395,0.399279,-0.117859,0.106964,-0.902909
1640841556209430016,-2.363866,0.297424,1.938784,0.399366,-0.117480,0.107062,-0.902908
1640841556212739840,-2.360415,0.298392,1.939671,0.399586,-0.116580,0.107292,-0.902900
1640841556213749760,-2.359355,0.298685,1.939942,0.399659,-0.116298,0.107364,-0.902896
1640841556217860096,-2.355013,0.299868,1.941040,0.399968,-0.115144,0.107664,-0.902871
1640841556218720000,-2.354098,0.300114,1.941269,0.400035,-0.114905,0.107728,-0.902864
1640841556222829824,-2.349698,0.301277,1.942363,0.400356,-0.113794,0.108027,-0.902827
1640841556223699712,-2.348760,0.301521,1.942594,0.400425,-0.113563,0.108088,-0.902818
1640841556227749888,-2.344366,0.302647,1.943669,0.400751,-0.112497,0.108342,-0.902776
1640841556228729856,-2.343295,0.302917,1.943929,0.400831,-0.112240,0.108394,-0.902767
1640841556232969984,-2.338634,0.304074,1.945050,0.401187,-0.111112,0.108559,-0.902728
1640841556234200064,-2.337272,0.304406,1.945374,0.401293,-0.110778,0.108586,-0.902719
1640841556237799936,-2.333262,0.305369,1.946322,0.401617,-0.109779,0.108634,-0.902691
1640841556238809856,-2.332130,0.305637,1.946588,0.401713,-0.109492,0.108648,-0.902681
1640841556242830080,-2.327599,0.306693,1.947643,0.402120,-0.108330,0.108726,-0.902631
1640841556243749888,-2.326555,0.306932,1.947885,0.402218,-0.108060,0.108745,-0.902618
1640841556248999936,-2.320557,0.308281,1.949257,0.402789,-0.106500,0.108803,-0.902541
1640841556250099968,-2.319290,0.308560,1.949544,0.402910,-0.106172,0.108797,-0.902527
1640841556252689920,-2.316296,0.309211,1.950219,0.403191,-0.105398,0.108749,-0.902498
1640841556253809920,-2.314995,0.309491,1.950511,0.403312,-0.105062,0.108718,-0.902486
1640841556257870080,-2.310252,0.310493,1.951565,0.403752,-0.103836,0.108583,-0.902448
1640841556258769920,-2.309195,0.310713,1.951798,0.403850,-0.103561,0.108554,-0.902439
1640841556262719744,-2.304529,0.311668,1.952821,0.404288,-0.102339,0.108457,-0.902394
1640841556265479936,-2.301244,0.312325,1.953534,0.404605,-0.101474,0.108401,-0.902356
1640841556267869952,-2.298384,0.312887,1.954150,0.404890,-0.100725,0.108328,-0.902321
1640841556269139968,-2.296858,0.313183,1.954476,0.405046,-0.100328,0.108273,-0.902302
1640841556272749824,-2.292497,0.314016,1.955404,0.405508,-0.099207,0.108046,-0.902246
1640841556274659840,-2.290177,0.314450,1.955894,0.405760,-0.098615,0.107898,-0.902215
1640841556277910016,-2.286206,0.315181,1.956726,0.406196,-0.097602,0.107623,-0.902162
1640841556278869760,-2.285028,0.315395,1.956972,0.406326,-0.097300,0.107541,-0.902146
1640841556282809856,-2.280169,0.316261,1.957977,0.406857,-0.096047,0.107219,-0.902079
1640841556284160000,-2.278496,0.316553,1.958321,0.407039,-0.095613,0.107113,-0.902056
1640841556287649792,-2.274148,0.317301,1.959209,0.407510,-0.094492,0.106831,-0.901995
1640841556288699904,-2.272834,0.317523,1.959476,0.407652,-0.094157,0.106741,-0.901976
1640841556292699904,-2.267803,0.318359,1.960491,0.408199,-0.092892,0.106364,-0.901904
1640841556293720064,-2.266513,0.318570,1.960749,0.408341,-0.092571,0.106259,-0.901885
1640841556298859776,-2.259979,0.319612,1.962048,0.409074,-0.090946,0.105699,-0.901784
1640841556301509888,-2.256585,0.320138,1.962716,0.409469,-0.090090,0.105395,-0.901727
1640841556302709760,-2.255043,0.320373,1.963018,0.409652,-0.089698,0.105256,-0.901699
1640841556303699968,-2.253768,0.320566,1.963267,0.409804,-0.089372,0.105143,-0.901675
1640841556307760128,-2.248515,0.321347,1.964288,0.410434,-0.088035,0.104699,-0.901572
1640841556308819968,-2.247138,0.321548,1.964554,0.410598,-0.087688,0.104592,-0.901543
1640841556314739968,-2.239395,0.322646,1.966037,0.411505,-0.085775,0.104054,-0.901376
1640841556315980032,-2.237764,0.322871,1.966347,0.411692,-0.085373,0.103937,-0.901342
1640841556318099968,-2.234966,0.323252,1.966876,0.412011,-0.084677,0.103715,-0.901288
1640841556319279872,-2.233404,0.323462,1.967171,0.412188,-0.084283,0.103576,-0.901260
1640841556322700032,-2.228860,0.324061,1.968023,0.412701,-0.083118,0.103109,-0.901187
1640841556323689984,-2.227540,0.324233,1.968270,0.412850,-0.082776,0.102960,-0.901167
1640841556327729920,-2.222129,0.324920,1.969275,0.413476,-0.081367,0.102305,-0.901083
1640841556328819968,-2.220664,0.325102,1.969545,0.413651,-0.080985,0.102120,-0.901058
1640841556332919808,-2.215127,0.325776,1.970563,0.414334,-0.079556,0.101417,-0.900951
1640841556333839872,-2.213880,0.325924,1.970791,0.414491,-0.079236,0.101257,-0.900925
1640841556338729984,-2.207221,0.326699,1.972002,0.415326,-0.077534,0.100384,-0.900786
1640841556340760064,-2.204441,0.327013,1.972504,0.415664,-0.076825,0.100008,-0.900733
1640841556342799872,-2.201639,0.327324,1.973008,0.416001,-0.076111,0.099624,-0.900681
1640841556343789824,-2.200277,0.327473,1.973253,0.416164,-0.075765,0.099436,-0.900655
1640841556347839744,-2.194681,0.328072,1.974253,0.416842,-0.074352,0.098660,-0.900545
1640841556348769792,-2.193391,0.328207,1.974482,0.417002,-0.074028,0.098482,-0.900517
1640841556353080064,-2.187392,0.328820,1.975545,0.417769,-0.072540,0.097659,-0.900372
1640841556354329856,-2.185645,0.328995,1.975852,0.417996,-0.072111,0.097421,-0.900327
1640841556357799936,-2.180779,0.329469,1.976707,0.418631,-0.070934,0.096755,-0.900197
1640841556358749952,-2.179443,0.329597,1.976941,0.418804,-0.070615,0.096571,-0.900162
1640841556362710016,-2.173855,0.330119,1.977915,0.419513,-0.069294,0.095793,-0.900017
1640841556363839744,-2.172255,0.330265,1.978193,0.419713,-0.068918,0.095568,-0.899977
1640841556367790080,-2.166642,0.330764,1.979164,0.420409,-0.067592,0.094774,-0.899837
1640841556370789888,-2.162361,0.331131,1.979901,0.420939,-0.066562,0.094163,-0.899730
1640841556372730112,-2.159583,0.331364,1.980377,0.421284,-0.065881,0.093765,-0.899660
1640841556374400000,-2.157186,0.331562,1.980787,0.421584,-0.065288,0.093416,-0.899599
1640841556377799936,-2.152291,0.331954,1.981623,0.422201,-0.064065,0.092681,-0.899473
1640841556379279872,-2.150154,0.332121,1.981986,0.422473,-0.063531,0.092345,-0.899418
1640841556383009792,-2.144751,0.332532,1.982902,0.423168,-0.062187,0.091448,-0.899277
1640841556383739904,-2.143691,0.332611,1.983082,0.423305,-0.061924,0.091265,-0.899249
1640841556387749888,-2.137850,0.333034,1.984067,0.424060,-0.060489,0.090225,-0.899096
1640841556388759808,-2.136375,0.333138,1.984315,0.424250,-0.060128,0.089956,-0.899057
1640841556392859904,-2.130368,0.333549,1.985323,0.425017,-0.058670,0.088851,-0.898902
1640841556393869824,-2.128884,0.333648,1.985571,0.425205,-0.058312,0.088574,-0.898863
1640841556398249984,-2.122429,0.334064,1.986648,0.426029,-0.056772,0.087351,-0.898691
1640841556399170048,-2.121069,0.334148,1.986875,0.426205,-0.056451,0.087088,-0.898654
1640841556403419904,-2.114770,0.334530,1.987922,0.427031,-0.054984,0.085843,-0.898472
1640841556404059904,-2.113819,0.334586,1.988079,0.427158,-0.054765,0.085652,-0.898443
1640841556407709952,-2.108384,0.334896,1.988979,0.427880,-0.053510,0.084555,-0.898279
1640841556411279872,-2.103047,0.335188,1.989860,0.428576,-0.052268,0.083489,-0.898121
1640841556412889856,-2.100634,0.335315,1.990258,0.428887,-0.051708,0.083012,-0.898048
1640841556413729792,-2.099374,0.335381,1.990466,0.429050,-0.051417,0.082765,-0.898010
1640841556417709824,-2.093389,0.335681,1.991450,0.429824,-0.050063,0.081611,-0.897822
1640841556418809856,-2.091730,0.335762,1.991722,0.430040,-0.049700,0.081297,-0.897767
1640841556422700032,-2.085852,0.336037,1.992687,0.430817,-0.048451,0.080206,-0.897561
1640841556423739904,-2.084277,0.336108,1.992945,0.431027,-0.048122,0.079918,-0.897504
1640841556427959808,-2.077870,0.336387,1.993993,0.431882,-0.046777,0.078755,-0.897267
1640841556429189888,-2.075999,0.336465,1.994299,0.432131,-0.046376,0.078416,-0.897197
1640841556432719872,-2.070615,0.336681,1.995179,0.432842,-0.045190,0.077435,-0.897000
1640841556433699840,-2.069118,0.336739,1.995423,0.433039,-0.044855,0.077159,-0.896946
1640841556437839872,-2.062779,0.336974,1.996457,0.433871,-0.043438,0.075953,-0.896716
1640841556439469824,-2.060277,0.337063,1.996865,0.434200,-0.042886,0.075458,-0.896625
1640841556443259904,-2.054448,0.337259,1.997815,0.434965,-0.041620,0.074252,-0.896415
1640841556444359936,-2.052752,0.337314,1.998092,0.435187,-0.041255,0.073888,-0.896354
1640841556447699968,-2.047596,0.337473,1.998931,0.435855,-0.040147,0.072746,-0.896173
1640841556448900096,-2.045741,0.337528,1.999234,0.436094,-0.039747,0.072323,-0.896109
1640841556452630016,-2.039962,0.337691,2.000175,0.436826,-0.038492,0.070967,-0.895916
1640841556453719808,-2.038271,0.337736,2.000451,0.437040,-0.038122,0.070564,-0.895859
1640841556457759744,-2.031989,0.337895,2.001474,0.437837,-0.036747,0.069063,-0.895644
1640841556460460032,-2.027782,0.337994,2.002160,0.438381,-0.035827,0.068072,-0.895491
1640841556462649856,-2.024363,0.338069,2.002718,0.438829,-0.035085,0.067277,-0.895362
1640841556463769856,-2.022613,0.338106,2.003003,0.439059,-0.034707,0.066872,-0.895294
1640841556467739904,-2.016399,0.338229,2.004017,0.439872,-0.033383,0.065444,-0.895050
1640841556468799744,-2.014737,0.338260,2.004289,0.440088,-0.033035,0.065063,-0.894985
1640841556472819968,-2.008425,0.338369,2.005321,0.440899,-0.031736,0.063617,-0.894737
1640841556474289920,-2.006113,0.338405,2.005699,0.441195,-0.031270,0.063088,-0.894645
1640841556477989888,-2.000285,0.338489,2.006654,0.441940,-0.030112,0.061757,-0.894409
1640841556478919936,-1.998818,0.338509,2.006895,0.442129,-0.029825,0.061422,-0.894349
1640841556483089920,-1.992232,0.338588,2.007976,0.442982,-0.028550,0.059924,-0.894070
1640841556484000000,-1.990792,0.338604,2.008213,0.443170,-0.028272,0.059599,-0.894007
1640841556487699968,-1.984933,0.338660,2.009178,0.443937,-0.027135,0.058290,-0.893748
1640841556489110016,-1.982697,0.338679,2.009546,0.444229,-0.026693,0.057799,-0.893648
1640841556492760064,-1.976902,0.338722,2.010503,0.444984,-0.025519,0.056554,-0.893387
1640841556494119936,-1.974740,0.338735,2.010861,0.445264,-0.025070,0.056099,-0.893289
1640841556497730048,-1.968995,0.338764,2.011813,0.446001,-0.023889,0.054886,-0.893028
1640841556499239936,-1.966589,0.338774,2.012213,0.446307,-0.023413,0.054366,-0.892920
1640841556502660096,-1.961134,0.338789,2.013120,0.446995,-0.022377,0.053153,-0.892675
1640841556503729920,-1.959426,0.338792,2.013405,0.447210,-0.022060,0.052765,-0.892599
1640841556507799808,-1.952922,0.338798,2.014491,0.448024,-0.020864,0.051268,-0.892306
1640841556508800000,-1.951321,0.338797,2.014759,0.448224,-0.020566,0.050897,-0.892234
1640841556512689920,-1.945092,0.338789,2.015804,0.449006,-0.019387,0.049446,-0.891949
1640841556513829888,-1.943265,0.338785,2.016112,0.449234,-0.019036,0.049019,-0.891865
1640841556517789952,-1.936912,0.338764,2.017183,0.450026,-0.017812,0.047527,-0.891572
1640841556518800128,-1.935290,0.338758,2.017457,0.450226,-0.017499,0.047144,-0.891497
1640841556522959872,-1.928605,0.338723,2.018590,0.451045,-0.016221,0.045559,-0.891190
1640841556523820032,-1.927222,0.338714,2.018825,0.451214,-0.015959,0.045228,-0.891126
1640841556527930112,-1.920606,0.338667,2.019953,0.452018,-0.014719,0.043632,-0.890819
1640841556528899840,-1.919044,0.338655,2.020220,0.452209,-0.014430,0.043251,-0.890746
1640841556532929792,-1.912548,0.338597,2.021334,0.453002,-0.013242,0.041649,-0.890438
1640841556534179840,-1.910532,0.338577,2.021681,0.453249,-0.012878,0.041149,-0.890341
1640841556537910016,-1.904512,0.338513,2.022720,0.453985,-0.011803,0.039660,-0.890048
1640841556539259904,-1.902332,0.338488,2.023097,0.454251,-0.011418,0.039126,-0.889941
1640841556542680064,-1.896806,0.338420,2.024057,0.454923,-0.010452,0.037785,-0.889667
1640841556543740160,-1.895092,0.338398,2.024355,0.455131,-0.010155,0.037374,-0.889582
1640841556547849984,-1.888445,0.338306,2.025517,0.455938,-0.009010,0.035798,-0.889246
1640841556548950016,-1.886665,0.338280,2.025830,0.456154,-0.008705,0.035382,-0.889155
1640841556552929792,-1.880222,0.338180,2.026964,0.456936,-0.007612,0.033889,-0.888821
1640841556554619904,-1.877485,0.338136,2.027448,0.457269,-0.007154,0.033260,-0.888678
1640841556557779968,-1.872365,0.338049,2.028357,0.457892,-0.006312,0.032085,-0.888406
1640841556558759936,-1.870777,0.338021,2.028640,0.458085,-0.006054,0.031721,-0.888321
1640841556562680064,-1.864422,0.337906,2.029776,0.458860,-0.005040,0.030257,-0.887979
1640841556564309760,-1.861779,0.337856,2.030250,0.459182,-0.004618,0.029644,-0.887836
1640841556567749888,-1.856199,0.337746,2.031256,0.459859,-0.003708,0.028337,-0.887532
1640841556568780032,-1.854528,0.337712,2.031558,0.460060,-0.003428,0.027941,-0.887441
1640841556572759808,-1.848070,0.337578,2.032732,0.460834,-0.002323,0.026396,-0.887091
1640841556574210048,-1.845716,0.337527,2.033161,0.461112,-0.001916,0.025828,-0.886964
1640841556577740032,-1.839987,0.337401,2.034211,0.461781,-0.000934,0.024433,-0.886657
1640841556578779904,-1.838298,0.337363,2.034522,0.461975,-0.000649,0.024020,-0.886567
1640841556582779904,-1.831805,0.337212,2.035722,0.462710,0.000419,0.022425,-0.886226
1640841556583789824,-1.830165,0.337173,2.036027,0.462894,0.000685,0.022021,-0.886140
1640841556587849728,-1.823574,0.337013,2.037256,0.463635,0.001751,0.020402,-0.885790
1640841556588819968,-1.821998,0.336974,2.037551,0.463814,0.002007,0.020016,-0.885704
1640841556592739840,-1.815635,0.336813,2.038749,0.464544,0.003052,0.018466,-0.885352
1640841556594599936,-1.812615,0.336735,2.039321,0.464891,0.003544,0.017735,-0.885183
1640841556597730048,-1.807535,0.336601,2.040287,0.465474,0.004355,0.016511,-0.884897
1640841556599399936,-1.804824,0.336528,2.040805,0.465781,0.004772,0.015861,-0.884745
1640841556602929920,-1.799096,0.336372,2.041906,0.466421,0.005618,0.014496,-0.884426
1640841556604389888,-1.796728,0.336306,2.042363,0.466684,0.005959,0.013934,-0.884294
1640841556607719936,-1.791326,0.336155,2.043411,0.467283,0.006740,0.012657,-0.883991
1640841556608829952,-1.789526,0.336103,2.043761,0.467485,0.007006,0.012233,-0.883889
1640841556612989952,-1.782781,0.335909,2.045083,0.468248,0.008029,0.010651,-0.883497
1640841556613979904,-1.781177,0.335862,2.045399,0.468430,0.008274,0.010278,-0.883402
1640841556617779968,-1.775019,0.335680,2.046618,0.469128,0.009192,0.008861,-0.883038
1640841556618830080,-1.773318,0.335629,2.046956,0.469319,0.009435,0.008475,-0.882938
1640841556622749952,-1.766971,0.335437,2.048226,0.470029,0.010312,0.007048,-0.882563
1640841556623869952,-1.765158,0.335382,2.048590,0.470231,0.010557,0.006643,-0.882455
1640841556628279808,-1.758023,0.335161,2.050034,0.471034,0.011530,0.005041,-0.882025
1640841556628849920,-1.757101,0.335133,2.050221,0.471139,0.011659,0.004832,-0.881969
1640841556632689920,-1.750894,0.334938,2.051490,0.471849,0.012548,0.003421,-0.881583
1640841556633819904,-1.749068,0.334880,2.051866,0.472057,0.012815,0.003008,-0.881470
1640841556638099968,-1.742157,0.334660,2.053295,0.472824,0.013839,0.001480,-0.881047
1640841556638909696,-1.740850,0.334618,2.053567,0.472964,0.014033,0.001201,-0.880969
1640841556642739968,-1.734672,0.334418,2.054860,0.473608,0.014948,-0.000083,-0.880609
1640841556644739840,-1.731448,0.334313,2.055538,0.473940,0.015424,-0.000744,-0.880422
1640841556648119808,-1.726003,0.334135,2.056692,0.474515,0.016224,-0.001874,-0.880096
1640841556648819968,-1.724876,0.334098,2.056932,0.474637,0.016390,-0.002113,-0.880026
1640841556652760064,-1.718536,0.333889,2.058289,0.475344,0.017306,-0.003479,-0.879623
1640841556653779968,-1.716896,0.333835,2.058642,0.475529,0.017538,-0.003835,-0.879517
1640841556657680128,-1.710630,0.333627,2.060000,0.476231,0.018392,-0.005186,-0.879113
1640841556659449856,-1.707788,0.333532,2.060620,0.476541,0.018757,-0.005785,-0.878933
1640841556662729984,-1.702526,0.333356,2.061774,0.477098,0.019398,-0.006862,-0.878609
1640841556663950080,-1.700571,0.333291,2.062206,0.477302,0.019629,-0.007252,-0.878490
1640841556667729920,-1.694516,0.333088,2.063550,0.477934,0.020334,-0.008424,-0.878120
1640841556668789760,-1.692819,0.333031,2.063929,0.478113,0.020534,-0.008744,-0.878015
1640841556672829952,-1.686359,0.332814,2.065381,0.478811,0.021308,-0.009937,-0.877603
1640841556673750016,-1.684889,0.332764,2.065713,0.478972,0.021485,-0.010205,-0.877508
1640841556677709824,-1.678567,0.332552,2.067152,0.479664,0.022243,-0.011360,-0.877097
1640841556678809856,-1.676813,0.332493,2.067553,0.479854,0.022448,-0.011684,-0.876983
1640841556682899968,-1.670296,0.332275,2.069055,0.480547,0.023188,-0.012912,-0.876567
1640841556684429824,-1.667861,0.332193,2.069621,0.480801,0.023458,-0.013374,-0.876414
1640841556687799808,-1.662502,0.332014,2.070872,0.481355,0.024051,-0.014381,-0.876078
1640841556688769792,-1.660961,0.331963,2.071234,0.481514,0.024223,-0.014665,-0.875981
1640841556692669952,-1.654772,0.331757,2.072697,0.482147,0.024922,-0.015787,-0.875594
1640841556693769984,-1.653027,0.331699,2.073112,0.482324,0.025120,-0.016098,-0.875485
1640841556697899776,-1.646487,0.331483,2.074679,0.482982,0.025863,-0.017261,-0.875078
1640841556698789888,-1.645079,0.331437,2.075018,0.483123,0.026022,-0.017512,-0.874991
1640841556702970112,-1.638474,0.331221,2.076621,0.483776,0.026765,-0.018699,-0.874583
1640841556703729920,-1.637275,0.331182,2.076914,0.483893,0.026899,-0.018916,-0.874509
1640841556707719936,-1.630983,0.330978,2.078460,0.484507,0.027606,-0.020064,-0.874122
1640841556708799744,-1.629283,0.330923,2.078881,0.484671,0.027798,-0.020377,-0.874017
1640841556712800000,-1.622991,0.330722,2.080447,0.485280,0.028514,-0.021542,-0.873628
1640841556714069760,-1.620996,0.330659,2.080948,0.485471,0.028739,-0.021913,-0.873505
1640841556717710080,-1.615285,0.330479,2.082389,0.486014,0.029351,-0.022969,-0.873156
1640841556719369984,-1.612684,0.330397,2.083050,0.486257,0.029605,-0.023444,-0.873000
1640841556722720000,-1.607442,0.330235,2.084392,0.486740,0.030066,-0.024384,-0.872689
1640841556723749888,-1.605832,0.330186,2.084806,0.486887,0.030199,-0.024667,-0.872594
1640841556727759872,-1.599572,0.329995,2.086428,0.487463,0.030706,-0.025731,-0.872224
1640841556728780032,-1.597981,0.329947,2.086843,0.487611,0.030838,-0.025991,-0.872129
1640841556732829696,-1.591676,0.329760,2.088499,0.488206,0.031372,-0.026983,-0.871747
1640841556734059776,-1.589764,0.329703,2.089004,0.488389,0.031532,-0.027274,-0.871630
1640841556737659904,-1.584175,0.329541,2.090492,0.488928,0.031977,-0.028101,-0.871285
1640841556739019776,-1.582066,0.329480,2.091057,0.489134,0.032131,-0.028407,-0.871154
1640841556742749952,-1.576292,0.329316,2.092615,0.489697,0.032519,-0.029233,-0.870795
1640841556743759872,-1.574730,0.329272,2.093038,0.489849,0.032618,-0.029455,-0.870699
1640841556747920128,-1.568308,0.329095,2.094794,0.490461,0.033019,-0.030369,-0.870308
1640841556750850048,-1.563794,0.328973,2.096039,0.490877,0.033307,-0.031019,-0.870039
1640841556752749824,-1.560872,0.328896,2.096851,0.491140,0.033499,-0.031440,-0.869868
1640841556753799936,-1.559258,0.328853,2.097301,0.491285,0.033605,-0.031671,-0.869774
1640841556757639936,-1.553365,0.328700,2.098955,0.491807,0.033999,-0.032504,-0.869433
1640841556758769920,-1.551633,0.328656,2.099444,0.491961,0.034115,-0.032743,-0.869332
1640841556763099904,-1.545010,0.328491,2.101329,0.492554,0.034556,-0.033624,-0.868945
1640841556764429824,-1.542979,0.328442,2.101911,0.492737,0.034690,-0.033887,-0.868826
1640841556768260096,-1.537140,0.328303,2.103597,0.493263,0.035073,-0.034635,-0.868482
1640841556769669888,-1.534994,0.328252,2.104221,0.493456,0.035212,-0.034911,-0.868356
1640841556772790016,-1.530252,0.328144,2.105607,0.493878,0.035513,-0.035528,-0.868079
1640841556773779968,-1.528750,0.328110,2.106049,0.494011,0.035605,-0.035726,-0.867991
1640841556777910016,-1.522492,0.327974,2.107902,0.494555,0.035966,-0.036566,-0.867632
1640841556779259904,-1.520451,0.327930,2.108510,0.494729,0.036073,-0.036847,-0.867516
1640841556782719744,-1.515227,0.327822,2.110078,0.495167,0.036321,-0.037576,-0.867225
1640841556783899904,-1.513447,0.327786,2.110615,0.495315,0.036399,-0.037823,-0.867126
1640841556787709952,-1.507713,0.327674,2.112358,0.495801,0.036640,-0.038595,-0.866804
1640841556789319936,-1.505295,0.327628,2.113098,0.496012,0.036740,-0.038901,-0.866665
1640841556792879872,-1.499957,0.327530,2.114743,0.496490,0.036958,-0.039533,-0.866354
1640841556794179840,-1.498011,0.327496,2.115347,0.496667,0.037033,-0.039752,-0.866239
1640841556797689856,-1.492765,0.327406,2.116984,0.497141,0.037219,-0.040318,-0.865933
1640841556798899968,-1.490960,0.327376,2.117550,0.497302,0.037275,-0.040508,-0.865829
1640841556803059712,-1.484765,0.327278,2.119509,0.497840,0.037428,-0.041153,-0.865483
1640841556803899904,-1.483516,0.327259,2.119906,0.497947,0.037453,-0.041281,-0.865414
1640841556807709952,-1.477863,0.327177,2.121716,0.498439,0.037550,-0.041856,-0.865099
1640841556808819968,-1.476218,0.327154,2.122246,0.498586,0.037575,-0.042020,-0.865005
1640841556812759808,-1.470393,0.327077,2.124135,0.499123,0.037662,-0.042594,-0.864664
1640841556813769728,-1.468903,0.327059,2.124621,0.499262,0.037684,-0.042738,-0.864576
1640841556818029824,-1.462628,0.326985,2.126682,0.499830,0.037782,-0.043331,-0.864214
1640841556819379968,-1.460643,0.326963,2.127339,0.500001,0.037815,-0.043514,-0.864104
1640841556822660096,-1.455831,0.326914,2.128941,0.500400,0.037903,-0.043951,-0.863847
1640841556823819776,-1.454132,0.326898,2.129509,0.500539,0.037936,-0.044104,-0.863757
1640841556827659776,-1.448518,0.326848,2.131400,0.501001,0.038052,-0.044604,-0.863458
1640841556828780032,-1.446883,0.326835,2.131954,0.501140,0.038087,-0.044750,-0.863369
1640841556833509888,-1.439996,0.326785,2.134305,0.501744,0.038230,-0.045360,-0.862980
1640841556834220032,-1.438965,0.326778,2.134660,0.501836,0.038249,-0.045450,-0.862920
1640841556837699840,-1.433917,0.326750,2.136404,0.502285,0.038324,-0.045881,-0.862633
1640841556838869760,-1.432223,0.326741,2.136992,0.502433,0.038340,-0.046022,-0.862539
1640841556843049984,-1.426183,0.326716,2.139105,0.502950,0.038357,-0.046504,-0.862211
1640841556844509952,-1.424079,0.326710,2.139846,0.503128,0.038353,-0.046669,-0.862098
1640841556847839744,-1.419288,0.326698,2.141544,0.503533,0.038333,-0.047045,-0.861842
1640841556848800000,-1.417909,0.326696,2.142035,0.503650,0.038328,-0.047155,-0.861768
1640841556852649984,-1.412389,0.326691,2.144012,0.504129,0.038307,-0.047597,-0.861464
1640841556854319872,-1.410001,0.326692,2.144874,0.504340,0.038297,-0.047781,-0.861331
1640841556857820160,-1.405004,0.326697,2.146687,0.504788,0.038268,-0.048133,-0.861051
1640841556859289856,-1.402911,0.326701,2.147452,0.504977,0.038252,-0.048259,-0.860933
1640841556862680064,-1.398091,0.326714,2.149222,0.505418,0.038198,-0.048483,-0.860664
1640841556863819776,-1.396474,0.326720,2.149819,0.505567,0.038174,-0.048536,-0.860575
1640841556867769856,-1.390881,0.326745,2.151897,0.506084,0.038079,-0.048692,-0.860266
1640841556869040128,-1.389086,0.326754,2.152568,0.506249,0.038047,-0.048752,-0.860167
1640841556872750080,-1.383855,0.326788,2.154535,0.506730,0.037958,-0.048981,-0.859875
1640841556874019840,-1.382069,0.326801,2.155211,0.506894,0.037929,-0.049072,-0.859774
1640841556878889984,-1.375234,0.326859,2.157815,0.507516,0.037829,-0.049437,-0.859391
1640841556879340032,-1.374604,0.326865,2.158057,0.507573,0.037821,-0.049470,-0.859356
1640841556882700032,-1.369908,0.326913,2.159866,0.507998,0.037766,-0.049699,-0.859094
1640841556883800064,-1.368373,0.326930,2.160460,0.508137,0.037749,-0.049768,-0.859008
1640841556888839936,-1.361360,0.327017,2.163195,0.508782,0.037672,-0.050049,-0.858613
1640841556890509824,-1.359043,0.327048,2.164105,0.509001,0.037643,-0.050131,-0.858480
1640841556892709888,-1.355996,0.327093,2.165308,0.509293,0.037602,-0.050231,-0.858303
1640841556894709760,-1.353231,0.327135,2.166405,0.509560,0.037561,-0.050316,-0.858141
1640841556897629952,-1.349203,0.327201,2.168011,0.509953,0.037493,-0.050435,-0.857904
1640841556898899968,-1.347454,0.327232,2.168712,0.510124,0.037460,-0.050485,-0.857801
1640841556902700032,-1.342234,0.327328,2.170817,0.510631,0.037349,-0.050637,-0.857494
1640841556903829760,-1.340685,0.327358,2.171445,0.510781,0.037313,-0.050682,-0.857404
1640841556909109760,-1.333468,0.327509,2.174392,0.511484,0.037129,-0.050885,-0.856981
1640841556910640128,-1.331382,0.327556,2.175250,0.511689,0.037074,-0.050938,-0.856858
1640841556912669952,-1.328621,0.327620,2.176391,0.511963,0.037000,-0.051005,-0.856693
1640841556913879808,-1.326977,0.327659,2.177073,0.512127,0.036955,-0.051042,-0.856595
1640841556918020096,-1.321367,0.327801,2.179413,0.512692,0.036796,-0.051164,-0.856257
1640841556919069952,-1.319947,0.327838,2.180008,0.512836,0.036754,-0.051193,-0.856171
1640841556923200000,-1.314377,0.327992,2.182359,0.513404,0.036581,-0.051304,-0.855831
1640841556924099840,-1.313166,0.328027,2.182873,0.513528,0.036541,-0.051328,-0.855756
1640841556929159936,-1.306376,0.328232,2.185772,0.514228,0.036303,-0.051462,-0.855338
1640841556929669888,-1.305693,0.328254,2.186066,0.514299,0.036277,-0.051474,-0.855296
1640841556932639744,-1.301725,0.328383,2.187777,0.514720,0.036113,-0.051524,-0.855047
1640841556933750016,-1.300244,0.328432,2.188419,0.514880,0.036048,-0.051532,-0.854953
1640841556937850112,-1.294790,0.328622,2.190796,0.515480,0.035805,-0.051532,-0.854601
1640841556939800064,-1.292203,0.328716,2.191930,0.515767,0.035699,-0.051526,-0.854432
1640841556943249920,-1.287638,0.328888,2.193944,0.516273,0.035543,-0.051525,-0.854133
1640841556944579840,-1.285882,0.328957,2.194722,0.516467,0.035491,-0.051528,-0.854018
1640841556947699968,-1.281772,0.329122,2.196553,0.516922,0.035380,-0.051546,-0.853746
1640841556949179904,-1.279827,0.329202,2.197424,0.517138,0.035330,-0.051559,-0.853617
1640841556952940032,-1.274897,0.329413,2.199643,0.517686,0.035202,-0.051605,-0.853287
1640841556953860096,-1.273693,0.329466,2.200187,0.517820,0.035171,-0.051618,-0.853206
1640841556957829888,-1.268512,0.329701,2.202543,0.518396,0.035040,-0.051681,-0.852858
1640841556959200000,-1.266729,0.329785,2.203358,0.518594,0.034995,-0.051703,-0.852738
1640841556962839808,-1.262002,0.330013,2.205530,0.519118,0.034879,-0.051767,-0.852420
1640841556963830016,-1.260720,0.330076,2.206123,0.519261,0.034848,-0.051786,-0.852333
1640841556968000000,-1.255331,0.330351,2.208624,0.519864,0.034715,-0.051887,-0.851965
1640841556968910080,-1.254157,0.330413,2.209172,0.519997,0.034686,-0.051914,-0.851883
1640841556972800000,-1.249154,0.330682,2.211518,0.520571,0.034555,-0.052054,-0.851529
1640841556973809920,-1.247859,0.330754,2.212128,0.520721,0.034520,-0.052096,-0.851436
1640841556977819904,-1.242727,0.331045,2.214559,0.521319,0.034381,-0.052263,-0.851066
1640841556978839808,-1.241425,0.331121,2.215179,0.521471,0.034345,-0.052304,-0.850972
1640841556982699776,-1.236509,0.331414,2.217530,0.522045,0.034209,-0.052439,-0.850617
1640841556983820032,-1.235086,0.331501,2.218214,0.522213,0.034167,-0.052471,-0.850513
1640841556987799808,-1.230042,0.331818,2.220650,0.522815,0.034006,-0.052553,-0.850145
1640841556988780032,-1.228804,0.331898,2.221252,0.522966,0.033962,-0.052564,-0.850053
1640841556992889856,-1.223622,0.332239,2.223780,0.523612,0.033757,-0.052578,-0.849663
1640841556994609920,-1.221459,0.332385,2.224840,0.523887,0.033665,-0.052582,-0.849497
1640841556997750016,-1.217521,0.332658,2.226781,0.524392,0.033494,-0.052618,-0.849189
1640841556998839808,-1.216157,0.332754,2.227456,0.524567,0.033436,-0.052643,-0.849082
1640841557003089920,-1.210853,0.333138,2.230094,0.525253,0.033217,-0.052780,-0.848658
1640841557004480000,-1.209123,0.333266,2.230959,0.525477,0.033150,-0.052827,-0.848519
1640841557007660032,-1.205174,0.333565,2.232942,0.525990,0.033003,-0.052912,-0.848202
1640841557009179904,-1.203291,0.333710,2.233892,0.526235,0.032938,-0.052932,-0.848051
1640841557012759808,-1.198868,0.334059,2.236133,0.526814,0.032798,-0.052903,-0.847699
1640841557013769984,-1.197623,0.334159,2.236767,0.526977,0.032761,-0.052876,-0.847600
1640841557018299904,-1.192054,0.334617,2.239614,0.527706,0.032587,-0.052768,-0.847160
1640841557019480064,-1.190608,0.334739,2.240358,0.527895,0.032535,-0.052768,-0.847044
1640841557022680064,-1.186694,0.335074,2.242378,0.528405,0.032383,-0.052836,-0.846727
1640841557023749888,-1.185388,0.335188,2.243054,0.528576,0.032332,-0.052877,-0.846620
1640841557027799808,-1.180459,0.335627,2.245619,0.529228,0.032150,-0.053082,-0.846207
1640841557029520128,-1.178371,0.335817,2.246711,0.529509,0.032086,-0.053180,-0.846028
1640841557032839936,-1.174352,0.336190,2.248822,0.530054,0.031984,-0.053376,-0.845678
1640841557036019968,-1.170515,0.336554,2.250849,0.530573,0.031890,-0.053569,-0.845344
1640841557039140096,-1.166763,0.336919,2.252841,0.531070,0.031782,-0.053764,-0.845023
1640841557039749888,-1.166030,0.336992,2.253232,0.531165,0.031757,-0.053803,-0.844962
1640841557042650112,-1.162555,0.337339,2.255088,0.531609,0.031620,-0.053987,-0.844676
1640841557043830016,-1.161144,0.337482,2.255845,0.531789,0.031557,-0.054060,-0.844561
1640841557047729920,-1.156493,0.337962,2.258349,0.532390,0.031331,-0.054285,-0.844176
1640841557050649856,-1.153022,0.338330,2.260228,0.532860,0.031152,-0.054428,-0.843876
1640841557052659968,-1.150639,0.338586,2.261523,0.533194,0.031024,-0.054516,-0.843665
1640841557054720000,-1.148201,0.338852,2.262852,0.533540,0.030886,-0.054598,-0.843445
1640841557057679872,-1.144708,0.339240,2.264765,0.534042,0.030672,-0.054709,-0.843128
1640841557058799872,-1.143389,0.339388,2.265490,0.534232,0.030586,-0.054749,-0.843008
1640841557062660096,-1.138854,0.339907,2.267990,0.534881,0.030268,-0.054887,-0.842599
1640841557064039936,-1.137237,0.340096,2.268885,0.535111,0.030151,-0.054938,-0.842454
1640841557071499776,-1.128536,0.341139,2.273735,0.536321,0.029552,-0.055253,-0.841685
1640841557074560000,-1.124986,0.341579,2.275729,0.536810,0.029327,-0.055395,-0.841372
1640841557075300096,-1.124129,0.341686,2.276212,0.536930,0.029271,-0.055428,-0.841295
1640841557075709696,-1.123655,0.341746,2.276479,0.536996,0.029240,-0.055446,-0.841253
1640841557077649920,-1.121412,0.342031,2.277746,0.537316,0.029087,-0.055526,-0.841049
1640841557078789888,-1.120096,0.342199,2.278491,0.537507,0.028993,-0.055567,-0.840927
1640841557082819840,-1.115457,0.342803,2.281126,0.538198,0.028637,-0.055694,-0.840489
1640841557084600064,-1.113414,0.343073,2.282291,0.538506,0.028475,-0.055744,-0.840293
1640841557088049920,-1.109465,0.343605,2.284552,0.539100,0.028164,-0.055837,-0.839917
1640841557089459968,-1.107854,0.343825,2.285477,0.539339,0.028041,-0.055877,-0.839765
1640841557092699904,-1.104163,0.344336,2.287604,0.539877,0.027771,-0.055977,-0.839421
1640841557093779968,-1.102935,0.344508,2.288314,0.540054,0.027683,-0.056013,-0.839308
1640841557097779968,-1.098399,0.345153,2.290944,0.540700,0.027365,-0.056163,-0.838892
1640841557098929920,-1.097099,0.345341,2.291701,0.540884,0.027273,-0.056211,-0.838773
1640841557103069952,-1.092428,0.346025,2.294427,0.541546,0.026939,-0.056395,-0.838345
1640841557103829760,-1.091573,0.346152,2.294928,0.541667,0.026877,-0.056429,-0.838266
1640841557110919936,-1.083626,0.347360,2.299604,0.542818,0.026272,-0.056681,-0.837523
1640841557111640064,-1.082822,0.347485,2.300080,0.542937,0.026208,-0.056699,-0.837447
1640841557112699904,-1.081639,0.347669,2.300779,0.543113,0.026114,-0.056725,-0.837334
1640841557114099968,-1.080079,0.347914,2.301704,0.543345,0.025988,-0.056759,-0.837185
1640841557117760000,-1.076011,0.348561,2.304122,0.543951,0.025653,-0.056861,-0.836795
1640841557118840064,-1.074813,0.348754,2.304836,0.544129,0.025553,-0.056898,-0.836680
1640841557122860032,-1.070366,0.349481,2.307495,0.544784,0.025171,-0.057070,-0.836253
1640841557123780096,-1.069351,0.349649,2.308103,0.544933,0.025080,-0.057113,-0.836156
1640841557127669760,-1.065068,0.350367,2.310677,0.545553,0.024666,-0.057298,-0.835751
1640841557128829952,-1.063794,0.350583,2.311445,0.545736,0.024532,-0.057350,-0.835632
1640841557132679936,-1.059576,0.351308,2.313994,0.546338,0.024048,-0.057501,-0.835242
1640841557133900032,-1.058243,0.351540,2.314802,0.546529,0.023886,-0.057543,-0.835119
1640841557137779968,-1.054012,0.352287,2.317371,0.547146,0.023358,-0.057663,-0.834722
1640841557140669696,-1.050871,0.352850,2.319285,0.547621,0.022966,-0.057740,-0.834416
1640841557143159808,-1.048172,0.353340,2.320934,0.548040,0.022635,-0.057799,-0.834146
1640841557144150016,-1.047101,0.353537,2.321590,0.548207,0.022506,-0.057821,-0.834038
1640841557148279808,-1.042642,0.354364,2.324325,0.548897,0.021989,-0.057900,-0.833593
1640841557148859904,-1.042017,0.354481,2.324709,0.548991,0.021919,-0.057910,-0.833532
1640841557152669952,-1.037922,0.355258,2.327232,0.549589,0.021477,-0.057962,-0.833145
1640841557153809920,-1.036699,0.355493,2.327987,0.549763,0.021347,-0.057975,-0.833033
1640841557158099968,-1.032110,0.356384,2.330826,0.550415,0.020849,-0.058018,-0.832612
1640841557159569920,-1.030541,0.356693,2.331799,0.550641,0.020669,-0.058031,-0.832466
1640841557163759872,-1.026082,0.357583,2.334570,0.551299,0.020136,-0.058069,-0.832041
1640841557165069824,-1.024692,0.357863,2.335437,0.551508,0.019967,-0.058081,-0.831906
1640841557167650048,-1.021958,0.358420,2.337142,0.551921,0.019636,-0.058103,-0.831638
1640841557168839936,-1.020700,0.358679,2.337928,0.552113,0.019487,-0.058114,-0.831513
1640841557175849984,-1.013312,0.360225,2.342557,0.553235,0.018639,-0.058194,-0.830781
1640841557177389824,-1.011696,0.360569,2.343573,0.553475,0.018454,-0.058222,-0.830623
1640841557177829888,-1.011234,0.360668,2.343863,0.553543,0.018400,-0.058231,-0.830579
1640841557180999936,-1.007914,0.361384,2.345953,0.554024,0.018008,-0.058307,-0.830261
1640841557183379968,-1.005428,0.361927,2.347520,0.554379,0.017705,-0.058366,-0.830026
1640841557184179968,-1.004594,0.362111,2.348047,0.554498,0.017602,-0.058383,-0.829948
1640841557187670016,-1.000960,0.362917,2.350344,0.555019,0.017140,-0.058430,-0.829606
1640841557189509888,-0.999049,0.363345,2.351554,0.555299,0.016890,-0.058427,-0.829424
1640841557192739840,-0.995701,0.364104,2.353676,0.555803,0.016439,-0.058358,-0.829100
1640841557194080000,-0.994315,0.364422,2.354555,0.556016,0.016250,-0.058312,-0.828964
1640841557197690112,-0.990589,0.365283,2.356924,0.556590,0.015736,-0.058189,-0.828597
1640841557198839808,-0.989404,0.365560,2.357677,0.556770,0.015573,-0.058162,-0.828482
1640841557202659840,-0.985477,0.366486,2.360178,0.557356,0.015033,-0.058118,-0.828101
1640841557203759872,-0.984349,0.366755,2.360898,0.557523,0.014875,-0.058111,-0.827992
1640841557212149760,-0.975776,0.368835,2.366375,0.558809,0.013586,-0.057931,-0.827159
1640841557212930048,-0.974982,0.369031,2.366884,0.558930,0.013460,-0.057900,-0.827081
1640841557213569792,-0.974331,0.369193,2.367300,0.559030,0.013357,-0.057873,-0.827018
1640841557214099968,-0.973792,0.369327,2.367645,0.559112,0.013271,-0.057851,-0.826965
1640841557217809920,-0.970026,0.370270,2.370059,0.559687,0.012685,-0.057691,-0.826596
1640841557218839808,-0.968982,0.370533,2.370728,0.559845,0.012528,-0.057649,-0.826495
1640841557222800128,-0.964978,0.371555,2.373298,0.560446,0.011960,-0.057507,-0.826106
1640841557223830016,-0.963938,0.371823,2.373965,0.560600,0.011820,-0.057475,-0.826005
1640841557227959808,-0.959779,0.372905,2.376638,0.561215,0.011275,-0.057355,-0.825603
1640841557228930048,-0.958803,0.373161,2.377265,0.561359,0.011151,-0.057329,-0.825509
1640841557232790016,-0.954930,0.374187,2.379756,0.561926,0.010660,-0.057226,-0.825137
1640841557233899776,-0.953819,0.374484,2.380471,0.562087,0.010520,-0.057198,-0.825031
1640841557237639936,-0.950080,0.375492,2.382878,0.562625,0.010046,-0.057099,-0.824677
1640841557242689792,-0.945048,0.376872,2.386119,0.563328,0.009394,-0.056959,-0.824214
1640841557244029952,-0.943716,0.377241,2.386978,0.563512,0.009218,-0.056918,-0.824093
1640841557244689920,-0.943061,0.377423,2.387400,0.563603,0.009131,-0.056897,-0.824034
1640841557247799808,-0.939975,0.378287,2.389388,0.564033,0.008717,-0.056789,-0.823751
1640841557248839936,-0.938945,0.378578,2.390052,0.564179,0.008578,-0.056749,-0.823655
1640841557252739840,-0.935088,0.379676,2.392538,0.564742,0.008052,-0.056575,-0.823287
1640841557253849856,-0.933992,0.379990,2.393244,0.564904,0.007900,-0.056519,-0.823181
1640841557257829888,-0.930070,0.381126,2.395771,0.565489,0.007329,-0.056293,-0.822800
1640841557259289856,-0.928634,0.381546,2.396696,0.565702,0.007108,-0.056200,-0.822662
1640841557262859776,-0.925128,0.382580,2.398954,0.566210,0.006533,-0.055950,-0.822334
1640841557264499968,-0.923520,0.383058,2.399990,0.566437,0.006254,-0.055826,-0.822188
1640841557267680000,-0.920407,0.383991,2.401993,0.566867,0.005714,-0.055580,-0.821912
1640841557270079744,-0.918061,0.384701,2.403502,0.567185,0.005325,-0.055396,-0.821708
1640841557275830016,-0.912456,0.386420,2.407104,0.567938,0.004464,-0.054966,-0.821222
1640841557276630016,-0.911678,0.386661,2.407604,0.568043,0.004345,-0.054904,-0.821154
1640841557277649920,-0.910686,0.386969,2.408241,0.568179,0.004192,-0.054823,-0.821066
1640841557279089920,-0.909286,0.387406,2.409139,0.568374,0.003970,-0.054704,-0.820940
1640841557282680064,-0.905803,0.388501,2.411373,0.568868,0.003391,-0.054383,-0.820621
1640841557283809792,-0.904708,0.388848,2.412074,0.569026,0.003204,-0.054275,-0.820520
1640841557287699968,-0.900944,0.390050,2.414484,0.569568,0.002551,-0.053877,-0.820173
1640841557290520064,-0.898220,0.390929,2.416225,0.569955,0.002079,-0.053565,-0.819925
1640841557292800000,-0.896020,0.391644,2.417630,0.570263,0.001701,-0.053306,-0.819729
1640841557293779968,-0.895076,0.391953,2.418233,0.570394,0.001539,-0.053196,-0.819645
1640841557297769984,-0.891235,0.393217,2.420681,0.570918,0.000882,-0.052769,-0.819309
1640841557298820096,-0.890225,0.393552,2.421323,0.571053,0.000710,-0.052666,-0.819222
1640841557302889728,-0.886317,0.394859,2.423807,0.571567,0.000041,-0.052324,-0.818886
1640841557304149760,-0.885109,0.395266,2.424574,0.571724,-0.000168,-0.052230,-0.818782
1640841557308280064,-0.881153,0.396609,2.427080,0.572248,-0.000870,-0.051898,-0.818436
1640841557309409792,-0.880072,0.396978,2.427764,0.572395,-0.001068,-0.051791,-0.818340
1640841557312640000,-0.876984,0.398041,2.429714,0.572825,-0.001648,-0.051444,-0.818060
1640841557313839872,-0.875839,0.398438,2.430437,0.572986,-0.001868,-0.051300,-0.817956
1640841557317779968,-0.872080,0.399749,2.432802,0.573520,-0.002602,-0.050783,-0.817612
1640841557318899968,-0.871013,0.400124,2.433473,0.573672,-0.002814,-0.050624,-0.817515
1640841557322819840,-0.867281,0.401444,2.435812,0.574197,-0.003559,-0.050043,-0.817179
1640841557324359936,-0.865817,0.401966,2.436729,0.574402,-0.003856,-0.049806,-0.817048
1640841557327719936,-0.862624,0.403111,2.438722,0.574847,-0.004510,-0.049281,-0.816763
1640841557328869888,-0.861533,0.403505,2.439402,0.574998,-0.004737,-0.049102,-0.816666
1640841557332689920,-0.857909,0.404821,2.441654,0.575502,-0.005507,-0.048503,-0.816342
1640841557333880064,-0.856781,0.405234,2.442354,0.575660,-0.005752,-0.048313,-0.816240
1640841557337789952,-0.853079,0.406596,2.444644,0.576184,-0.006582,-0.047666,-0.815902
1640841557339229696,-0.851716,0.407101,2.445485,0.576381,-0.006899,-0.047416,-0.815776
1640841557343059968,-0.848095,0.408452,2.447713,0.576913,-0.007770,-0.046708,-0.815432
1640841557346190080,-0.845139,0.409564,2.449525,0.577350,-0.008488,-0.046108,-0.815149
1640841557347649792,-0.843761,0.410086,2.450367,0.577552,-0.008814,-0.045830,-0.815019
1640841557348899840,-0.842582,0.410534,2.451087,0.577723,-0.009086,-0.045596,-0.814908
1640841557352779776,-0.838924,0.411932,2.453314,0.578237,-0.009886,-0.044897,-0.814573
1640841557354029824,-0.837746,0.412385,2.454028,0.578399,-0.010137,-0.044678,-0.814466
1640841557357740032,-0.834252,0.413736,2.456142,0.578875,-0.010887,-0.044040,-0.814153
1640841557358949888,-0.833113,0.414179,2.456828,0.579030,-0.011139,-0.043832,-0.814051
1640841557362779904,-0.829511,0.415589,2.458994,0.579520,-0.011959,-0.043173,-0.813726
1640841557363849984,-0.828505,0.415985,2.459597,0.579657,-0.012191,-0.042987,-0.813634
1640841557367679744,-0.824905,0.417409,2.461746,0.580152,-0.013015,-0.042315,-0.813304
1640841557370259968,-0.822482,0.418375,2.463187,0.580490,-0.013554,-0.041851,-0.813079
1640841557373240064,-0.819685,0.419497,2.464843,0.580882,-0.014168,-0.041305,-0.812816
1640841557373890048,-0.819075,0.419743,2.465203,0.580968,-0.014303,-0.041184,-0.812758
1640841557378429952,-0.814816,0.421468,2.467709,0.581570,-0.015276,-0.040326,-0.812353
1640841557379109888,-0.814178,0.421727,2.468083,0.581660,-0.015429,-0.040195,-0.812292
1640841557382649856,-0.810860,0.423085,2.470021,0.582129,-0.016262,-0.039504,-0.811974
1640841557383839744,-0.809745,0.423544,2.470670,0.582286,-0.016552,-0.039269,-0.811866
1640841557387790080,-0.806044,0.425074,2.472815,0.582806,-0.017535,-0.038484,-0.811510
1640841557388999936,-0.804910,0.425545,2.473469,0.582964,-0.017838,-0.038242,-0.811401
1640841557393240064,-0.800940,0.427205,2.475749,0.583518,-0.018887,-0.037393,-0.811019
1640841557394269952,-0.799976,0.427610,2.476301,0.583653,-0.019138,-0.037187,-0.810925
1640841557397689856,-0.796774,0.428961,2.478124,0.584109,-0.019961,-0.036497,-0.810608
1640841557399010048,-0.795539,0.429485,2.478825,0.584290,-0.020276,-0.036229,-0.810482
1640841557402639872,-0.792142,0.430932,2.480743,0.584797,-0.021134,-0.035484,-0.810127
1640841557403810048,-0.791047,0.431401,2.481359,0.584962,-0.021409,-0.035242,-0.810012
1640841557407759872,-0.787351,0.432991,2.483426,0.585507,-0.022334,-0.034419,-0.809628
1640841557408900096,-0.786285,0.433452,2.484020,0.585660,-0.022601,-0.034180,-0.809521
1640841557412740096,-0.782692,0.435011,2.486011,0.586155,-0.023496,-0.033373,-0.809170
1640841557413819904,-0.781682,0.435452,2.486568,0.586292,-0.023747,-0.033145,-0.809073
1640841557417690112,-0.778061,0.437038,2.488555,0.586788,-0.024632,-0.032325,-0.808720
1640841557419079936,-0.776761,0.437611,2.489265,0.586971,-0.024945,-0.032029,-0.808590
1640841557422710016,-0.773365,0.439112,2.491109,0.587463,-0.025750,-0.031258,-0.808237
1640841557423899904,-0.772251,0.439606,2.491710,0.587627,-0.026012,-0.031007,-0.808119
1640841557427939840,-0.768470,0.441292,2.493741,0.588182,-0.026910,-0.030179,-0.807717
1640841557428900096,-0.767572,0.441694,2.494221,0.588312,-0.027127,-0.029989,-0.807622
1640841557432719872,-0.763996,0.443302,2.496122,0.588819,-0.028006,-0.029260,-0.807250
1640841557433979904,-0.762816,0.443835,2.496745,0.588983,-0.028300,-0.029026,-0.807128
1640841557437659904,-0.759370,0.445396,2.498556,0.589459,-0.029156,-0.028348,-0.806774
1640841557438850048,-0.758255,0.445903,2.499138,0.589612,-0.029432,-0.028127,-0.806660
1640841557442769920,-0.754582,0.447581,2.501046,0.590121,-0.030324,-0.027386,-0.806280
1640841557443820032,-0.753598,0.448032,2.501554,0.590258,-0.030561,-0.027183,-0.806178
1640841557447699968,-0.749961,0.449706,2.503421,0.590772,-0.031430,-0.026421,-0.805793
1640841557448900096,-0.748835,0.450226,2.503995,0.590933,-0.031698,-0.026181,-0.805672
1640841557453579776,-0.744444,0.452263,2.506218,0.591571,-0.032751,-0.025233,-0.805192
1640841557453999872,-0.744050,0.452446,2.506417,0.591629,-0.032846,-0.025147,-0.805149
1640841557457659904,-0.740614,0.454051,2.508137,0.592125,-0.033669,-0.024406,-0.804772
1640841557458899968,-0.739449,0.454596,2.508716,0.592291,-0.033948,-0.024157,-0.804646
1640841557462739968,-0.735840,0.456293,2.510498,0.592794,-0.034804,-0.023390,-0.804262
1640841557463849984,-0.734797,0.456785,2.511011,0.592938,-0.035050,-0.023164,-0.804152
1640841557468489984,-0.730432,0.458851,2.513136,0.593541,-0.036077,-0.022166,-0.803689
1640841557469120000,-0.729839,0.459133,2.513423,0.593624,-0.036216,-0.022021,-0.803625
1640841557472659712,-0.726505,0.460721,2.515025,0.594093,-0.036991,-0.021184,-0.803266
1640841557474439936,-0.724828,0.461522,2.515825,0.594330,-0.037375,-0.020756,-0.803084
1640841557477720064,-0.721736,0.463004,2.517289,0.594764,-0.038071,-0.019979,-0.802750
1640841557478899968,-0.720622,0.463539,2.517813,0.594920,-0.038316,-0.019709,-0.802629
1640841557483449856,-0.716327,0.465611,2.519817,0.595509,-0.039226,-0.018757,-0.802171
1640841557484109824,-0.715704,0.465912,2.520106,0.595593,-0.039352,-0.018634,-0.802105
1640841557487959808,-0.712065,0.467677,2.521779,0.596075,-0.040067,-0.017990,-0.801726
1640841557488849920,-0.711223,0.468086,2.522164,0.596188,-0.040229,-0.017839,-0.801638
1640841557492669696,-0.707607,0.469848,2.523803,0.596680,-0.040932,-0.017122,-0.801252
1640841557493779968,-0.706555,0.470362,2.524275,0.596825,-0.041138,-0.016897,-0.801138
1640841557497969920,-0.702583,0.472309,2.526047,0.597377,-0.041929,-0.016010,-0.800704
1640841557500099840,-0.700562,0.473303,2.526939,0.597657,-0.042341,-0.015550,-0.800482
1640841557502709760,-0.698083,0.474524,2.528025,0.597997,-0.042857,-0.014993,-0.800211
1640841557504539904,-0.696344,0.475383,2.528782,0.598235,-0.043223,-0.014607,-0.800021
1640841557507930112,-0.693119,0.476979,2.530172,0.598677,-0.043903,-0.013901,-0.799666
1640841557509389824,-0.691730,0.477669,2.530766,0.598868,-0.044194,-0.013600,-0.799512
1640841557512699904,-0.688576,0.479238,2.532104,0.599305,-0.044845,-0.012924,-0.799160
1640841557514139904,-0.687202,0.479922,2.532682,0.599495,-0.045124,-0.012632,-0.799006
1640841557517750016,-0.683756,0.481643,2.534119,0.599972,-0.045812,-0.011897,-0.798620
1640841557518880000,-0.682677,0.482183,2.534565,0.600121,-0.046024,-0.011666,-0.798499
1640841557522699776,-0.679024,0.484015,2.536062,0.600622,-0.046725,-0.010881,-0.798093
1640841557524869888,-0.676946,0.485060,2.536904,0.600906,-0.047114,-0.010434,-0.797862
1640841557527659776,-0.674272,0.486407,2.537979,0.601270,-0.047605,-0.009859,-0.797565
1640841557529600000,-0.672411,0.487346,2.538720,0.601524,-0.047940,-0.009459,-0.797359
1640841557532699904,-0.669434,0.488851,2.539894,0.601930,-0.048466,-0.008823,-0.797028
1640841557533890048,-0.668290,0.489430,2.540342,0.602086,-0.048666,-0.008579,-0.796901
1640841557537689856,-0.664633,0.491285,2.541759,0.602582,-0.049298,-0.007805,-0.796495
1640841557541359872,-0.661096,0.493084,2.543109,0.603058,-0.049905,-0.007066,-0.796103
1640841557543149824,-0.659368,0.493965,2.543762,0.603289,-0.050196,-0.006712,-0.795913
1640841557544160000,-0.658393,0.494462,2.544128,0.603419,-0.050357,-0.006515,-0.795806
1640841557547689984,-0.654981,0.496205,2.545398,0.603874,-0.050891,-0.005857,-0.795432
1640841557549100032,-0.653616,0.496903,2.545901,0.604056,-0.051087,-0.005610,-0.795283
1640841557552769792,-0.650060,0.498725,2.547198,0.604530,-0.051549,-0.005011,-0.794897
1640841557553849856,-0.649012,0.499262,2.547576,0.604669,-0.051676,-0.004843,-0.794784
1640841557557649920,-0.645322,0.501158,2.548894,0.605156,-0.052121,-0.004269,-0.794387
1640841557558840064,-0.644164,0.501753,2.549303,0.605307,-0.052265,-0.004090,-0.794264
1640841557562789888,-0.640318,0.503734,2.550648,0.605804,-0.052759,-0.003496,-0.793855
1640841557563869952,-0.639265,0.504278,2.551012,0.605939,-0.052894,-0.003336,-0.793743
1640841557567669760,-0.635556,0.506193,2.552280,0.606412,-0.053356,-0.002787,-0.793353
1640841557568909824,-0.634344,0.506820,2.552690,0.606567,-0.053498,-0.002614,-0.793226
1640841557572649984,-0.630684,0.508715,2.553914,0.607033,-0.053880,-0.002124,-0.792845
1640841557574479872,-0.628890,0.509644,2.554506,0.607262,-0.054035,-0.001904,-0.792660
1640841557578339840,-0.625101,0.511611,2.555740,0.607750,-0.054302,-0.001473,-0.792269
1640841557581029888,-0.622455,0.512985,2.556588,0.608091,-0.054524,-0.001146,-0.791992
1640841557582599936,-0.620909,0.513789,2.557078,0.608290,-0.054684,-0.000934,-0.791829
1640841557583840000,-0.619687,0.514425,2.557464,0.608445,-0.054820,-0.000757,-0.791700
1640841557587859968,-0.615720,0.516491,2.558698,0.608938,-0.055286,-0.000147,-0.791289
1640841557589390080,-0.614208,0.517279,2.559162,0.609119,-0.055459,0.000093,-0.791137
1640841557593169920,-0.610466,0.519232,2.560296,0.609559,-0.055868,0.000699,-0.790769
1640841557595599872,-0.608056,0.520491,2.561014,0.609845,-0.056122,0.001098,-0.790530
1640841557597719808,-0.605950,0.521591,2.561634,0.610102,-0.056343,0.001451,-0.790316
1640841557598899968,-0.604778,0.522204,2.561977,0.610249,-0.056467,0.001650,-0.790193
1640841557602599936,-0.601094,0.524132,2.563039,0.610729,-0.056855,0.002280,-0.789792
1640841557603869952,-0.599828,0.524795,2.563399,0.610897,-0.056987,0.002499,-0.789653
1640841557607980032,-0.595724,0.526946,2.564550,0.611430,-0.057394,0.003215,-0.789208
1640841557610839808,-0.592862,0.528447,2.565338,0.611782,-0.057654,0.003717,-0.788914
1640841557612879872,-0.590817,0.529520,2.565893,0.612026,-0.057827,0.004072,-0.788710
1640841557614119936,-0.589573,0.530173,2.566228,0.612174,-0.057927,0.004285,-0.788587
1640841557617719808,-0.585956,0.532072,2.567187,0.612601,-0.058197,0.004884,-0.788232
1640841557618880000,-0.584789,0.532686,2.567493,0.612740,-0.058277,0.005070,-0.788116
1640841557622729984,-0.580909,0.534726,2.568494,0.613213,-0.058522,0.005655,-0.787726
1640841557624450048,-0.579173,0.535640,2.568934,0.613428,-0.058621,0.005906,-0.787550
1640841557627800064,-0.575785,0.537423,2.569781,0.613848,-0.058797,0.006381,-0.787206
1640841557629040128,-0.574530,0.538084,2.570091,0.614003,-0.058856,0.006554,-0.787079
1640841557632829952,-0.570686,0.540109,2.571024,0.614477,-0.059020,0.007074,-0.786692
1640841557634249984,-0.569243,0.540869,2.571368,0.614655,-0.059074,0.007262,-0.786547
1640841557637609984,-0.565824,0.542672,2.572173,0.615077,-0.059186,0.007690,-0.786205
1640841557639200000,-0.564204,0.543526,2.572549,0.615278,-0.059231,0.007882,-0.786042
1640841557642850048,-0.560478,0.545492,2.573397,0.615741,-0.059317,0.008297,-0.785669
1640841557644079872,-0.559220,0.546156,2.573679,0.615898,-0.059343,0.008431,-0.785543
1640841557647840000,-0.555369,0.548189,2.574529,0.616375,-0.059419,0.008831,-0.785158
1640841557649400064,-0.553769,0.549034,2.574876,0.616572,-0.059452,0.008995,-0.784999
1640841557652699904,-0.550378,0.550825,2.575599,0.616986,-0.059527,0.009345,-0.784664
1640841557654320128,-0.548710,0.551706,2.575948,0.617190,-0.059565,0.009515,-0.784499
1640841557658010112,-0.544906,0.553717,2.576731,0.617658,-0.059647,0.009894,-0.784119
1640841557658880000,-0.544007,0.554192,2.576913,0.617771,-0.059664,0.009980,-0.784028
1640841557662710016,-0.540046,0.556286,2.577702,0.618276,-0.059723,0.010342,-0.783621
1640841557663889920,-0.538824,0.556933,2.577941,0.618434,-0.059737,0.010450,-0.783493
1640841557667840000,-0.534724,0.559101,2.578727,0.618966,-0.059784,0.010814,-0.783064
1640841557670660096,-0.531791,0.560653,2.579276,0.619342,-0.059824,0.011088,-0.782760
1640841557672899840,-0.529457,0.561888,2.579705,0.619638,-0.059862,0.011317,-0.782520
1640841557674909952,-0.527360,0.562998,2.580083,0.619902,-0.059898,0.011530,-0.782305
1640841557677839872,-0.524297,0.564618,2.580626,0.620288,-0.059950,0.011849,-0.781990
1640841557679020032,-0.523062,0.565272,2.580841,0.620444,-0.059970,0.011979,-0.781862
1640841557683439872,-0.518427,0.567726,2.581631,0.621035,-0.060033,0.012471,-0.781381
1640841557684749824,-0.517051,0.568454,2.581860,0.621211,-0.060047,0.012614,-0.781237
1640841557687699968,-0.513946,0.570098,2.582367,0.621611,-0.060070,0.012928,-0.780912
1640841557688859904,-0.512724,0.570745,2.582564,0.621770,-0.060074,0.013046,-0.780784
1640841557692659968,-0.508713,0.572868,2.583195,0.622290,-0.060069,0.013406,-0.780363
1640841557693869824,-0.507434,0.573546,2.583392,0.622457,-0.060061,0.013512,-0.780229
1640841557697959936,-0.503102,0.575840,2.584044,0.623019,-0.060013,0.013849,-0.779778
1640841557701220096,-0.499639,0.577673,2.584548,0.623465,-0.059952,0.014097,-0.779422
1640841557702639872,-0.498129,0.578472,2.584763,0.623659,-0.059920,0.014200,-0.779267
1640841557703859968,-0.496830,0.579160,2.584945,0.623825,-0.059889,0.014286,-0.779135
1640841557707709952,-0.492724,0.581334,2.585509,0.624349,-0.059772,0.014530,-0.778720
1640841557709529856,-0.490780,0.582364,2.585769,0.624597,-0.059707,0.014631,-0.778524
1640841557712729856,-0.487354,0.584177,2.586216,0.625034,-0.059578,0.014784,-0.778180
1640841557713889792,-0.486111,0.584836,2.586375,0.625194,-0.059528,0.014833,-0.778055
1640841557718070016,-0.481621,0.587212,2.586932,0.625772,-0.059330,0.014988,-0.777602
1640841557719369984,-0.480222,0.587952,2.587101,0.625953,-0.059265,0.015030,-0.777460
1640841557723170048,-0.476126,0.590120,2.587582,0.626487,-0.059064,0.015140,-0.777043
1640841557724079872,-0.475143,0.590640,2.587694,0.626616,-0.059013,0.015164,-0.776943
1640841557727619840,-0.471315,0.592666,2.588122,0.627114,-0.058807,0.015244,-0.776555
1640841557728869888,-0.469961,0.593382,2.588269,0.627290,-0.058731,0.015268,-0.776418
1640841557732770048,-0.465729,0.595621,2.588715,0.627833,-0.058482,0.015335,-0.775997
1640841557733860096,-0.464544,0.596247,2.588836,0.627984,-0.058411,0.015355,-0.775879
1640841557737969920,-0.460068,0.598614,2.589280,0.628551,-0.058146,0.015459,-0.775438
1640841557741869824,-0.455808,0.600865,2.589682,0.629089,-0.057905,0.015612,-0.775016
1640841557742739968,-0.454857,0.601368,2.589769,0.629209,-0.057852,0.015650,-0.774922
1640841557743899904,-0.453587,0.602039,2.589884,0.629370,-0.057781,0.015701,-0.774795
1640841557748000000,-0.449090,0.604414,2.590275,0.629946,-0.057516,0.015861,-0.774344
1640841557749339904,-0.447618,0.605192,2.590398,0.630137,-0.057424,0.015900,-0.774195
1640841557753389824,-0.443159,0.607546,2.590758,0.630725,-0.057116,0.015950,-0.773737
1640841557755499776,-0.440832,0.608774,2.590937,0.631035,-0.056941,0.015944,-0.773498
1640841557757659904,-0.438445,0.610033,2.591115,0.631351,-0.056753,0.015927,-0.773254
1640841557758919936,-0.437051,0.610769,2.591216,0.631534,-0.056640,0.015915,-0.773112
1640841557762629888,-0.432940,0.612936,2.591502,0.632066,-0.056300,0.015883,-0.772703
1640841557763900160,-0.431530,0.613680,2.591596,0.632247,-0.056182,0.015874,-0.772564
1640841557767779840,-0.427216,0.615953,2.591872,0.632800,-0.055825,0.015859,-0.772138
1640841557770409728,-0.424285,0.617497,2.592048,0.633179,-0.055592,0.015861,-0.771843
1640841557774739968,-0.419447,0.620044,2.592320,0.633815,-0.055222,0.015874,-0.771347
1640841557775480064,-0.418619,0.620479,2.592364,0.633925,-0.055161,0.015875,-0.771261
1640841557777699840,-0.416132,0.621788,2.592493,0.634257,-0.054977,0.015875,-0.771001
1640841557778949888,-0.414730,0.622525,2.592562,0.634445,-0.054874,0.015871,-0.770854
1640841557782860032,-0.410336,0.624835,2.592769,0.635034,-0.054553,0.015837,-0.770392
1640841557783959808,-0.409098,0.625485,2.592824,0.635200,-0.054463,0.015822,-0.770263
1640841557787879936,-0.404678,0.627807,2.593007,0.635781,-0.054139,0.015745,-0.769808
1640841557789539840,-0.402803,0.628791,2.593079,0.636022,-0.054001,0.015702,-0.769619
1640841557792729856,-0.399194,0.630685,2.593209,0.636478,-0.053735,0.015612,-0.769263
1640841557794099712,-0.397641,0.631499,2.593261,0.636673,-0.053622,0.015575,-0.769110
1640841557798050048,-0.393157,0.633850,2.593398,0.637240,-0.053313,0.015502,-0.768663
1640841557799229952,-0.391815,0.634553,2.593436,0.637412,-0.053225,0.015493,-0.768527
1640841557802709760,-0.387851,0.636629,2.593537,0.637926,-0.052976,0.015485,-0.768117
1640841557803859968,-0.386539,0.637315,2.593568,0.638097,-0.052894,0.015484,-0.767981
1640841557807989760,-0.381819,0.639784,2.593664,0.638718,-0.052591,0.015460,-0.767486
1640841557808879872,-0.380801,0.640317,2.593682,0.638852,-0.052522,0.015446,-0.767379
1640841557812719872,-0.376398,0.642617,2.593750,0.639430,-0.052205,0.015352,-0.766921
1640841557814599936,-0.374239,0.643745,2.593778,0.639711,-0.052039,0.015298,-0.766699
1640841557817699840,-0.370672,0.645606,2.593814,0.640170,-0.051753,0.015217,-0.766337
1640841557818889984,-0.369301,0.646322,2.593825,0.640343,-0.051639,0.015194,-0.766200
1640841557822719744,-0.364882,0.648626,2.593849,0.640897,-0.051257,0.015149,-0.765764
1640841557823940096,-0.363471,0.649360,2.593854,0.641073,-0.051131,0.015143,-0.765625
1640841557827859968,-0.358933,0.651723,2.593856,0.641642,-0.050714,0.015143,-0.765176
1640841557828919808,-0.357704,0.652363,2.593854,0.641797,-0.050597,0.015147,-0.765053
1640841557832699904,-0.353314,0.654646,2.593836,0.642362,-0.050171,0.015165,-0.764607
1640841557834019840,-0.351779,0.655444,2.593826,0.642561,-0.050017,0.015170,-0.764450
1640841557837659904,-0.347538,0.657647,2.593789,0.643113,-0.049575,0.015168,-0.764014
1640841557839000064,-0.345974,0.658458,2.593771,0.643317,-0.049405,0.015158,-0.763853
1640841557842759936,-0.341580,0.660738,2.593712,0.643888,-0.048905,0.015090,-0.763406
1640841557843859968,-0.340292,0.661405,2.593692,0.644054,-0.048752,0.015057,-0.763277
1640841557847790080,-0.335685,0.663792,2.593609,0.644641,-0.048188,0.014899,-0.762820
1640841557848859904,-0.334429,0.664442,2.593583,0.644800,-0.048036,0.014854,-0.762696
1640841557852959744,-0.329608,0.666937,2.593475,0.645400,-0.047494,0.014725,-0.762225
1640841557853869824,-0.328536,0.667491,2.593448,0.645532,-0.047382,0.014708,-0.762120
1640841557857740032,-0.323972,0.669849,2.593326,0.646095,-0.046914,0.014674,-0.761672
1640841557858889728,-0.322614,0.670550,2.593286,0.646263,-0.046770,0.014672,-0.761539
1640841557862809856,-0.317977,0.672943,2.593142,0.646842,-0.046244,0.014672,-0.761080
1640841557864069888,-0.316484,0.673713,2.593092,0.647029,-0.046069,0.014674,-0.760931
1640841557867780096,-0.312082,0.675981,2.592936,0.647578,-0.045558,0.014671,-0.760494
1640841557869489920,-0.310051,0.677027,2.592859,0.647830,-0.045333,0.014664,-0.760293
1640841557872659968,-0.306278,0.678968,2.592709,0.648296,-0.044931,0.014650,-0.759920
1640841557873869824,-0.304837,0.679710,2.592649,0.648473,-0.044781,0.014646,-0.759778
1640841557877679872,-0.300291,0.682046,2.592451,0.649033,-0.044312,0.014654,-0.759327
1640841557878919936,-0.298809,0.682807,2.592384,0.649216,-0.044158,0.014665,-0.759179
1640841557882819840,-0.294142,0.685202,2.592161,0.649795,-0.043663,0.014730,-0.758711
1640841557883869952,-0.292884,0.685847,2.592099,0.649951,-0.043525,0.014750,-0.758585
1640841557887790080,-0.288180,0.688257,2.591856,0.650536,-0.042993,0.014815,-0.758112
1640841557888939776,-0.286799,0.688965,2.591782,0.650708,-0.042830,0.014827,-0.757974
1640841557892760064,-0.282202,0.691317,2.591528,0.651277,-0.042263,0.014820,-0.757517
1640841557893969920,-0.280745,0.692062,2.591444,0.651457,-0.042075,0.014803,-0.757373
1640841557897829888,-0.276088,0.694442,2.591168,0.652028,-0.041457,0.014743,-0.756917
1640841557900069888,-0.273381,0.695824,2.591002,0.652359,-0.041093,0.014726,-0.756652
1640841557902849792,-0.270017,0.697541,2.590788,0.652768,-0.040639,0.014716,-0.756324
1640841557903899904,-0.268746,0.698189,2.590706,0.652923,-0.040467,0.014713,-0.756200
1640841557907919872,-0.263870,0.700674,2.590381,0.653514,-0.039816,0.014684,-0.755724
1640841557908919808,-0.262656,0.701292,2.590298,0.653661,-0.039656,0.014669,-0.755605
1640841557912729856,-0.258024,0.703649,2.589974,0.654223,-0.039058,0.014569,-0.755152
1640841557913939968,-0.256551,0.704398,2.589868,0.654403,-0.038870,0.014528,-0.755007
1640841557918139904,-0.251431,0.707000,2.589490,0.655033,-0.038206,0.014390,-0.754496
1640841557919180032,-0.250162,0.707644,2.589394,0.655192,-0.038036,0.014363,-0.754368
1640841557922619904,-0.245959,0.709777,2.589070,0.655719,-0.037463,0.014295,-0.753939
1640841557923899904,-0.244393,0.710571,2.588947,0.655915,-0.037246,0.014273,-0.753780
1640841557927709696,-0.239727,0.712935,2.588572,0.656490,-0.036601,0.014204,-0.753312
1640841557929100032,-0.238022,0.713799,2.588432,0.656695,-0.036367,0.014173,-0.753145
1640841557932740096,-0.233553,0.716059,2.588058,0.657221,-0.035768,0.014075,-0.752717
1640841557934199808,-0.231759,0.716967,2.587905,0.657431,-0.035534,0.014035,-0.752545
1640841557937760000,-0.227378,0.719180,2.587524,0.657947,-0.034979,0.013953,-0.752122
1640841557939009792,-0.225838,0.719957,2.587387,0.658132,-0.034791,0.013933,-0.751969
1640841557942809856,-0.221152,0.722321,2.586965,0.658715,-0.034243,0.013915,-0.751484
1640841557943980032,-0.219707,0.723049,2.586833,0.658901,-0.034080,0.013924,-0.751328
1640841557947820032,-0.214961,0.725439,2.586390,0.659514,-0.033550,0.013978,-0.750813
1640841557949420032,-0.212981,0.726436,2.586202,0.659766,-0.033324,0.014005,-0.750601
1640841557952639744,-0.208993,0.728441,2.585818,0.660258,-0.032851,0.014055,-0.750188
1640841557954239744,-0.207009,0.729438,2.585624,0.660499,-0.032608,0.014076,-0.749987
1640841557957759744,-0.202640,0.731632,2.585190,0.661026,-0.032063,0.014115,-0.749545
1640841557958919936,-0.201198,0.732355,2.585045,0.661201,-0.031882,0.014125,-0.749398
1640841557962839808,-0.196323,0.734799,2.584546,0.661806,-0.031266,0.014147,-0.748889
1640841557964809984,-0.193870,0.736027,2.584291,0.662114,-0.030949,0.014147,-0.748630
1640841557967980032,-0.189919,0.738004,2.583875,0.662607,-0.030414,0.014125,-0.748216
1640841557968930048,-0.188734,0.738597,2.583749,0.662753,-0.030245,0.014112,-0.748094
1640841557972679936,-0.184053,0.740936,2.583244,0.663313,-0.029535,0.014027,-0.747627
1640841557974099968,-0.182278,0.741822,2.583049,0.663521,-0.029253,0.013987,-0.747454
1640841557977949952,-0.177462,0.744224,2.582516,0.664090,-0.028481,0.013882,-0.746981
1640841557979719936,-0.175246,0.745328,2.582267,0.664358,-0.028135,0.013846,-0.746757
1640841557983939840,-0.169956,0.747961,2.581664,0.665007,-0.027328,0.013787,-0.746209
1640841557984730112,-0.168965,0.748454,2.581549,0.665130,-0.027179,0.013779,-0.746106
1640841557989129984,-0.163440,0.751200,2.580904,0.665802,-0.026354,0.013742,-0.745536
1640841557990010112,-0.162334,0.751749,2.580774,0.665934,-0.026189,0.013736,-0.745424
1640841557993360128,-0.158121,0.753839,2.580271,0.666427,-0.025558,0.013708,-0.745006
1640841557995389952,-0.155566,0.755105,2.579963,0.666725,-0.025173,0.013690,-0.744753
1640841557997619968,-0.152758,0.756496,2.579621,0.667056,-0.024749,0.013671,-0.744471
1640841558000079872,-0.149657,0.758030,2.579240,0.667431,-0.024280,0.013650,-0.744151
1640841558002849792,-0.146163,0.759758,2.578805,0.667863,-0.023749,0.013627,-0.743780
1640841558003990016,-0.144724,0.760469,2.578625,0.668044,-0.023531,0.013617,-0.743625
1640841558011239936,-0.135561,0.764987,2.577457,0.669198,-0.022155,0.013534,-0.742630
1640841558011940096,-0.134675,0.765423,2.577342,0.669309,-0.022024,0.013523,-0.742535
1640841558012699904,-0.133714,0.765897,2.577218,0.669428,-0.021882,0.013511,-0.742432
1640841558013919744,-0.132170,0.766657,2.577017,0.669618,-0.021655,0.013490,-0.742267
1640841558017779712,-0.127280,0.769060,2.576373,0.670207,-0.020948,0.013419,-0.741757
1640841558019279872,-0.125379,0.769994,2.576121,0.670436,-0.020677,0.013403,-0.741558
1640841558022699776,-0.121041,0.772122,2.575540,0.670967,-0.020067,0.013424,-0.741094
1640841558023900160,-0.119518,0.772869,2.575334,0.671157,-0.019853,0.013449,-0.740927
1640841558028440064,-0.113752,0.775691,2.574547,0.671886,-0.019010,0.013577,-0.740286
1640841558029369856,-0.112570,0.776269,2.574384,0.672037,-0.018828,0.013603,-0.740154
1640841558032729856,-0.108298,0.778356,2.573791,0.672578,-0.018141,0.013681,-0.739677
1640841558034159872,-0.106479,0.779244,2.573537,0.672807,-0.017840,0.013706,-0.739476
1640841558037720064,-0.101947,0.781454,2.572897,0.673368,-0.017086,0.013742,-0.738983
1640841558041189888,-0.097527,0.783606,2.572267,0.673897,-0.016368,0.013740,-0.738516
1640841558043589888,-0.094467,0.785093,2.571826,0.674256,-0.015879,0.013722,-0.738200
1640841558044969984,-0.092707,0.785948,2.571571,0.674461,-0.015595,0.013707,-0.738019
1640841558047659776,-0.089276,0.787614,2.571071,0.674862,-0.015028,0.013677,-0.737664
1640841558048960000,-0.087617,0.788418,2.570827,0.675057,-0.014743,0.013663,-0.737491
1640841558052909824,-0.082573,0.790861,2.570082,0.675657,-0.013843,0.013624,-0.736960
1640841558053939712,-0.081258,0.791498,2.569886,0.675814,-0.013603,0.013615,-0.736821
1640841558057699840,-0.076452,0.793820,2.569165,0.676386,-0.012717,0.013575,-0.736312
1640841558060230144,-0.073217,0.795382,2.568675,0.676767,-0.012124,0.013545,-0.735972
1640841558062619904,-0.070160,0.796856,2.568209,0.677124,-0.011571,0.013514,-0.735654
1640841558065159936,-0.066909,0.798421,2.567710,0.677501,-0.010990,0.013483,-0.735316
1640841558067979776,-0.063299,0.800157,2.567152,0.677917,-0.010355,0.013456,-0.734942
1640841558068919808,-0.062095,0.800736,2.566965,0.678055,-0.010145,0.013450,-0.734818
1640841558072909824,-0.056984,0.803189,2.566166,0.678642,-0.009267,0.013438,-0.734287
1640841558074019840,-0.055561,0.803871,2.565942,0.678806,-0.009026,0.013438,-0.734139
1640841558078060032,-0.050382,0.806351,2.565121,0.679401,-0.008159,0.013444,-0.733599
1640841558079030016,-0.049138,0.806946,2.564922,0.679544,-0.007953,0.013446,-0.733468
1640841558082769920,-0.044340,0.809238,2.564152,0.680098,-0.007167,0.013452,-0.732963
1640841558084019968,-0.042736,0.810004,2.563893,0.680284,-0.006908,0.013456,-0.732793
1640841558087639808,-0.038090,0.812218,2.563138,0.680826,-0.006167,0.013491,-0.732295
1640841558088909824,-0.036459,0.812994,2.562872,0.681018,-0.005912,0.013518,-0.732118
1640841558092800000,-0.031463,0.815369,2.562050,0.681609,-0.005145,0.013650,-0.731571
1640841558093929984,-0.030012,0.816059,2.561810,0.681782,-0.004923,0.013696,-0.731411
1640841558097740032,-0.025116,0.818381,2.560996,0.682361,-0.004170,0.013845,-0.730872
1640841558099059712,-0.023420,0.819184,2.560712,0.682560,-0.003905,0.013888,-0.730687
1640841558103279872,-0.017995,0.821751,2.559799,0.683192,-0.003038,0.013987,-0.730098
1640841558103989760,-0.017083,0.822182,2.559645,0.683298,-0.002890,0.014000,-0.730000
1640841558107790080,-0.012196,0.824488,2.558814,0.683860,-0.002095,0.014056,-0.729475
1640841558108960000,-0.010691,0.825198,2.558557,0.684032,-0.001850,0.014073,-0.729314
1640841558112630016,-0.005971,0.827421,2.557746,0.684571,-0.001083,0.014127,-0.728809
1640841558113920000,-0.004311,0.828201,2.557460,0.684760,-0.000811,0.014145,-0.728631
1640841558118369792,0.001414,0.830891,2.556466,0.685413,0.000151,0.014191,-0.728016
1640841558119689984,0.003113,0.831687,2.556169,0.685608,0.000448,0.014197,-0.727833
1640841558122969856,0.007334,0.833665,2.555429,0.686090,0.001203,0.014196,-0.727377
1640841558123919872,0.008557,0.834237,2.555213,0.686229,0.001423,0.014194,-0.727245
1640841558127709952,0.013434,0.836518,2.554351,0.686779,0.002298,0.014184,-0.726724
1640841558129089792,0.015211,0.837348,2.554035,0.686977,0.002609,0.014183,-0.726536
1640841558132629760,0.019767,0.839473,2.553222,0.687478,0.003391,0.014182,-0.726059
1640841558133980160,0.021505,0.840283,2.552911,0.687668,0.003682,0.014180,-0.725877
1640841558137769984,0.026384,0.842553,2.552033,0.688202,0.004482,0.014166,-0.725367
1640841558139299840,0.028353,0.843468,2.551677,0.688418,0.004798,0.014153,-0.725160
1640841558142649856,0.032666,0.845470,2.550894,0.688896,0.005476,0.014117,-0.724702
1640841558143879936,0.034249,0.846205,2.550606,0.689073,0.005721,0.014105,-0.724532
1640841558147709952,0.039179,0.848488,2.549704,0.689628,0.006468,0.014102,-0.723998
1640841558148979968,0.040814,0.849245,2.549404,0.689813,0.006711,0.014119,-0.723818
1640841558153299712,0.046374,0.851814,2.548380,0.690449,0.007518,0.014237,-0.723201
1640841558154459904,0.047867,0.852503,2.548103,0.690621,0.007729,0.014275,-0.723034
1640841558157629952,0.051946,0.854384,2.547346,0.691092,0.008293,0.014359,-0.722577
1640841558158959872,0.053657,0.855172,2.547028,0.691289,0.008523,0.014379,-0.722385
1640841558162639872,0.058392,0.857350,2.546143,0.691835,0.009149,0.014389,-0.721854
1640841558163950080,0.060077,0.858125,2.545828,0.692029,0.009372,0.014385,-0.721666
1640841558167650048,0.064837,0.860310,2.544933,0.692574,0.010010,0.014375,-0.721134
1640841558170279936,0.068219,0.861860,2.544295,0.692958,0.010483,0.014391,-0.720758
1640841558173399808,0.072231,0.863697,2.543535,0.693411,0.011065,0.014436,-0.720313
1640841558174309888,0.073401,0.864232,2.543313,0.693542,0.011237,0.014450,-0.720183
1640841558177629952,0.077669,0.866183,2.542501,0.694022,0.011865,0.014489,-0.719710
1640841558178880000,0.079275,0.866916,2.542195,0.694203,0.012100,0.014494,-0.719531
1640841558182829824,0.084351,0.869231,2.541224,0.694773,0.012830,0.014475,-0.718969
1640841558185109760,0.087280,0.870565,2.540662,0.695099,0.013243,0.014447,-0.718646
1640841558188379904,0.091480,0.872475,2.539855,0.695562,0.013823,0.014392,-0.718189
1640841558190429952,0.094112,0.873671,2.539347,0.695848,0.014178,0.014353,-0.717906
1640841558192809728,0.097168,0.875058,2.538757,0.696176,0.014587,0.014304,-0.717580
1640841558193879808,0.098541,0.875681,2.538491,0.696323,0.014771,0.014279,-0.717434
1640841558197619968,0.103341,0.877856,2.537560,0.696841,0.015428,0.014173,-0.716920
1640841558198989824,0.105098,0.878651,2.537219,0.697032,0.015677,0.014125,-0.716729
1640841558203130112,0.110408,0.881051,2.536185,0.697618,0.016454,0.013947,-0.716145
1640841558204759808,0.112498,0.881995,2.535777,0.697848,0.016762,0.013868,-0.715916
1640841558209080064,0.118035,0.884491,2.534694,0.698445,0.017561,0.013645,-0.715319
1640841558209889792,0.119072,0.884959,2.534491,0.698553,0.017704,0.013603,-0.715210
1640841558212679936,0.122646,0.886567,2.533790,0.698921,0.018182,0.013458,-0.714841
1640841558213909760,0.124221,0.887275,2.533481,0.699082,0.018384,0.013396,-0.714680
1640841558217839872,0.129253,0.889535,2.532491,0.699599,0.019006,0.013211,-0.714160
1640841558219089920,0.130853,0.890253,2.532176,0.699768,0.019197,0.013158,-0.713991
1640841558222779904,0.135574,0.892368,2.531245,0.700280,0.019745,0.013021,-0.713476
1640841558225029888,0.138451,0.893656,2.530676,0.700598,0.020066,0.012951,-0.713156
1640841558228839936,0.143321,0.895832,2.529713,0.701134,0.020587,0.012855,-0.712616
1640841558229420032,0.144062,0.896163,2.529566,0.701215,0.020664,0.012843,-0.712535
1640841558232649984,0.148189,0.898003,2.528748,0.701659,0.021081,0.012784,-0.712086
1640841558234520064,0.150577,0.899067,2.528274,0.701915,0.021313,0.012754,-0.711828
1640841558237819904,0.154789,0.900941,2.527438,0.702364,0.021711,0.012704,-0.711374
1640841558241720064,0.159765,0.903151,2.526449,0.702895,0.022161,0.012638,-0.710836
1640841558243249920,0.161716,0.904017,2.526060,0.703104,0.022335,0.012611,-0.710624
1640841558243959808,0.162621,0.904418,2.525880,0.703201,0.022416,0.012597,-0.710526
1640841558250929920,0.171502,0.908348,2.524110,0.704147,0.023230,0.012461,-0.709565
1640841558251719936,0.172509,0.908792,2.523909,0.704253,0.023327,0.012446,-0.709456
1640841558254710016,0.176315,0.910471,2.523150,0.704655,0.023696,0.012387,-0.709047
1640841558255319808,0.177091,0.910814,2.522995,0.704736,0.023771,0.012376,-0.708963
1640841558258199808,0.180755,0.912427,2.522263,0.705120,0.024127,0.012322,-0.708570
1640841558259209984,0.182039,0.912992,2.522007,0.705255,0.024251,0.012304,-0.708432
1640841558262810112,0.186615,0.915003,2.521092,0.705732,0.024685,0.012240,-0.707943
1640841558264459776,0.188711,0.915923,2.520673,0.705949,0.024880,0.012207,-0.707720
1640841558267680000,0.192801,0.917714,2.519855,0.706367,0.025260,0.012126,-0.707291
1640841558268979968,0.194451,0.918437,2.519525,0.706533,0.025413,0.012085,-0.707121
1640841558272729856,0.199209,0.920516,2.518573,0.707003,0.025853,0.011939,-0.706637
1640841558274030080,0.200857,0.921235,2.518243,0.707165,0.026003,0.011883,-0.706470
1640841558278449920,0.206459,0.923675,2.517121,0.707721,0.026492,0.011695,-0.705898
1640841558279209728,0.207422,0.924094,2.516929,0.707819,0.026572,0.011665,-0.705798
1640841558282799872,0.211968,0.926069,2.516019,0.708283,0.026934,0.011533,-0.705320
1640841558284000000,0.213487,0.926727,2.515715,0.708440,0.027050,0.011491,-0.705159
1640841558287680000,0.218142,0.928743,2.514782,0.708923,0.027389,0.011362,-0.704662
1640841558288960000,0.219760,0.929443,2.514458,0.709091,0.027502,0.011316,-0.704490
1640841558292769792,0.224574,0.931521,2.513494,0.709589,0.027824,0.011174,-0.703977
1640841558293910016,0.226014,0.932142,2.513206,0.709738,0.027917,0.011132,-0.703824
1640841558297679872,0.230773,0.934189,2.512253,0.710226,0.028214,0.011002,-0.703323
1640841558299330048,0.232855,0.935083,2.511837,0.710437,0.028340,0.010953,-0.703104
1640841558302589952,0.236965,0.936845,2.511014,0.710853,0.028582,0.010872,-0.702675
1640841558304489728,0.239359,0.937870,2.510535,0.711096,0.028719,0.010833,-0.702425
1640841558308120064,0.243931,0.939823,2.509620,0.711562,0.028973,0.010778,-0.701943
1640841558308989952,0.245026,0.940289,2.509401,0.711674,0.029033,0.010768,-0.701827
1640841558312779776,0.249794,0.942319,2.508448,0.712169,0.029285,0.010739,-0.701315
1640841558314089984,0.251441,0.943019,2.508118,0.712341,0.029370,0.010734,-0.701137
1640841558317910016,0.256241,0.945054,2.507159,0.712841,0.029612,0.010733,-0.700618
1640841558319889920,0.258727,0.946105,2.506662,0.713099,0.029733,0.010740,-0.700350
1640841558322639872,0.262178,0.947562,2.505972,0.713455,0.029900,0.010756,-0.699980
1640841558323959808,0.263834,0.948260,2.505641,0.713624,0.029980,0.010765,-0.699804
1640841558327649792,0.268460,0.950206,2.504717,0.714095,0.030207,0.010790,-0.699314
1640841558329370112,0.270615,0.951111,2.504287,0.714313,0.030315,0.010799,-0.699086
1640841558332759808,0.274859,0.952888,2.503440,0.714740,0.030537,0.010812,-0.698640
1640841558334339840,0.276836,0.953714,2.503045,0.714937,0.030643,0.010817,-0.698433
1640841558337609984,0.280925,0.955420,2.502229,0.715343,0.030872,0.010825,-0.698007
1640841558340069888,0.283999,0.956698,2.501616,0.715646,0.031051,0.010831,-0.697688
1640841558342690048,0.287271,0.958056,2.500964,0.715968,0.031248,0.010836,-0.697349
1640841558343940096,0.288831,0.958703,2.500653,0.716121,0.031344,0.010836,-0.697188
1640841558348579840,0.294618,0.961094,2.499499,0.716693,0.031715,0.010821,-0.696583
1640841558349560064,0.295839,0.961597,2.499256,0.716815,0.031796,0.010814,-0.696454
1640841558352809984,0.299887,0.963262,2.498449,0.717219,0.032069,0.010784,-0.696026
1640841558355719936,0.303509,0.964747,2.497728,0.717579,0.032316,0.010760,-0.695644
1640841558357619968,0.305872,0.965714,2.497257,0.717811,0.032478,0.010750,-0.695397
1640841558358939904,0.307513,0.966384,2.496930,0.717970,0.032589,0.010748,-0.695228
1640841558362860032,0.312384,0.968368,2.495961,0.718435,0.032914,0.010767,-0.694731
1640841558364280064,0.314147,0.969084,2.495610,0.718604,0.033026,0.010781,-0.694551
1640841558367640064,0.318316,0.970774,2.494780,0.719009,0.033275,0.010828,-0.694119
1640841558369639936,0.320795,0.971776,2.494287,0.719258,0.033409,0.010864,-0.693854
1640841558372859904,0.324785,0.973384,2.493493,0.719668,0.033604,0.010932,-0.693418
1640841558374299904,0.326568,0.974101,2.493139,0.719854,0.033687,0.010969,-0.693221
1640841558378000128,0.331147,0.975937,2.492228,0.720329,0.033897,0.011084,-0.692716
1640841558379229952,0.332668,0.976545,2.491926,0.720484,0.033969,0.011130,-0.692550
1640841558382680064,0.336931,0.978245,2.491078,0.720910,0.034180,0.011275,-0.692093
1640841558384019968,0.338586,0.978904,2.490749,0.721074,0.034264,0.011335,-0.691918
1640841558388209920,0.343757,0.980954,2.489721,0.721579,0.034533,0.011524,-0.691374
1640841558389639936,0.345520,0.981651,2.489370,0.721751,0.034625,0.011585,-0.691189
1640841558392740096,0.349340,0.983157,2.488610,0.722123,0.034826,0.011707,-0.690789
1640841558394150144,0.351077,0.983840,2.488265,0.722290,0.034921,0.011761,-0.690608
1640841558397670144,0.355409,0.985539,2.487404,0.722701,0.035174,0.011897,-0.690163
1640841558399020032,0.357070,0.986188,2.487074,0.722854,0.035279,0.011952,-0.689996
1640841558403120128,0.362109,0.988151,2.486071,0.723307,0.035629,0.012132,-0.689500
1640841558404320000,0.363583,0.988723,2.485778,0.723438,0.035738,0.012186,-0.689356
1640841558407840000,0.367903,0.990397,2.484919,0.723823,0.036069,0.012337,-0.688932
1640841558409440000,0.369865,0.991154,2.484528,0.724002,0.036221,0.012400,-0.688735
1640841558412649984,0.373799,0.992668,2.483745,0.724366,0.036529,0.012513,-0.688334
1640841558413939968,0.375380,0.993275,2.483431,0.724512,0.036652,0.012556,-0.688172
1640841558417680128,0.379958,0.995026,2.482520,0.724929,0.037005,0.012676,-0.687712
1640841558420529920,0.383443,0.996354,2.481825,0.725233,0.037268,0.012773,-0.687376
1640841558422619904,0.385997,0.997324,2.481317,0.725450,0.037453,0.012851,-0.687135
1640841558424130048,0.387842,0.998023,2.480949,0.725607,0.037581,0.012912,-0.686961
1640841558427689984,0.392188,0.999664,2.480083,0.725982,0.037854,0.013081,-0.686547
1640841558428979968,0.393761,1.000256,2.479769,0.726122,0.037941,0.013152,-0.686392
1640841558432679936,0.398271,1.001947,2.478870,0.726539,0.038158,0.013385,-0.685935
1640841558434029824,0.399916,1.002562,2.478542,0.726693,0.038230,0.013477,-0.685765
1640841558438119936,0.404894,1.004416,2.477548,0.727154,0.038454,0.013760,-0.685258
1640841558439869952,0.407023,1.005205,2.477122,0.727344,0.038559,0.013879,-0.685048
1640841558445109760,0.413390,1.007555,2.475850,0.727894,0.038894,0.014233,-0.684438
1640841558446119936,0.414616,1.008006,2.475604,0.727999,0.038958,0.014305,-0.684321
1640841558447619840,0.416437,1.008673,2.475240,0.728155,0.039048,0.014415,-0.684148
1640841558451069952,0.420621,1.010202,2.474403,0.728519,0.039233,0.014689,-0.683743
1640841558452760064,0.422669,1.010948,2.473992,0.728700,0.039312,0.014834,-0.683543
1640841558454690048,0.425007,1.011796,2.473524,0.728908,0.039395,0.015006,-0.683313
1640841558457749760,0.428711,1.013136,2.472781,0.729236,0.039516,0.015290,-0.682949
1640841558459200000,0.430465,1.013768,2.472429,0.729390,0.039570,0.015426,-0.682779
1640841558462689792,0.434684,1.015283,2.471582,0.729756,0.039699,0.015752,-0.682372
1640841558464150016,0.436448,1.015914,2.471227,0.729908,0.039754,0.015883,-0.682204
1640841558467969792,0.441059,1.017557,2.470300,0.730300,0.039903,0.016200,-0.681768
1640841558469139712,0.442470,1.018058,2.470016,0.730419,0.039952,0.016286,-0.681635
1640841558476049920,0.450796,1.020994,2.468337,0.731114,0.040273,0.016683,-0.680861
1640841558477190144,0.452168,1.021475,2.468060,0.731228,0.040326,0.016743,-0.680734
1640841558477700096,0.452782,1.021689,2.467936,0.731280,0.040349,0.016772,-0.680676
1640841558479019776,0.454370,1.022244,2.467615,0.731413,0.040405,0.016849,-0.680528
1640841558482619904,0.458697,1.023750,2.466740,0.731780,0.040545,0.017091,-0.680119
1640841558483929856,0.460271,1.024295,2.466422,0.731914,0.040593,0.017188,-0.679969
1640841558487740160,0.464845,1.025872,2.465495,0.732306,0.040729,0.017493,-0.679532
1640841558489359872,0.466788,1.026539,2.465101,0.732473,0.040788,0.017631,-0.679345
1640841558492739840,0.470839,1.027924,2.464278,0.732820,0.040924,0.017928,-0.678954
1640841558493929984,0.472264,1.028410,2.463988,0.732942,0.040976,0.018034,-0.678817
1640841558497649920,0.476717,1.029919,2.463082,0.733322,0.041148,0.018360,-0.678386
1640841558498929920,0.478248,1.030436,2.462770,0.733454,0.041196,0.018463,-0.678238
1640841558502619904,0.482659,1.031918,2.461870,0.733838,0.041283,0.018722,-0.677810
1640841558503949824,0.484248,1.032449,2.461546,0.733978,0.041301,0.018807,-0.677656
1640841558510829824,0.492456,1.035173,2.459866,0.734697,0.041401,0.019249,-0.676857
1640841558511589888,0.493362,1.035471,2.459680,0.734776,0.041416,0.019302,-0.676769
1640841558512919808,0.494946,1.035992,2.459355,0.734915,0.041443,0.019397,-0.676614
1640841558514040064,0.496280,1.036430,2.459081,0.735032,0.041466,0.019480,-0.676483
1640841558517649920,0.500577,1.037832,2.458198,0.735412,0.041528,0.019765,-0.676057
1640841558519219968,0.502444,1.038438,2.457813,0.735581,0.041545,0.019898,-0.675869
1640841558523109888,0.507067,1.039931,2.456860,0.736008,0.041545,0.020247,-0.675394
1640841558523969792,0.508088,1.040260,2.456649,0.736103,0.041540,0.020327,-0.675288
1640841558527609856,0.512409,1.041642,2.455756,0.736505,0.041527,0.020656,-0.674840
1640841558529049856,0.514116,1.042185,2.455403,0.736661,0.041535,0.020777,-0.674666
1640841558532640000,0.518371,1.043531,2.454520,0.737042,0.041587,0.021060,-0.674238
1640841558533959936,0.519934,1.044024,2.454196,0.737179,0.041616,0.021159,-0.674082
1640841558537689856,0.524349,1.045406,2.453277,0.737567,0.041708,0.021432,-0.673644
1640841558541629952,0.529007,1.046851,2.452306,0.737976,0.041811,0.021719,-0.673180
1640841558542860032,0.530460,1.047300,2.452003,0.738104,0.041844,0.021807,-0.673035
1640841558543939840,0.531736,1.047692,2.451736,0.738216,0.041875,0.021882,-0.672908
1640841558547669760,0.536138,1.049039,2.450815,0.738603,0.041996,0.022119,-0.672468
1640841558548950016,0.537648,1.049499,2.450498,0.738735,0.042044,0.022189,-0.672317
1640841558553329920,0.542810,1.051059,2.449414,0.739184,0.042236,0.022393,-0.671804
1640841558554429952,0.544105,1.051447,2.449142,0.739296,0.042287,0.022442,-0.671676
1640841558557779968,0.548048,1.052625,2.448311,0.739635,0.042443,0.022597,-0.671288
1640841558559020032,0.549507,1.053058,2.448003,0.739760,0.042498,0.022661,-0.671145
1640841558562649856,0.553774,1.054316,2.447101,0.740124,0.042650,0.022870,-0.670727
1640841558563959808,0.555313,1.054767,2.446776,0.740257,0.042700,0.022951,-0.670574
1640841558567689984,0.559692,1.056043,2.445847,0.740641,0.042827,0.023190,-0.670134
1640841558570429952,0.562906,1.056971,2.445164,0.740931,0.042905,0.023368,-0.669801
1640841558572939776,0.565848,1.057814,2.444537,0.741201,0.042969,0.023533,-0.669493
1640841558573939968,0.567020,1.058149,2.444288,0.741309,0.042993,0.023599,-0.669369
1640841558577750016,0.571482,1.059413,2.443335,0.741714,0.043091,0.023854,-0.668905
1640841558579030016,0.572980,1.059835,2.443014,0.741847,0.043127,0.023942,-0.668752
1640841558582690048,0.577260,1.061031,2.442097,0.742218,0.043241,0.024198,-0.668324
1640841558584679936,0.579586,1.061676,2.441598,0.742416,0.043309,0.024342,-0.668095
1640841558587780096,0.583207,1.062673,2.440819,0.742722,0.043420,0.024573,-0.667738
1640841558589259776,0.584935,1.063145,2.440447,0.742869,0.043474,0.024687,-0.667567
1640841558592649984,0.588891,1.064218,2.439593,0.743207,0.043599,0.024957,-0.667173
1640841558594009856,0.590477,1.064645,2.439250,0.743343,0.043649,0.025070,-0.667014
1640841558597629952,0.594696,1.065773,2.438336,0.743708,0.043777,0.025384,-0.666586
1640841558598979840,0.596269,1.066190,2.437995,0.743845,0.043821,0.025507,-0.666426
1640841558604440064,0.602625,1.067858,2.436613,0.744401,0.043994,0.026019,-0.665774
1640841558606230016,0.604707,1.068398,2.436159,0.744581,0.044058,0.026177,-0.665562
1640841558607749888,0.606474,1.068854,2.435773,0.744733,0.044119,0.026300,-0.665383
1640841558610319872,0.609461,1.069619,2.435119,0.744985,0.044239,0.026483,-0.665086
1640841558612669952,0.612191,1.070312,2.434521,0.745210,0.044360,0.026633,-0.664819
1640841558613959936,0.613689,1.070690,2.434193,0.745333,0.044427,0.026711,-0.664674
1640841558617699840,0.618030,1.071777,2.433238,0.745684,0.044612,0.026947,-0.664258
1640841558619139840,0.619701,1.072191,2.432870,0.745818,0.044674,0.027047,-0.664099
1640841558622729984,0.623864,1.073214,2.431952,0.746153,0.044799,0.027328,-0.663703
1640841558623929856,0.625255,1.073553,2.431644,0.746265,0.044835,0.027429,-0.663571
1640841558627679744,0.629599,1.074602,2.430682,0.746621,0.044930,0.027759,-0.663150
1640841558629009920,0.631140,1.074971,2.430340,0.746750,0.044961,0.027878,-0.662998
1640841558632769792,0.635492,1.076002,2.429372,0.747120,0.045042,0.028218,-0.662561
1640841558635419904,0.638558,1.076720,2.428689,0.747383,0.045092,0.028460,-0.662250
1640841558638219776,0.641796,1.077470,2.427965,0.747661,0.045138,0.028717,-0.661922
1640841558642079744,0.646257,1.078489,2.426966,0.748039,0.045187,0.029074,-0.661476
1640841558643529984,0.647933,1.078868,2.426589,0.748180,0.045203,0.029209,-0.661310
1640841558643909888,0.648372,1.078967,2.426491,0.748216,0.045207,0.029245,-0.661266
1640841558647680000,0.652726,1.079940,2.425511,0.748578,0.045248,0.029609,-0.660838
1640841558649430016,0.654746,1.080386,2.425055,0.748745,0.045269,0.029784,-0.660640
1640841558653059840,0.658935,1.081301,2.424108,0.749089,0.045325,0.030165,-0.660228
1640841558653959936,0.659973,1.081525,2.423872,0.749174,0.045343,0.030264,-0.660126
1640841558658109952,0.664759,1.082549,2.422786,0.749570,0.045441,0.030718,-0.659648
1640841558660649984,0.667688,1.083166,2.422119,0.749818,0.045518,0.030983,-0.659350
1640841558662649856,0.669993,1.083647,2.421593,0.750014,0.045584,0.031183,-0.659113
1640841558663970048,0.671514,1.083962,2.421246,0.750143,0.045629,0.031311,-0.658956
1640841558668320000,0.676525,1.084986,2.420098,0.750558,0.045780,0.031714,-0.658454
1640841558669090048,0.677412,1.085165,2.419894,0.750629,0.045805,0.031783,-0.658368
1640841558673479936,0.682467,1.086173,2.418731,0.751022,0.045943,0.032174,-0.657890
1640841558674789888,0.683975,1.086470,2.418383,0.751138,0.045982,0.032292,-0.657750
1640841558678769920,0.688555,1.087360,2.417323,0.751492,0.046097,0.032665,-0.657318
1640841558679559936,0.689465,1.087534,2.417113,0.751564,0.046120,0.032743,-0.657231
1640841558682739968,0.693123,1.088230,2.416263,0.751857,0.046210,0.033066,-0.656873
1640841558685240064,0.695999,1.088769,2.415593,0.752090,0.046283,0.033329,-0.656588
1640841558687699968,0.698829,1.089292,2.414933,0.752318,0.046360,0.033590,-0.656308
1640841558689019904,0.700347,1.089570,2.414578,0.752440,0.046403,0.033730,-0.656158
1640841558693590016,0.705602,1.090517,2.413345,0.752858,0.046559,0.034210,-0.655642
1640841558694200064,0.706303,1.090642,2.413180,0.752914,0.046579,0.034274,-0.655573
1640841558698099968,0.710787,1.091430,2.412124,0.753272,0.046700,0.034680,-0.655132
1640841558699379968,0.712258,1.091684,2.411776,0.753391,0.046734,0.034813,-0.654986
1640841558702819840,0.716213,1.092360,2.410840,0.753712,0.046814,0.035169,-0.654591
1640841558704029952,0.717604,1.092594,2.410509,0.753826,0.046839,0.035296,-0.654452
1640841558708119808,0.722305,1.093375,2.409390,0.754207,0.046927,0.035734,-0.653982
1640841558710279936,0.724788,1.093779,2.408797,0.754406,0.046981,0.035975,-0.653735
1640841558713529856,0.728523,1.094378,2.407902,0.754700,0.047074,0.036353,-0.653368
1640841558714309888,0.729420,1.094520,2.407687,0.754770,0.047097,0.036445,-0.653281
1640841558717710080,0.733328,1.095132,2.406747,0.755076,0.047193,0.036854,-0.652897
1640841558719109888,0.734938,1.095380,2.406358,0.755203,0.047226,0.037023,-0.652738
1640841558722779904,0.739157,1.096019,2.405338,0.755542,0.047285,0.037462,-0.652317
1640841558723959808,0.740514,1.096222,2.405009,0.755652,0.047299,0.037601,-0.652180
1640841558728930048,0.746229,1.097057,2.403617,0.756111,0.047371,0.038169,-0.651610
1640841558729609984,0.747011,1.097170,2.403427,0.756172,0.047386,0.038244,-0.651533
1640841558735759872,0.754084,1.098161,2.401692,0.756710,0.047584,0.038895,-0.650856
1640841558736300032,0.754706,1.098247,2.401539,0.756757,0.047603,0.038951,-0.650797
1640841558737740032,0.756363,1.098472,2.401131,0.756881,0.047651,0.039102,-0.650639
1640841558739059968,0.757881,1.098676,2.400756,0.756996,0.047690,0.039241,-0.650494
1640841558743589888,0.763095,1.099364,2.399465,0.757401,0.047778,0.039734,-0.649986
1640841558744669952,0.764338,1.099524,2.399156,0.757500,0.047790,0.039854,-0.649863
1640841558747889920,0.768045,1.099996,2.398232,0.757798,0.047812,0.040215,-0.649492
1640841558749169920,0.769519,1.100180,2.397864,0.757917,0.047818,0.040359,-0.649343
1640841558752699904,0.773585,1.100678,2.396845,0.758251,0.047824,0.040759,-0.648928
1640841558753939968,0.775014,1.100850,2.396486,0.758369,0.047821,0.040902,-0.648780
1640841558757689856,0.779335,1.101360,2.395397,0.758732,0.047788,0.041349,-0.648330
1640841558759059968,0.780915,1.101542,2.394997,0.758866,0.047765,0.041519,-0.648164
1640841558762759936,0.785181,1.102024,2.393915,0.759233,0.047664,0.042003,-0.647710
1640841558764070144,0.786692,1.102191,2.393530,0.759365,0.047617,0.042181,-0.647548
1640841558767689984,0.790868,1.102644,2.392464,0.759731,0.047472,0.042685,-0.647096
1640841558769100032,0.792496,1.102816,2.392047,0.759875,0.047413,0.042883,-0.646919
1640841558775300096,0.799655,1.103548,2.390204,0.760511,0.047168,0.043741,-0.646131
1640841558775729920,0.800151,1.103597,2.390075,0.760555,0.047154,0.043799,-0.646076
1640841558777939968,0.802705,1.103847,2.389414,0.760783,0.047081,0.044095,-0.645793
1640841558778959872,0.803884,1.103961,2.389108,0.760888,0.047046,0.044232,-0.645662
1640841558782729984,0.808242,1.104370,2.387973,0.761277,0.046884,0.044756,-0.645179
1640841558784080128,0.809803,1.104514,2.387565,0.761416,0.046813,0.044950,-0.645006
1640841558787729920,0.814026,1.104890,2.386457,0.761792,0.046616,0.045468,-0.644540
1640841558789100032,0.815612,1.105028,2.386040,0.761933,0.046548,0.045652,-0.644366
1640841558792859904,0.819966,1.105396,2.384891,0.762320,0.046385,0.046131,-0.643886
1640841558795480064,0.823001,1.105643,2.384086,0.762593,0.046282,0.046445,-0.643547
1640841558797809920,0.825701,1.105857,2.383367,0.762840,0.046192,0.046717,-0.643241
1640841558799919872,0.828148,1.106046,2.382714,0.763069,0.046108,0.046961,-0.642958
1640841558803119872,0.831859,1.106322,2.381720,0.763424,0.045968,0.047329,-0.642520
1640841558804019968,0.832904,1.106398,2.381439,0.763524,0.045925,0.047433,-0.642395
1640841558809579776,0.839359,1.106848,2.379697,0.764150,0.045610,0.048089,-0.641624
1640841558810669824,0.840625,1.106932,2.379354,0.764273,0.045537,0.048221,-0.641473
1640841558812939776,0.843263,1.107103,2.378637,0.764529,0.045376,0.048497,-0.641159
1640841558814529792,0.845111,1.107220,2.378133,0.764710,0.045257,0.048689,-0.640937
1640841558817779968,0.848891,1.107450,2.377099,0.765086,0.045003,0.049075,-0.640477
1640841558818980096,0.850287,1.107532,2.376716,0.765227,0.044906,0.049213,-0.640304
1640841558822959872,0.854919,1.107793,2.375441,0.765707,0.044578,0.049659,-0.639719
1640841558825409792,0.857773,1.107946,2.374652,0.766007,0.044371,0.049928,-0.639352
1640841558827620096,0.860348,1.108078,2.373937,0.766279,0.044182,0.050169,-0.639020
1640841558829019904,0.861980,1.108159,2.373483,0.766452,0.044061,0.050324,-0.638810
1640841558832630016,0.866190,1.108357,2.372308,0.766895,0.043744,0.050728,-0.638268
1640841558834050048,0.867846,1.108432,2.371844,0.767069,0.043617,0.050890,-0.638054
1640841558837669888,0.872072,1.108612,2.370656,0.767519,0.043290,0.051312,-0.637501
1640841558841879808,0.876990,1.108803,2.369265,0.768056,0.042901,0.051819,-0.636840
1640841558843190016,0.878521,1.108859,2.368830,0.768225,0.042780,0.051980,-0.636630
1640841558844579840,0.880146,1.108916,2.368368,0.768406,0.042652,0.052152,-0.636406
1640841558847589888,0.883666,1.109033,2.367364,0.768798,0.042380,0.052526,-0.635920
1640841558849069824,0.885398,1.109086,2.366869,0.768990,0.042252,0.052710,-0.635681
1640841558852739840,0.889695,1.109209,2.365635,0.769461,0.041950,0.053160,-0.635094
1640841558853969920,0.891135,1.109247,2.365219,0.769618,0.041854,0.053306,-0.634898
1640841558858089984,0.895964,1.109363,2.363823,0.770141,0.041547,0.053766,-0.634244
1640841558860280064,0.898532,1.109417,2.363076,0.770419,0.041392,0.053985,-0.633898
1640841558862829824,0.901523,1.109474,2.362204,0.770744,0.041218,0.054215,-0.633494
1640841558863960064,0.902849,1.109496,2.361817,0.770889,0.041142,0.054312,-0.633315
1640841558867810048,0.907370,1.109564,2.360491,0.771382,0.040881,0.054655,-0.632701
1640841558869040128,0.908815,1.109582,2.360066,0.771540,0.040795,0.054776,-0.632504
1640841558872910080,0.913364,1.109629,2.358723,0.772040,0.040516,0.055209,-0.631874
1640841558879180032,0.920741,1.109670,2.356529,0.772859,0.040077,0.055924,-0.630838
1640841558879579904,0.921212,1.109672,2.356388,0.772911,0.040052,0.055964,-0.630771
1640841558880039936,0.921754,1.109673,2.356226,0.772972,0.040022,0.056008,-0.630694
1640841558882659840,0.924840,1.109675,2.355302,0.773320,0.039864,0.056238,-0.630257
1640841558883960064,0.926372,1.109674,2.354842,0.773494,0.039789,0.056338,-0.630040
1640841558887650048,0.930722,1.109660,2.353531,0.773988,0.039582,0.056588,-0.629423
1640841558889920000,0.933400,1.109644,2.352721,0.774292,0.039455,0.056722,-0.629045
1640841558893009920,0.937047,1.109614,2.351614,0.774706,0.039279,0.056895,-0.628530
1640841558894259968,0.938523,1.109599,2.351165,0.774874,0.039207,0.056967,-0.628321
1640841558897689856,0.942575,1.109549,2.349928,0.775336,0.039011,0.057185,-0.627744
1640841558899030016,0.944159,1.109526,2.349442,0.775517,0.038936,0.057284,-0.627516
1640841558902659840,0.948452,1.109454,2.348123,0.776011,0.038737,0.057599,-0.626888
1640841558904059904,0.950109,1.109423,2.347613,0.776202,0.038665,0.057733,-0.626644
1640841558911170048,0.958529,1.109231,2.345002,0.777164,0.038367,0.058357,-0.625410
1640841558912139776,0.959679,1.109201,2.344644,0.777293,0.038339,0.058418,-0.625246
1640841558912619776,0.960248,1.109186,2.344467,0.777357,0.038326,0.058445,-0.625165
1640841558913969920,0.961849,1.109141,2.343967,0.777535,0.038293,0.058513,-0.624939
1640841558917760000,0.966345,1.109006,2.342559,0.778034,0.038209,0.058647,-0.624311
1640841558919279872,0.968149,1.108948,2.341992,0.778235,0.038173,0.058684,-0.624059
1640841558922960128,0.972520,1.108796,2.340614,0.778726,0.038060,0.058759,-0.623446
1640841558924209920,0.974005,1.108742,2.340144,0.778895,0.038009,0.058784,-0.623235
1640841558927749888,0.978214,1.108578,2.338809,0.779386,0.037816,0.058874,-0.622624
1640841558929730048,0.980570,1.108481,2.338060,0.779661,0.037711,0.058929,-0.622282
1640841558932729856,0.984140,1.108326,2.336920,0.780062,0.037617,0.058995,-0.621778
1640841558933989888,0.985641,1.108258,2.336440,0.780227,0.037596,0.059015,-0.621570
1640841558937909760,0.990311,1.108036,2.334941,0.780735,0.037569,0.059052,-0.620930
1640841558939639808,0.992374,1.107932,2.334276,0.780960,0.037563,0.059054,-0.620648
1640841558943769856,0.997301,1.107674,2.332684,0.781504,0.037527,0.059023,-0.619968
1640841558944630016,0.998327,1.107618,2.332351,0.781618,0.037515,0.059011,-0.619825
1640841558947699968,1.001993,1.107411,2.331160,0.782028,0.037456,0.058951,-0.619318
1640841558949080064,1.003642,1.107315,2.330623,0.782212,0.037422,0.058917,-0.619091
1640841558952709888,1.007980,1.107053,2.329206,0.782693,0.037312,0.058813,-0.618498
1640841558954279936,1.009858,1.106936,2.328591,0.782902,0.037258,0.058767,-0.618241
1640841558957690112,1.013939,1.106672,2.327250,0.783362,0.037134,0.058678,-0.617674
1640841558959219968,1.015770,1.106549,2.326646,0.783573,0.037077,0.058647,-0.617413
1640841558962729984,1.019975,1.106260,2.325257,0.784063,0.036946,0.058587,-0.616805
1640841558964039936,1.021545,1.106148,2.324737,0.784246,0.036897,0.058565,-0.616577
1640841558967639808,1.025862,1.105833,2.323302,0.784745,0.036764,0.058481,-0.615958
1640841558969189888,1.027721,1.105694,2.322683,0.784956,0.036708,0.058431,-0.615697
1640841558973449984,1.032835,1.105297,2.320973,0.785527,0.036558,0.058257,-0.614993
1640841558974030080,1.033532,1.105241,2.320740,0.785604,0.036538,0.058231,-0.614898
1640841558978019840,1.038327,1.104851,2.319129,0.786138,0.036405,0.058051,-0.614241
1640841558979109888,1.039638,1.104741,2.318687,0.786286,0.036371,0.058004,-0.614058
1640841558982739968,1.044004,1.104367,2.317212,0.786783,0.036262,0.057862,-0.613441
1640841558983949824,1.045460,1.104240,2.316719,0.786950,0.036230,0.057817,-0.613233
1640841558988160000,1.050530,1.103785,2.314996,0.787525,0.036145,0.057653,-0.612515
1640841558988979712,1.051518,1.103694,2.314660,0.787635,0.036134,0.057617,-0.612377
1640841558992930048,1.056279,1.103247,2.313034,0.788155,0.036109,0.057417,-0.611729
1640841558994020096,1.057594,1.103121,2.312584,0.788296,0.036107,0.057351,-0.611553
1640841558997730048,1.062071,1.102683,2.311047,0.788776,0.036108,0.057086,-0.610958
1640841558999040000,1.063652,1.102525,2.310503,0.788946,0.036108,0.056975,-0.610749
1640841559003029760,1.068471,1.102033,2.308840,0.789467,0.036103,0.056587,-0.610112
1640841559004509952,1.070260,1.101847,2.308220,0.789661,0.036102,0.056432,-0.609875
1640841559007830016,1.074274,1.101421,2.306827,0.790093,0.036104,0.056080,-0.609348
1640841559009059840,1.075762,1.101260,2.306310,0.790252,0.036107,0.055952,-0.609154
1640841559013120000,1.080676,1.100718,2.304596,0.790771,0.036129,0.055548,-0.608515
1640841559015290112,1.083304,1.100422,2.303676,0.791047,0.036144,0.055341,-0.608173
1640841559017849856,1.086406,1.100067,2.302589,0.791375,0.036160,0.055103,-0.607768
1640841559019719936,1.088672,1.099803,2.301792,0.791615,0.036168,0.054932,-0.607470
1640841559022660096,1.092237,1.099382,2.300535,0.791997,0.036173,0.054666,-0.606995
1640841559024000000,1.093863,1.099187,2.299961,0.792173,0.036170,0.054545,-0.606778
1640841559027739904,1.098402,1.098633,2.298354,0.792662,0.036149,0.054209,-0.606169
1640841559030839808,1.102167,1.098164,2.297016,0.793065,0.036114,0.053931,-0.605670
1640841559034040064,1.106055,1.097670,2.295630,0.793476,0.036070,0.053649,-0.605158
1640841559034889984,1.107089,1.097537,2.295261,0.793585,0.036059,0.053576,-0.605022
1640841559037829888,1.110664,1.097071,2.293982,0.793963,0.036033,0.053331,-0.604550
1640841559038990080,1.112075,1.096885,2.293476,0.794112,0.036029,0.053239,-0.604362
1640841559043219968,1.117223,1.096196,2.291624,0.794659,0.036041,0.052923,-0.603670
1640841559044000000,1.118172,1.096067,2.291282,0.794759,0.036045,0.052868,-0.603542
1640841559047629824,1.122593,1.095459,2.289685,0.795228,0.036061,0.052621,-0.602946
1640841559049059840,1.124336,1.095215,2.289054,0.795411,0.036061,0.052527,-0.602712
1640841559053220096,1.129407,1.094497,2.287212,0.795941,0.036037,0.052252,-0.602038
1640841559054939904,1.131505,1.094195,2.286448,0.796157,0.036021,0.052133,-0.601763
1640841559057689856,1.134860,1.093706,2.285223,0.796498,0.035993,0.051928,-0.601330
1640841559059249920,1.136764,1.093426,2.284527,0.796690,0.035978,0.051802,-0.601088
1640841559062700032,1.140976,1.092797,2.282982,0.797108,0.035956,0.051503,-0.600561
1640841559066979840,1.146204,1.092002,2.281058,0.797619,0.035968,0.051130,-0.599913
1640841559067689984,1.147072,1.091868,2.280738,0.797703,0.035977,0.051072,-0.599806
1640841559069659904,1.149480,1.091495,2.279848,0.797937,0.036011,0.050918,-0.599506
1640841559074449920,1.155337,1.090572,2.277677,0.798503,0.036140,0.050583,-0.598773
1640841559078349824,1.160109,1.089804,2.275901,0.798965,0.036234,0.050298,-0.598175
1640841559079350016,1.161333,1.089605,2.275444,0.799083,0.036249,0.050217,-0.598022
1640841559080499968,1.162740,1.089375,2.274919,0.799220,0.036262,0.050119,-0.597846
1640841559083079936,1.165899,1.088855,2.273737,0.799528,0.036280,0.049887,-0.597453
1640841559084100096,1.167148,1.088647,2.273269,0.799650,0.036284,0.049792,-0.597298
1640841559087689984,1.171546,1.087909,2.271617,0.800076,0.036307,0.049451,-0.596753
1640841559088960000,1.173102,1.087645,2.271031,0.800227,0.036322,0.049332,-0.596560
1640841559093109760,1.178189,1.086772,2.269111,0.800715,0.036408,0.048957,-0.595931
1640841559094579968,1.179991,1.086459,2.268429,0.800886,0.036446,0.048830,-0.595709
1640841559097679872,1.183793,1.085793,2.266987,0.801242,0.036527,0.048570,-0.595246
1640841559099639808,1.186197,1.085367,2.266073,0.801465,0.036571,0.048411,-0.594956
1640841559102749952,1.190013,1.084684,2.264619,0.801816,0.036634,0.048166,-0.594499
1640841559104069888,1.191634,1.084392,2.264000,0.801965,0.036660,0.048063,-0.594304
1640841559107800064,1.196213,1.083557,2.262247,0.802390,0.036741,0.047773,-0.593750
1640841559109050112,1.197747,1.083275,2.261659,0.802534,0.036774,0.047675,-0.593560
1640841559112740096,1.202279,1.082433,2.259916,0.802964,0.036885,0.047378,-0.592995
1640841559114149888,1.204011,1.082108,2.259248,0.803128,0.036933,0.047260,-0.592779
1640841559117750016,1.208434,1.081270,2.257539,0.803541,0.037059,0.046941,-0.592238
1640841559119010048,1.209983,1.080975,2.256940,0.803681,0.037104,0.046822,-0.592053
1640841559122639872,1.214444,1.080115,2.255208,0.804078,0.037233,0.046458,-0.591536
1640841559123970048,1.216079,1.079797,2.254572,0.804221,0.037281,0.046318,-0.591348
1640841559127699968,1.220665,1.078897,2.252785,0.804625,0.037419,0.045909,-0.590822
1640841559129120000,1.222411,1.078552,2.252102,0.804782,0.037473,0.045748,-0.590618
1640841559132570112,1.226655,1.077705,2.250440,0.805171,0.037607,0.045350,-0.590110
1640841559134009856,1.228426,1.077349,2.249745,0.805336,0.037664,0.045182,-0.589894
1640841559137819904,1.233113,1.076398,2.247901,0.805774,0.037811,0.044737,-0.589319
1640841559139020032,1.234590,1.076096,2.247318,0.805912,0.037856,0.044598,-0.589138
1640841559143099904,1.239611,1.075060,2.245334,0.806377,0.037998,0.044133,-0.588528
1640841559144579840,1.241432,1.074681,2.244612,0.806545,0.038046,0.043969,-0.588307
1640841559148969984,1.246836,1.073545,2.242465,0.807043,0.038173,0.043505,-0.587649
1640841559149570048,1.247575,1.073389,2.242171,0.807111,0.038188,0.043445,-0.587559
1640841559152679936,1.251403,1.072574,2.240644,0.807469,0.038263,0.043144,-0.587085
1640841559153979904,1.253004,1.072231,2.240004,0.807619,0.038293,0.043023,-0.586886
1640841559157709824,1.257597,1.071239,2.238165,0.808047,0.038389,0.042673,-0.586315
1640841559159249920,1.259493,1.070827,2.237403,0.808223,0.038437,0.042523,-0.586081
1640841559162950144,1.264050,1.069828,2.235570,0.808639,0.038572,0.042148,-0.585524
1640841559164659968,1.266156,1.069362,2.234721,0.808830,0.038641,0.041971,-0.585269
1640841559167630080,1.269814,1.068549,2.233242,0.809160,0.038763,0.041662,-0.584826
1640841559168959744,1.271452,1.068182,2.232579,0.809308,0.038817,0.041525,-0.584628
1640841559172789760,1.276169,1.067120,2.230665,0.809734,0.038963,0.041140,-0.584056
1640841559174049792,1.277721,1.066767,2.230033,0.809874,0.039008,0.041014,-0.583867
1640841559178829824,1.283610,1.065421,2.227632,0.810407,0.039180,0.040518,-0.583150
1640841559180780032,1.286012,1.064867,2.226650,0.810624,0.039253,0.040300,-0.582858
1640841559182739968,1.288426,1.064307,2.225661,0.810842,0.039330,0.040068,-0.582565
1640841559184189952,1.290213,1.063891,2.224928,0.811004,0.039390,0.039889,-0.582349
1640841559187559936,1.294364,1.062918,2.223222,0.811376,0.039537,0.039450,-0.581850
1640841559189039872,1.296187,1.062488,2.222471,0.811539,0.039606,0.039250,-0.581632
1640841559192739840,1.300745,1.061406,2.220589,0.811944,0.039782,0.038733,-0.581089
1640841559194680064,1.303134,1.060835,2.219601,0.812157,0.039871,0.038456,-0.580804
1640841559197609984,1.306743,1.059968,2.218104,0.812482,0.039990,0.038034,-0.580368
1640841559199630080,1.309232,1.059366,2.217070,0.812710,0.040058,0.037743,-0.580064
1640841559202619904,1.312914,1.058471,2.215537,0.813052,0.040141,0.037317,-0.579606
1640841559203980032,1.314589,1.058061,2.214839,0.813209,0.040172,0.037126,-0.579396
1640841559207820032,1.319318,1.056898,2.212862,0.813656,0.040248,0.036605,-0.578796
1640841559209209856,1.321030,1.056475,2.212145,0.813818,0.040273,0.036425,-0.578577
1640841559213149952,1.325881,1.055267,2.210108,0.814280,0.040336,0.035935,-0.577953
1640841559214040064,1.326977,1.054993,2.209647,0.814385,0.040347,0.035826,-0.577811
1640841559217639936,1.331409,1.053878,2.207780,0.814811,0.040381,0.035376,-0.577235
1640841559218999808,1.333083,1.053455,2.207073,0.814973,0.040386,0.035198,-0.577017
1640841559222679808,1.337613,1.052303,2.205157,0.815414,0.040381,0.034690,-0.576425
1640841559224480000,1.339828,1.051737,2.204217,0.815631,0.040372,0.034429,-0.576135
1640841559227729920,1.343828,1.050708,2.202518,0.816020,0.040354,0.033938,-0.575614
1640841559229240064,1.345685,1.050228,2.201727,0.816200,0.040347,0.033702,-0.575373
1640841559232620032,1.349844,1.049148,2.199954,0.816599,0.040341,0.033164,-0.574838
1640841559234020096,1.351566,1.048698,2.199218,0.816763,0.040343,0.032938,-0.574618
1640841559237599744,1.355969,1.047543,2.197333,0.817180,0.040362,0.032363,-0.574057
1640841559239019776,1.357715,1.047083,2.196584,0.817344,0.040376,0.032138,-0.573834
1640841559245129728,1.365226,1.045087,2.193353,0.818050,0.040462,0.031204,-0.572872
1640841559245760000,1.366001,1.044879,2.193019,0.818124,0.040471,0.031109,-0.572772
1640841559248790016,1.369724,1.043880,2.191410,0.818483,0.040501,0.030641,-0.572282
1640841559249270016,1.370314,1.043721,2.191155,0.818540,0.040503,0.030566,-0.572203
1640841559252630016,1.374442,1.042605,2.189367,0.818951,0.040501,0.030023,-0.571645
1640841559253989888,1.376112,1.042151,2.188642,0.819119,0.040493,0.029798,-0.571416
1640841559257689856,1.380656,1.040911,2.186667,0.819580,0.040453,0.029172,-0.570789
1640841559259529728,1.382915,1.040291,2.185683,0.819810,0.040426,0.028856,-0.570477
1640841559262679808,1.386781,1.039225,2.183995,0.820202,0.040377,0.028309,-0.569944
1640841559264259840,1.388720,1.038688,2.183147,0.820399,0.040352,0.028032,-0.569677
1640841559267830016,1.393099,1.037469,2.181229,0.820843,0.040298,0.027402,-0.569071
1640841559269100032,1.394657,1.037034,2.180545,0.821001,0.040282,0.027176,-0.568855
1640841559272719872,1.399096,1.035788,2.178593,0.821454,0.040248,0.026530,-0.568234
1640841559274839808,1.401694,1.035054,2.177448,0.821720,0.040237,0.026150,-0.567867
1640841559278139904,1.405738,1.033907,2.175663,0.822136,0.040226,0.025559,-0.567292
1640841559279650048,1.407587,1.033381,2.174845,0.822326,0.040220,0.025290,-0.567029
1640841559283119872,1.411837,1.032165,2.172962,0.822762,0.040195,0.024677,-0.566425
1640841559284189952,1.413146,1.031789,2.172381,0.822896,0.040182,0.024490,-0.566240
1640841559287699968,1.417442,1.030550,2.170472,0.823332,0.040120,0.023884,-0.565636
1640841559289019904,1.419057,1.030082,2.169753,0.823496,0.040093,0.023654,-0.565409
1640841559293229824,1.424205,1.028584,2.167455,0.824016,0.040028,0.022884,-0.564687
1640841559293979904,1.425122,1.028316,2.167045,0.824109,0.040025,0.022738,-0.564557
1640841559297709824,1.429681,1.026979,2.165005,0.824574,0.040070,0.021941,-0.563906
1640841559299209728,1.431513,1.026439,2.164183,0.824762,0.040097,0.021606,-0.563643
1640841559302639872,1.435702,1.025199,2.162301,0.825189,0.040074,0.020898,-0.563046
1640841559304049920,1.437423,1.024688,2.161526,0.825364,0.040039,0.020624,-0.562802
1640841559308869888,1.443303,1.022932,2.158874,0.825963,0.039881,0.019717,-0.561966
1640841559310400000,1.445169,1.022372,2.158031,0.826154,0.039837,0.019427,-0.561698
1640841559312929792,1.448252,1.021444,2.156635,0.826472,0.039777,0.018942,-0.561252
1640841559314199808,1.449800,1.020976,2.155934,0.826632,0.039748,0.018699,-0.561026
1640841559317659904,1.454014,1.019698,2.154020,0.827069,0.039656,0.018047,-0.560409
1640841559319099904,1.455767,1.019164,2.153223,0.827252,0.039605,0.017785,-0.560151
1640841559323059968,1.460585,1.017691,2.151028,0.827756,0.039411,0.017100,-0.559441
1640841559324009984,1.461740,1.017337,2.150501,0.827877,0.039356,0.016942,-0.559271
1640841559328140032,1.466760,1.015790,2.148206,0.828406,0.039102,0.016269,-0.558525
1640841559329149952,1.467987,1.015410,2.147644,0.828535,0.039040,0.016105,-0.558342
1640841559332579840,1.472151,1.014117,2.145734,0.828976,0.038841,0.015546,-0.557717
1640841559334060032,1.473948,1.013557,2.144909,0.829166,0.038759,0.015302,-0.557448
1640841559337939968,1.478653,1.012085,2.142744,0.829655,0.038559,0.014649,-0.556750
1640841559340499968,1.481755,1.011109,2.141313,0.829971,0.038438,0.014205,-0.556299
1640841559342720000,1.484444,1.010260,2.140071,0.830241,0.038338,0.013814,-0.555913
1640841559344079872,1.486091,1.009739,2.139309,0.830406,0.038277,0.013575,-0.555676
1640841559347659776,1.490422,1.008363,2.137303,0.830845,0.038115,0.012961,-0.555046
1640841559349429760,1.492562,1.007681,2.136310,0.831066,0.038030,0.012669,-0.554727
1640841559352640000,1.496441,1.006439,2.134508,0.831473,0.037877,0.012152,-0.554139
1640841559354209792,1.498336,1.005830,2.133625,0.831673,0.037805,0.011897,-0.553849
1640841559357839872,1.502716,1.004418,2.131583,0.832131,0.037664,0.011280,-0.553184
1640841559359010048,1.504127,1.003961,2.130924,0.832275,0.037629,0.011068,-0.552973
1640841559362700032,1.508574,1.002517,2.128845,0.832717,0.037557,0.010341,-0.552326
1640841559364110080,1.510272,1.001964,2.128049,0.832882,0.037536,0.010051,-0.552084
1640841559367599872,1.514471,1.000591,2.126079,0.833290,0.037449,0.009372,-0.551487
1640841559369519872,1.516779,0.999833,2.124994,0.833519,0.037357,0.009048,-0.551153
1640841559375599872,1.524080,0.997423,2.121554,0.834263,0.036942,0.008205,-0.550067
1640841559377049856,1.525819,0.996846,2.120733,0.834443,0.036842,0.008020,-0.549803
1640841559377569792,1.526442,0.996639,2.120439,0.834508,0.036809,0.007953,-0.549708
1640841559379340032,1.528563,0.995933,2.119435,0.834728,0.036707,0.007720,-0.549384
1640841559382779904,1.532683,0.994557,2.117484,0.835155,0.036559,0.007239,-0.548750
1640841559384029952,1.534178,0.994055,2.116775,0.835310,0.036514,0.007059,-0.548519
1640841559387609856,1.538458,0.992617,2.114742,0.835753,0.036380,0.006539,-0.547860
1640841559389019904,1.540142,0.992048,2.113940,0.835926,0.036316,0.006337,-0.547602
1640841559392799744,1.544653,0.990522,2.111791,0.836389,0.036106,0.005804,-0.546915
1640841559395779840,1.548205,0.989314,2.110095,0.836751,0.035929,0.005383,-0.546376
1640841559397789952,1.550599,0.988498,2.108950,0.836995,0.035820,0.005093,-0.546013
1640841559399020032,1.552063,0.987997,2.108249,0.837144,0.035761,0.004910,-0.545791
1640841559402739968,1.556486,0.986480,2.106129,0.837591,0.035620,0.004342,-0.545118
1640841559403990016,1.557971,0.985970,2.105416,0.837740,0.035584,0.004148,-0.544893
1640841559407739904,1.562421,0.984434,2.103276,0.838180,0.035503,0.003562,-0.544225
1640841559409050112,1.563974,0.983896,2.102528,0.838332,0.035481,0.003359,-0.543994
1640841559413179904,1.568865,0.982197,2.100169,0.838800,0.035428,0.002734,-0.543279
1640841559414180096,1.570048,0.981785,2.099598,0.838912,0.035415,0.002587,-0.543107
1640841559417899776,1.574444,0.980249,2.097471,0.839329,0.035353,0.002054,-0.542469
1640841559420989952,1.578091,0.978969,2.095703,0.839678,0.035273,0.001629,-0.541935
1640841559422609920,1.580001,0.978296,2.094776,0.839862,0.035223,0.001409,-0.541654
1640841559423990016,1.581627,0.977723,2.093986,0.840019,0.035177,0.001221,-0.541414
1640841559427699968,1.585994,0.976179,2.091862,0.840439,0.035052,0.000701,-0.540771
1640841559429149952,1.587698,0.975574,2.091031,0.840602,0.035006,0.000488,-0.540521
1640841559432659968,1.591820,0.974108,2.089020,0.840992,0.034907,-0.000053,-0.539920
1640841559435779840,1.595479,0.972801,2.087231,0.841338,0.034824,-0.000534,-0.539386
1640841559438669824,1.598863,0.971588,2.085574,0.841662,0.034740,-0.000949,-0.538885
1640841559440689920,1.601226,0.970739,2.084415,0.841891,0.034674,-0.001212,-0.538532
1640841559442749952,1.603633,0.969872,2.083233,0.842125,0.034602,-0.001461,-0.538169
1640841559444140032,1.605256,0.969286,2.082435,0.842283,0.034553,-0.001622,-0.537924
1640841559448829952,1.610724,0.967305,2.079743,0.842812,0.034392,-0.002143,-0.537104
1640841559449459968,1.611458,0.967039,2.079382,0.842882,0.034372,-0.002213,-0.536995
1640841559452600064,1.615111,0.965709,2.077579,0.843227,0.034273,-0.002563,-0.536458
1640841559454030080,1.616772,0.965103,2.076757,0.843383,0.034228,-0.002723,-0.536215
1640841559457690112,1.621020,0.963548,2.074655,0.843781,0.034102,-0.003130,-0.535595
1640841559459040000,1.622585,0.962974,2.073880,0.843928,0.034049,-0.003280,-0.535365
1640841559462880000,1.627030,0.961339,2.071674,0.844347,0.033885,-0.003700,-0.534711
1640841559467000064,1.631789,0.959580,2.069306,0.844798,0.033709,-0.004140,-0.534006
1640841559468449792,1.633462,0.958960,2.068473,0.844957,0.033654,-0.004292,-0.533758
1640841559469250048,1.634384,0.958618,2.068013,0.845044,0.033626,-0.004374,-0.533621
1640841559473829888,1.639657,0.956656,2.065382,0.845538,0.033509,-0.004841,-0.532841
1640841559474569984,1.640508,0.956338,2.064956,0.845616,0.033496,-0.004918,-0.532716
1640841559477659904,1.644056,0.955011,2.063181,0.845936,0.033455,-0.005258,-0.532208
1640841559479109888,1.645719,0.954388,2.062348,0.846081,0.033440,-0.005432,-0.531977
1640841559482889984,1.650048,0.952761,2.060176,0.846449,0.033410,-0.005916,-0.531388
1640841559485900032,1.653489,0.951464,2.058447,0.846739,0.033382,-0.006318,-0.530922
1640841559487579904,1.655407,0.950739,2.057482,0.846903,0.033362,-0.006543,-0.530659
1640841559489039872,1.657073,0.950108,2.056643,0.847048,0.033341,-0.006737,-0.530427
1640841559492669696,1.661207,0.948539,2.054559,0.847418,0.033269,-0.007203,-0.529834
1640841559493979904,1.662697,0.947972,2.053807,0.847553,0.033239,-0.007366,-0.529618
1640841559497700096,1.666922,0.946361,2.051671,0.847934,0.033158,-0.007821,-0.529006
1640841559499389952,1.668839,0.945628,2.050702,0.848103,0.033126,-0.008023,-0.528733
1640841559503069952,1.673005,0.944031,2.048591,0.848458,0.033076,-0.008457,-0.528160
1640841559506240000,1.676587,0.942653,2.046773,0.848755,0.033035,-0.008827,-0.527680
1640841559508280064,1.678889,0.941765,2.045603,0.848946,0.032999,-0.009064,-0.527371
1640841559509149952,1.679869,0.941386,2.045105,0.849028,0.032979,-0.009165,-0.527239
1640841559512659968,1.683820,0.939857,2.043094,0.849361,0.032885,-0.009572,-0.526700
1640841559514230016,1.685585,0.939173,2.042195,0.849511,0.032838,-0.009755,-0.526457
1640841559517659904,1.689434,0.937676,2.040232,0.849839,0.032744,-0.010157,-0.525926
1640841559519199744,1.691160,0.937003,2.039351,0.849985,0.032710,-0.010339,-0.525688
1640841559522639872,1.695009,0.935500,2.037383,0.850308,0.032659,-0.010745,-0.525160
1640841559524059904,1.696595,0.934878,2.036572,0.850440,0.032646,-0.010909,-0.524945
1640841559527649792,1.700599,0.933307,2.034521,0.850765,0.032633,-0.011307,-0.524410
1640841559529139968,1.702259,0.932654,2.033670,0.850897,0.032633,-0.011461,-0.524193
1640841559532849920,1.706383,0.931028,2.031554,0.851217,0.032645,-0.011824,-0.523665
1640841559534689792,1.708425,0.930221,2.030505,0.851372,0.032656,-0.012002,-0.523407
1640841559537750016,1.711816,0.928877,2.028761,0.851630,0.032678,-0.012315,-0.522978
1640841559541189888,1.715620,0.927366,2.026803,0.851922,0.032706,-0.012707,-0.522492
1640841559542779904,1.717375,0.926667,2.025899,0.852057,0.032719,-0.012897,-0.522266
1640841559543990016,1.718710,0.926135,2.025211,0.852160,0.032729,-0.013042,-0.522094
1640841559547950080,1.723070,0.924393,2.022962,0.852500,0.032764,-0.013491,-0.521525
1640841559549479936,1.724752,0.923719,2.022094,0.852632,0.032777,-0.013647,-0.521305
1640841559552620032,1.728198,0.922336,2.020313,0.852903,0.032804,-0.013935,-0.520851
1640841559554169856,1.729896,0.921653,2.019435,0.853038,0.032816,-0.014066,-0.520627
1640841559558019840,1.734108,0.919956,2.017256,0.853372,0.032837,-0.014380,-0.520069
1640841559559569920,1.735800,0.919272,2.016380,0.853506,0.032842,-0.014506,-0.519845
1640841559562729728,1.739245,0.917878,2.014595,0.853780,0.032845,-0.014765,-0.519387
1640841559565009920,1.741726,0.916871,2.013308,0.853978,0.032842,-0.014950,-0.519057
1640841559567669760,1.744616,0.915696,2.011809,0.854209,0.032836,-0.015159,-0.518670
1640841559569139968,1.746210,0.915047,2.010981,0.854338,0.032832,-0.015269,-0.518455
1640841559572719872,1.750087,0.913465,2.008968,0.854652,0.032821,-0.015519,-0.517930
1640841559574019840,1.751493,0.912891,2.008237,0.854767,0.032817,-0.015603,-0.517738
1640841559578089984,1.755885,0.911091,2.005953,0.855128,0.032799,-0.015851,-0.517135
1640841559579089920,1.756962,0.910649,2.005393,0.855217,0.032793,-0.015909,-0.516986
1640841559582639872,1.760781,0.909079,2.003405,0.855534,0.032776,-0.016111,-0.516456
1640841559584049920,1.762295,0.908455,2.002617,0.855660,0.032775,-0.016193,-0.516246
1640841559587649792,1.766154,0.906862,2.000607,0.855976,0.032797,-0.016416,-0.515713
1640841559589479936,1.768112,0.906052,1.999586,0.856134,0.032829,-0.016542,-0.515445
1640841559592829952,1.771689,0.904569,1.997721,0.856416,0.032935,-0.016801,-0.514961
1640841559594599936,1.773576,0.903785,1.996736,0.856563,0.033007,-0.016945,-0.514708
1640841559598149888,1.777353,0.902214,1.994765,0.856860,0.033143,-0.017215,-0.514195
1640841559599439872,1.778723,0.901643,1.994050,0.856970,0.033181,-0.017300,-0.514006
1640841559602579712,1.782053,0.900252,1.992311,0.857244,0.033242,-0.017477,-0.513540
1640841559604019968,1.783578,0.899615,1.991515,0.857371,0.033257,-0.017550,-0.513323
1640841559607790080,1.787562,0.897945,1.989433,0.857708,0.033257,-0.017731,-0.512753
1640841559609099776,1.788944,0.897365,1.988711,0.857826,0.033246,-0.017796,-0.512554
1640841559612779776,1.792819,0.895736,1.986686,0.858159,0.033186,-0.017983,-0.511995
1640841559614099968,1.794206,0.895152,1.985960,0.858279,0.033155,-0.018048,-0.511794
1640841559618069760,1.798371,0.893394,1.983782,0.858641,0.033037,-0.018214,-0.511187
1640841559619089920,1.799439,0.892943,1.983223,0.858735,0.033001,-0.018245,-0.511030
1640841559622669824,1.803181,0.891358,1.981265,0.859067,0.032864,-0.018317,-0.510478
1640841559624089856,1.804662,0.890730,1.980490,0.859200,0.032805,-0.018336,-0.510258
1640841559627660032,1.808380,0.889151,1.978544,0.859534,0.032656,-0.018380,-0.509703
1640841559629159936,1.809939,0.888487,1.977728,0.859675,0.032594,-0.018405,-0.509468
1640841559633049856,1.813975,0.886767,1.975615,0.860039,0.032434,-0.018487,-0.508861
1640841559635439872,1.816448,0.885710,1.974319,0.860262,0.032332,-0.018545,-0.508489
1640841559637590016,1.818669,0.884760,1.973156,0.860460,0.032237,-0.018600,-0.508156
1640841559639049984,1.820176,0.884114,1.972367,0.860595,0.032168,-0.018636,-0.507932
1640841559642779904,1.824016,0.882466,1.970355,0.860934,0.031979,-0.018719,-0.507365
1640841559644059904,1.825332,0.881901,1.969665,0.861051,0.031909,-0.018741,-0.507171
1640841559647599872,1.828963,0.880338,1.967763,0.861375,0.031707,-0.018774,-0.506632
1640841559650729984,1.832165,0.878956,1.966084,0.861665,0.031517,-0.018762,-0.506150
1640841559654700032,1.836216,0.877205,1.963961,0.862037,0.031277,-0.018719,-0.505533
1640841559655170048,1.836695,0.876998,1.963710,0.862081,0.031249,-0.018714,-0.505460
1640841559657729792,1.839299,0.875869,1.962344,0.862320,0.031107,-0.018694,-0.505061
1640841559659209984,1.840802,0.875217,1.961556,0.862458,0.031031,-0.018692,-0.504830
1640841559662679808,1.844320,0.873688,1.959712,0.862778,0.030875,-0.018722,-0.504292
1640841559664280064,1.845939,0.872983,1.958863,0.862924,0.030810,-0.018751,-0.504044
1640841559668089856,1.849785,0.871306,1.956846,0.863270,0.030660,-0.018852,-0.503457
1640841559669039872,1.850742,0.870888,1.956344,0.863356,0.030622,-0.018883,-0.503311
1640841559672780032,1.854504,0.869243,1.954371,0.863693,0.030467,-0.019019,-0.502737
1640841559674710016,1.856441,0.868395,1.953355,0.863866,0.030385,-0.019093,-0.502441
1640841559677659904,1.859395,0.867099,1.951805,0.864132,0.030257,-0.019201,-0.501988
1640841559679069952,1.860805,0.866480,1.951065,0.864259,0.030194,-0.019248,-0.501771
1640841559683229952,1.864955,0.864654,1.948888,0.864636,0.030002,-0.019371,-0.501128
1640841559684429824,1.866149,0.864128,1.948261,0.864745,0.029943,-0.019404,-0.500942
1640841559687660032,1.869358,0.862712,1.946577,0.865040,0.029770,-0.019488,-0.500439
1640841559689299712,1.870985,0.861993,1.945724,0.865191,0.029673,-0.019531,-0.500183
1640841559692610048,1.874261,0.860543,1.944004,0.865497,0.029459,-0.019619,-0.499662
1640841559694069760,1.875703,0.859905,1.943247,0.865633,0.029360,-0.019659,-0.499430
1640841559697700096,1.879281,0.858317,1.941369,0.865975,0.029110,-0.019761,-0.498848
1640841559699129856,1.880688,0.857692,1.940631,0.866111,0.029013,-0.019803,-0.498616
1640841559702759936,1.884252,0.856106,1.938760,0.866459,0.028767,-0.019905,-0.498022
1640841559704089856,1.885555,0.855525,1.938076,0.866587,0.028675,-0.019940,-0.497803
1640841559707670016,1.889056,0.853963,1.936238,0.866933,0.028417,-0.020018,-0.497212
1640841559709039872,1.890393,0.853366,1.935536,0.867065,0.028312,-0.020040,-0.496986
1640841559712699904,1.893958,0.851771,1.933665,0.867418,0.028017,-0.020081,-0.496385
1640841559714020096,1.895241,0.851196,1.932991,0.867545,0.027909,-0.020092,-0.496168
1640841559718009856,1.899111,0.849460,1.930959,0.867928,0.027594,-0.020133,-0.495514
1640841559719280128,1.900340,0.848908,1.930313,0.868049,0.027500,-0.020152,-0.495306
1640841559723019776,1.903953,0.847283,1.928416,0.868406,0.027245,-0.020226,-0.494692
1640841559724560128,1.905437,0.846614,1.927636,0.868552,0.027146,-0.020264,-0.494439
1640841559727559936,1.908324,0.845313,1.926120,0.868837,0.026958,-0.020350,-0.493946
1640841559729100032,1.909803,0.844645,1.925343,0.868982,0.026862,-0.020399,-0.493693
1640841559732659712,1.913215,0.843103,1.923551,0.869318,0.026637,-0.020520,-0.493108
1640841559734079744,1.914573,0.842488,1.922837,0.869452,0.026545,-0.020570,-0.492875
1640841559737679872,1.918011,0.840931,1.921031,0.869792,0.026303,-0.020689,-0.492283
1640841559741600000,1.921742,0.839237,1.919070,0.870162,0.026019,-0.020796,-0.491638
1640841559742650112,1.922740,0.838784,1.918546,0.870262,0.025940,-0.020820,-0.491465
1640841559744079872,1.924097,0.838167,1.917833,0.870398,0.025830,-0.020850,-0.491228
1640841559747750144,1.927573,0.836584,1.916005,0.870751,0.025542,-0.020921,-0.490614
1640841559750350080,1.930030,0.835465,1.914714,0.871005,0.025339,-0.020969,-0.490173
1640841559753909760,1.933385,0.833933,1.912949,0.871355,0.025062,-0.021038,-0.489560
1640841559755899904,1.935257,0.833077,1.911965,0.871551,0.024906,-0.021079,-0.489218
1640841559757669888,1.936920,0.832317,1.911091,0.871724,0.024765,-0.021118,-0.488916
1640841559759150080,1.938308,0.831682,1.910360,0.871866,0.024645,-0.021152,-0.488667
1640841559762609920,1.941548,0.830197,1.908656,0.872191,0.024353,-0.021235,-0.488098
1640841559764269824,1.943099,0.829486,1.907840,0.872345,0.024207,-0.021271,-0.487828
1640841559767670016,1.946270,0.828030,1.906171,0.872660,0.023896,-0.021322,-0.487276
1640841559772059904,1.950352,0.826153,1.904023,0.873079,0.023472,-0.021316,-0.486547
1640841559772659968,1.950909,0.825897,1.903730,0.873137,0.023412,-0.021309,-0.486446
1640841559774139904,1.952281,0.825265,1.903007,0.873281,0.023265,-0.021284,-0.486195
1640841559777639936,1.955521,0.823772,1.901301,0.873624,0.022918,-0.021196,-0.485599
1640841559779109888,1.956879,0.823146,1.900586,0.873768,0.022774,-0.021150,-0.485348
1640841559782609920,1.960106,0.821655,1.898885,0.874109,0.022439,-0.021032,-0.484755
1640841559784049920,1.961432,0.821043,1.898187,0.874249,0.022303,-0.020985,-0.484511
1640841559787760128,1.964840,0.819467,1.896391,0.874604,0.021955,-0.020886,-0.483889
1640841559789270016,1.966224,0.818826,1.895661,0.874748,0.021814,-0.020860,-0.483638
1640841559792659968,1.969327,0.817388,1.894025,0.875066,0.021501,-0.020834,-0.483077
1640841559794040064,1.970587,0.816804,1.893360,0.875195,0.021376,-0.020831,-0.482849
1640841559797949952,1.974152,0.815150,1.891479,0.875563,0.021045,-0.020825,-0.482196
1640841559799249920,1.975335,0.814600,1.890855,0.875686,0.020944,-0.020820,-0.481977
1640841559802729728,1.978496,0.813131,1.889186,0.876017,0.020695,-0.020797,-0.481386
1640841559804100096,1.979738,0.812554,1.888530,0.876148,0.020604,-0.020785,-0.481153
1640841559807790080,1.983078,0.811000,1.886766,0.876496,0.020381,-0.020749,-0.480529
1640841559809139968,1.984297,0.810432,1.886121,0.876622,0.020306,-0.020735,-0.480303
1640841559812620032,1.987435,0.808970,1.884462,0.876942,0.020126,-0.020700,-0.479729
1640841559814089984,1.988758,0.808353,1.883763,0.877075,0.020052,-0.020689,-0.479489
1640841559817609984,1.991921,0.806877,1.882090,0.877391,0.019877,-0.020674,-0.478918
1640841559819170048,1.993320,0.806224,1.881350,0.877530,0.019796,-0.020675,-0.478667
1640841559822729728,1.996506,0.804736,1.879663,0.877847,0.019601,-0.020691,-0.478092
1640841559824139776,1.997766,0.804147,1.878996,0.877974,0.019518,-0.020695,-0.477863
1640841559828239872,2.001422,0.802438,1.877059,0.878349,0.019254,-0.020661,-0.477186
1640841559829059840,2.002152,0.802097,1.876672,0.878425,0.019197,-0.020643,-0.477048
1640841559832649984,2.005343,0.800604,1.874980,0.878765,0.018932,-0.020521,-0.476437
1640841559834339840,2.006842,0.799902,1.874185,0.878928,0.018800,-0.020446,-0.476146
1640841559837590016,2.009720,0.798554,1.872658,0.879240,0.018535,-0.020288,-0.475586
1640841559839129856,2.011081,0.797917,1.871935,0.879387,0.018406,-0.020210,-0.475322
1640841559842710016,2.014239,0.796437,1.870257,0.879725,0.018101,-0.020044,-0.474714
1640841559844100096,2.015464,0.795863,1.869606,0.879854,0.017981,-0.019989,-0.474483
1640841559848209920,2.019076,0.794169,1.867685,0.880223,0.017628,-0.019881,-0.473816
1640841559849059840,2.019822,0.793819,1.867289,0.880296,0.017556,-0.019872,-0.473683
1640841559852910080,2.023194,0.792237,1.865494,0.880632,0.017232,-0.019793,-0.473074
1640841559854119936,2.024252,0.791741,1.864930,0.880742,0.017131,-0.019736,-0.472875
1640841559857689856,2.027368,0.790279,1.863270,0.881075,0.016838,-0.019535,-0.472272
1640841559859109888,2.028605,0.789698,1.862610,0.881210,0.016723,-0.019463,-0.472029
1640841559862619904,2.031658,0.788265,1.860981,0.881540,0.016450,-0.019335,-0.471427
1640841559864369920,2.033177,0.787552,1.860170,0.881702,0.016322,-0.019287,-0.471129
1640841559869179904,2.037343,0.785596,1.857944,0.882133,0.016013,-0.019158,-0.470338
1640841559870429952,2.038423,0.785089,1.857366,0.882240,0.015945,-0.019116,-0.470142
1640841559872649984,2.040339,0.784189,1.856341,0.882426,0.015834,-0.019035,-0.469800
1640841559874099968,2.041589,0.783603,1.855672,0.882545,0.015766,-0.018981,-0.469580
1640841559877580032,2.044583,0.782197,1.854068,0.882831,0.015607,-0.018867,-0.469052
1640841559879200000,2.045974,0.781544,1.853322,0.882965,0.015530,-0.018830,-0.468804
1640841559882839808,2.049094,0.780079,1.851648,0.883270,0.015348,-0.018780,-0.468236
1640841559884529920,2.050540,0.779401,1.850871,0.883413,0.015259,-0.018768,-0.467970
1640841559887679744,2.053231,0.778138,1.849425,0.883680,0.015090,-0.018755,-0.467471
1640841559889089792,2.054433,0.777574,1.848778,0.883800,0.015014,-0.018750,-0.467248
1640841559892679936,2.057489,0.776141,1.847133,0.884103,0.014816,-0.018733,-0.466681
1640841559894049792,2.058652,0.775595,1.846506,0.884218,0.014738,-0.018724,-0.466466
1640841559898020096,2.062019,0.774017,1.844690,0.884548,0.014507,-0.018682,-0.465850
1640841559901239808,2.064742,0.772741,1.843219,0.884810,0.014309,-0.018629,-0.465360
1640841559902669824,2.065950,0.772175,1.842566,0.884925,0.014218,-0.018601,-0.465145
1640841559904089856,2.067147,0.771614,1.841918,0.885039,0.014127,-0.018572,-0.464931
1640841559907769856,2.070245,0.770163,1.840240,0.885337,0.013884,-0.018498,-0.464374
1640841559909060096,2.071329,0.769656,1.839652,0.885443,0.013797,-0.018475,-0.464176
1640841559912649984,2.074341,0.768247,1.838017,0.885741,0.013552,-0.018420,-0.463616
1640841559914299904,2.075722,0.767601,1.837267,0.885879,0.013438,-0.018398,-0.463356
1640841559918129920,2.078922,0.766105,1.835525,0.886198,0.013170,-0.018348,-0.462755
1640841559919509760,2.080073,0.765568,1.834898,0.886312,0.013073,-0.018330,-0.462540
1640841559922749952,2.082770,0.764308,1.833426,0.886576,0.012847,-0.018289,-0.462043
1640841559924069888,2.083867,0.763796,1.832827,0.886681,0.012760,-0.018275,-0.461845
1640841559927559936,2.086763,0.762445,1.831243,0.886951,0.012550,-0.018253,-0.461332
1640841559930240000,2.088981,0.761411,1.830028,0.887150,0.012416,-0.018256,-0.460953
1640841559932639744,2.090964,0.760487,1.828940,0.887324,0.012312,-0.018268,-0.460620
1640841559934170112,2.092226,0.759899,1.828246,0.887434,0.012249,-0.018280,-0.460408
1640841559937649920,2.095091,0.758566,1.826670,0.887687,0.012108,-0.018305,-0.459924
1640841559939119872,2.096299,0.758004,1.826004,0.887796,0.012045,-0.018313,-0.459715
1640841559942700032,2.099236,0.756639,1.824383,0.888069,0.011879,-0.018324,-0.459192
1640841559944059904,2.100349,0.756122,1.823768,0.888173,0.011815,-0.018330,-0.458990
1640841559947680000,2.103308,0.754749,1.822129,0.888451,0.011656,-0.018367,-0.458456
1640841559949449984,2.104751,0.754079,1.821328,0.888584,0.011590,-0.018403,-0.458198
1640841559953179904,2.107787,0.752673,1.819641,0.888856,0.011473,-0.018513,-0.457668
1640841559954690048,2.109013,0.752105,1.818958,0.888964,0.011430,-0.018566,-0.457458
1640841559957839872,2.111567,0.750923,1.817533,0.889183,0.011333,-0.018681,-0.457029
1640841559959200000,2.112668,0.750414,1.816918,0.889276,0.011287,-0.018729,-0.456847
1640841559962609920,2.115423,0.749142,1.815375,0.889507,0.011156,-0.018846,-0.456396
1640841559964099840,2.116624,0.748587,1.814701,0.889608,0.011096,-0.018896,-0.456200
1640841559967670016,2.119498,0.747262,1.813085,0.889852,0.010953,-0.019024,-0.455721
1640841559969179904,2.120710,0.746704,1.812402,0.889957,0.010896,-0.019082,-0.455514
1640841559972679936,2.123516,0.745412,1.810818,0.890207,0.010769,-0.019226,-0.455022
1640841559974099968,2.124653,0.744890,1.810175,0.890310,0.010716,-0.019286,-0.454821
1640841559977659904,2.127496,0.743583,1.808562,0.890566,0.010567,-0.019434,-0.454315
1640841559979189760,2.128715,0.743024,1.807869,0.890675,0.010493,-0.019494,-0.454100
1640841559982959872,2.131714,0.741649,1.806160,0.890941,0.010293,-0.019638,-0.453577
1640841559984109824,2.132627,0.741231,1.805638,0.891022,0.010232,-0.019684,-0.453418
1640841559987649792,2.135432,0.739947,1.804032,0.891268,0.010059,-0.019837,-0.452931
1640841559989609984,2.136982,0.739239,1.803141,0.891404,0.009980,-0.019934,-0.452660
1640841559992640000,2.139373,0.738147,1.801765,0.891615,0.009891,-0.020104,-0.452240
1640841559994159872,2.140570,0.737601,1.801074,0.891720,0.009856,-0.020192,-0.452030
1640841559997649920,2.143314,0.736351,1.799485,0.891962,0.009777,-0.020381,-0.451545
1640841560000199936,2.145314,0.735441,1.798324,0.892138,0.009704,-0.020490,-0.451194
1640841560002669824,2.147248,0.734562,1.797198,0.892308,0.009618,-0.020572,-0.450855
1640841560007049984,2.150667,0.733010,1.795198,0.892605,0.009447,-0.020719,-0.450263
1640841560007759872,2.151220,0.732760,1.794874,0.892653,0.009420,-0.020749,-0.450169
1640841560009260032,2.152388,0.732231,1.794188,0.892752,0.009365,-0.020822,-0.449970
1640841560012780032,2.155122,0.730994,1.792577,0.892978,0.009255,-0.021041,-0.449512
1640841560015719936,2.157400,0.729965,1.791229,0.893160,0.009189,-0.021265,-0.449141
1640841560017599744,2.158854,0.729309,1.790367,0.893273,0.009161,-0.021421,-0.448910
1640841560019209984,2.160098,0.728748,1.789627,0.893367,0.009149,-0.021560,-0.448717
1640841560022670080,2.162764,0.727548,1.788035,0.893563,0.009143,-0.021864,-0.448312
1640841560024309760,2.164026,0.726981,1.787280,0.893655,0.009142,-0.022006,-0.448122
1640841560027739904,2.166659,0.725799,1.785698,0.893849,0.009117,-0.022281,-0.447720
1640841560030249728,2.168580,0.724938,1.784538,0.893998,0.009062,-0.022454,-0.447417
1640841560032940032,2.170636,0.724018,1.783292,0.894166,0.008948,-0.022602,-0.447076
1640841560034080000,2.171506,0.723629,1.782764,0.894240,0.008884,-0.022654,-0.446926
1640841560037659904,2.174232,0.722412,1.781102,0.894471,0.008697,-0.022820,-0.446459
1640841560039379712,2.175539,0.721829,1.780302,0.894576,0.008646,-0.022921,-0.446243
1640841560043889920,2.178957,0.720308,1.778199,0.894835,0.008610,-0.023242,-0.445709
1640841560046229760,2.180726,0.719523,1.777105,0.894962,0.008614,-0.023421,-0.445443
1640841560047619840,2.181775,0.719058,1.776454,0.895037,0.008612,-0.023525,-0.445288
1640841560049789952,2.183410,0.718333,1.775437,0.895152,0.008593,-0.023678,-0.445048
1640841560052870144,2.185726,0.717308,1.773990,0.895316,0.008532,-0.023874,-0.444709
1640841560054139904,2.186679,0.716887,1.773392,0.895384,0.008499,-0.023949,-0.444568
1640841560057730048,2.189368,0.715701,1.771698,0.895578,0.008401,-0.024145,-0.444169
1640841560061420032,2.192124,0.714489,1.769951,0.895782,0.008320,-0.024332,-0.443749
1640841560062599936,2.193003,0.714102,1.769392,0.895847,0.008301,-0.024391,-0.443614
1640841560064129792,2.194142,0.713602,1.768665,0.895932,0.008281,-0.024471,-0.443440
1640841560067589888,2.196712,0.712476,1.767017,0.896117,0.008253,-0.024672,-0.443055
1640841560069069824,2.197809,0.711996,1.766311,0.896192,0.008247,-0.024772,-0.442898
1640841560072839936,2.200598,0.710778,1.764506,0.896368,0.008242,-0.025073,-0.442525
1640841560074569984,2.201875,0.710221,1.763675,0.896444,0.008244,-0.025225,-0.442361
1640841560077829888,2.204275,0.709177,1.762106,0.896587,0.008250,-0.025519,-0.442056
1640841560080420096,2.206178,0.708350,1.760855,0.896703,0.008254,-0.025745,-0.441807
1640841560082989824,2.208062,0.707534,1.759610,0.896822,0.008254,-0.025957,-0.441552
1640841560084129792,2.208896,0.707173,1.759057,0.896876,0.008252,-0.026048,-0.441438
1640841560087659776,2.211474,0.706059,1.757339,0.897043,0.008232,-0.026326,-0.441083
1640841560089139968,2.212552,0.705594,1.756617,0.897112,0.008215,-0.026441,-0.440935
1640841560092649984,2.215105,0.704495,1.754898,0.897275,0.008159,-0.026718,-0.440588
1640841560094119936,2.216171,0.704036,1.754176,0.897342,0.008130,-0.026839,-0.440445
1640841560098289920,2.219189,0.702742,1.752120,0.897528,0.008041,-0.027204,-0.440044
1640841560099500032,2.220063,0.702368,1.751522,0.897581,0.008015,-0.027319,-0.439930
1640841560102609920,2.222304,0.701410,1.749979,0.897714,0.007944,-0.027625,-0.439639
1640841560104159744,2.223419,0.700935,1.749208,0.897780,0.007905,-0.027777,-0.439496
1640841560107620096,2.225902,0.699878,1.747481,0.897926,0.007802,-0.028101,-0.439180
1640841560109200128,2.227034,0.699397,1.746689,0.897992,0.007744,-0.028235,-0.439037
1640841560112800000,2.229605,0.698307,1.744879,0.898144,0.007586,-0.028495,-0.438712
1640841560114099968,2.230532,0.697915,1.744223,0.898199,0.007522,-0.028578,-0.438594
1640841560117609984,2.233028,0.696860,1.742446,0.898352,0.007341,-0.028802,-0.438270
1640841560119119872,2.234100,0.696409,1.741679,0.898419,0.007264,-0.028904,-0.438127
1640841560123010048,2.236854,0.695251,1.739694,0.898595,0.007075,-0.029197,-0.437748
1640841560124049920,2.237588,0.694942,1.739162,0.898642,0.007026,-0.029281,-0.437647
1640841560127630080,2.240111,0.693885,1.737322,0.898799,0.006862,-0.029578,-0.437307
1640841560129159936,2.241187,0.693435,1.736533,0.898863,0.006794,-0.029707,-0.437169
1640841560132920064,2.243824,0.692335,1.734586,0.899010,0.006631,-0.030023,-0.436847
1640841560134209792,2.244727,0.691959,1.733915,0.899059,0.006577,-0.030132,-0.436739
1640841560137920000,2.247317,0.690883,1.731978,0.899203,0.006426,-0.030444,-0.436425
1640841560141369856,2.249717,0.689888,1.730166,0.899345,0.006292,-0.030735,-0.436112
1640841560143020032,2.250862,0.689414,1.729296,0.899417,0.006230,-0.030870,-0.435956
1640841560144099840,2.251611,0.689105,1.728725,0.899464,0.006191,-0.030955,-0.435852
1640841560147689728,2.254094,0.688082,1.726820,0.899623,0.006069,-0.031211,-0.435508
1640841560149099776,2.255067,0.687681,1.726069,0.899685,0.006025,-0.031296,-0.435376
1640841560153090048,2.257812,0.686554,1.723933,0.899850,0.005914,-0.031479,-0.435022
1640841560158629888,2.261607,0.685003,1.720944,0.900066,0.005844,-0.031772,-0.434555
1640841560159099904,2.261928,0.684872,1.720689,0.900084,0.005844,-0.031808,-0.434515
1640841560159749888,2.262372,0.684691,1.720336,0.900109,0.005847,-0.031861,-0.434460
1640841560162679808,2.264368,0.683878,1.718740,0.900220,0.005872,-0.032139,-0.434207
1640841560164079872,2.265320,0.683491,1.717974,0.900274,0.005886,-0.032287,-0.434085
1640841560167559936,2.267680,0.682534,1.716063,0.900408,0.005903,-0.032662,-0.433778
1640841560169869824,2.269242,0.681902,1.714787,0.900500,0.005882,-0.032897,-0.433571
1640841560173009920,2.271359,0.681047,1.713045,0.900628,0.005785,-0.033163,-0.433285
1640841560175770112,2.273215,0.680300,1.711505,0.900743,0.005651,-0.033351,-0.433033
1640841560177700096,2.274509,0.679780,1.710423,0.900824,0.005557,-0.033475,-0.432857
1640841560179100160,2.275447,0.679404,1.709636,0.900882,0.005500,-0.033570,-0.432730
1640841560182929920,2.278004,0.678380,1.707473,0.901037,0.005396,-0.033855,-0.432386
1640841560184189952,2.278843,0.678044,1.706758,0.901087,0.005371,-0.033954,-0.432274
1640841560187680000,2.281162,0.677120,1.704768,0.901226,0.005295,-0.034224,-0.431964
1640841560189119744,2.282116,0.676740,1.703943,0.901283,0.005252,-0.034330,-0.431836
1640841560192620032,2.284429,0.675821,1.701929,0.901425,0.005103,-0.034565,-0.431524
1640841560194119936,2.285417,0.675429,1.701061,0.901485,0.005027,-0.034659,-0.431390
1640841560197629952,2.287724,0.674517,1.699021,0.901628,0.004858,-0.034877,-0.431077
1640841560199299840,2.288819,0.674085,1.698045,0.901695,0.004796,-0.034986,-0.430929
1640841560202729984,2.291061,0.673202,1.696031,0.901832,0.004711,-0.035221,-0.430623
1640841560205169920,2.292650,0.672578,1.694590,0.901931,0.004663,-0.035387,-0.430403
1640841560207769856,2.294339,0.671916,1.693046,0.902039,0.004601,-0.035552,-0.430163
1640841560209379840,2.295383,0.671507,1.692087,0.902109,0.004550,-0.035646,-0.430010
1640841560212649728,2.297496,0.670682,1.690128,0.902253,0.004427,-0.035819,-0.429694
1640841560214129920,2.298450,0.670310,1.689237,0.902319,0.004368,-0.035893,-0.429549
1640841560217739776,2.300770,0.669408,1.687052,0.902481,0.004242,-0.036074,-0.429194
1640841560220150016,2.302314,0.668809,1.685584,0.902588,0.004185,-0.036203,-0.428960
1640841560222720000,2.303955,0.668174,1.684011,0.902700,0.004156,-0.036352,-0.428713
1640841560224039936,2.304796,0.667849,1.683200,0.902757,0.004150,-0.036431,-0.428586
1640841560227849984,2.307216,0.666916,1.680846,0.902923,0.004153,-0.036667,-0.428216
1640841560229819904,2.308463,0.666436,1.679621,0.903011,0.004158,-0.036789,-0.428020
1640841560232579840,2.310205,0.665767,1.677897,0.903136,0.004167,-0.036960,-0.427740
1640841560235280128,2.311903,0.665117,1.676200,0.903260,0.004184,-0.037129,-0.427464
1640841560237659904,2.313396,0.664546,1.674697,0.903368,0.004212,-0.037282,-0.427221
1640841560239399936,2.314484,0.664131,1.673593,0.903447,0.004242,-0.037397,-0.427044
1640841560242689792,2.316536,0.663350,1.671494,0.903594,0.004320,-0.037617,-0.426714
1640841560244079872,2.317400,0.663022,1.670602,0.903655,0.004359,-0.037710,-0.426575
1640841560248139776,2.319915,0.662068,1.667984,0.903836,0.004486,-0.037964,-0.426168
1640841560249100032,2.320508,0.661844,1.667361,0.903880,0.004516,-0.038019,-0.426070
1640841560252610048,2.322670,0.661028,1.665074,0.904040,0.004622,-0.038202,-0.425711
1640841560254119936,2.323597,0.660679,1.664085,0.904110,0.004663,-0.038278,-0.425555
1640841560257730048,2.325805,0.659850,1.661706,0.904278,0.004749,-0.038471,-0.425180
1640841560259119872,2.326653,0.659532,1.660785,0.904343,0.004776,-0.038555,-0.425035
1640841560262619904,2.328780,0.658737,1.658454,0.904504,0.004834,-0.038786,-0.424670
1640841560264119808,2.329689,0.658398,1.657450,0.904573,0.004857,-0.038891,-0.424513
1640841560267799808,2.331910,0.657571,1.654972,0.904741,0.004923,-0.039157,-0.424129
1640841560269179904,2.332740,0.657263,1.654037,0.904805,0.004954,-0.039257,-0.423985
1640841560276140032,2.336904,0.655723,1.649280,0.905127,0.005143,-0.039735,-0.423250
1640841560276579840,2.337165,0.655627,1.648977,0.905148,0.005153,-0.039764,-0.423202
1640841560277550080,2.337742,0.655415,1.648307,0.905194,0.005176,-0.039826,-0.423096
1640841560279119872,2.338674,0.655072,1.647220,0.905271,0.005206,-0.039924,-0.422923
1640841560282749952,2.340820,0.654285,1.644693,0.905454,0.005251,-0.040146,-0.422510
1640841560284349952,2.341762,0.653940,1.643573,0.905536,0.005266,-0.040246,-0.422323
1640841560287600128,2.343670,0.653244,1.641285,0.905706,0.005298,-0.040465,-0.421938
1640841560289069824,2.344530,0.652931,1.640245,0.905783,0.005319,-0.040575,-0.421761
1640841560292780032,2.346692,0.652146,1.637605,0.905978,0.005395,-0.040884,-0.421312
1640841560294759936,2.347841,0.651729,1.636186,0.906081,0.005446,-0.041057,-0.421071
1640841560297779968,2.349587,0.651099,1.634011,0.906239,0.005527,-0.041312,-0.420706
1640841560301679872,2.351830,0.650292,1.631181,0.906443,0.005630,-0.041599,-0.420238
1640841560302619904,2.352369,0.650098,1.630495,0.906492,0.005657,-0.041663,-0.420125
1640841560304109824,2.353221,0.649793,1.629405,0.906569,0.005701,-0.041764,-0.419947
1640841560307649792,2.355239,0.649072,1.626801,0.906755,0.005827,-0.042013,-0.419519
1640841560309209856,2.356124,0.648756,1.625646,0.906838,0.005895,-0.042134,-0.419328
1640841560312589824,2.358035,0.648077,1.623132,0.907017,0.006075,-0.042425,-0.418907
1640841560315749888,2.359813,0.647447,1.620764,0.907186,0.006266,-0.042728,-0.418508
1640841560317859840,2.360995,0.647030,1.619174,0.907298,0.006397,-0.042941,-0.418241
1640841560319139840,2.361710,0.646778,1.618206,0.907366,0.006476,-0.043073,-0.418079
1640841560322670080,2.363674,0.646087,1.615521,0.907552,0.006685,-0.043442,-0.417634
1640841560324499968,2.364688,0.645732,1.614121,0.907648,0.006788,-0.043634,-0.417402
1640841560327809792,2.366514,0.645094,1.611575,0.907825,0.006962,-0.043981,-0.416979
1640841560329579776,2.367487,0.644755,1.610206,0.907920,0.007047,-0.044163,-0.416750
1640841560333259776,2.369500,0.644056,1.607342,0.908123,0.007209,-0.044538,-0.416265
1640841560334800128,2.370339,0.643766,1.606137,0.908210,0.007271,-0.044695,-0.416057
1640841560337760000,2.371945,0.643211,1.603809,0.908380,0.007381,-0.045002,-0.415652
1640841560339180032,2.372712,0.642947,1.602687,0.908463,0.007431,-0.045153,-0.415454
1640841560342599936,2.374553,0.642315,1.599970,0.908664,0.007540,-0.045527,-0.414971
1640841560344169728,2.375395,0.642027,1.598716,0.908756,0.007585,-0.045701,-0.414748
1640841560347980032,2.377428,0.641334,1.595656,0.908979,0.007681,-0.046128,-0.414210
1640841560349639936,2.378309,0.641035,1.594315,0.909075,0.007716,-0.046314,-0.413979
1640841560353080064,2.380128,0.640419,1.591520,0.909269,0.007780,-0.046697,-0.413508
1640841560354129920,2.380681,0.640232,1.590663,0.909328,0.007800,-0.046813,-0.413365
1640841560357590016,2.382495,0.639621,1.587825,0.909520,0.007870,-0.047196,-0.412896
1640841560359149824,2.383309,0.639348,1.586539,0.909608,0.007909,-0.047368,-0.412683
1640841560362860032,2.385237,0.638703,1.583463,0.909817,0.008021,-0.047777,-0.412172
1640841560364110080,2.385883,0.638488,1.582421,0.909888,0.008064,-0.047914,-0.411999
1640841560367909888,2.387839,0.637838,1.579237,0.910103,0.008204,-0.048331,-0.411471
1640841560369299968,2.388551,0.637603,1.578066,0.910182,0.008258,-0.048483,-0.411278
1640841560372720128,2.390296,0.637027,1.575171,0.910376,0.008393,-0.048857,-0.410802
1640841560374150144,2.391022,0.636789,1.573954,0.910457,0.008451,-0.049015,-0.410602
1640841560378959872,2.393449,0.635994,1.569835,0.910730,0.008661,-0.049564,-0.409925
1640841560380669952,2.394306,0.635715,1.568360,0.910828,0.008742,-0.049768,-0.409681
1640841560382700032,2.395321,0.635385,1.566603,0.910945,0.008844,-0.050019,-0.409389
1640841560384140032,2.396038,0.635153,1.565353,0.911028,0.008918,-0.050202,-0.409180
1640841560387679744,2.397792,0.634587,1.562263,0.911232,0.009102,-0.050665,-0.408665
1640841560389129984,2.398507,0.634357,1.560990,0.911315,0.009176,-0.050858,-0.408454
1640841560392849920,2.400332,0.633772,1.557710,0.911526,0.009363,-0.051368,-0.407913
1640841560394219776,2.401000,0.633559,1.556495,0.911604,0.009431,-0.051561,-0.407713
1640841560398139904,2.402903,0.632954,1.553002,0.911827,0.009632,-0.052137,-0.407138
1640841560399659776,2.403637,0.632722,1.551640,0.911913,0.009714,-0.052372,-0.406912
1640841560402929920,2.405207,0.632227,1.548697,0.912100,0.009899,-0.052900,-0.406420
1640841560410759936,2.408925,0.631065,1.541572,0.912552,0.010340,-0.054247,-0.405215
1640841560411289856,2.409174,0.630987,1.541085,0.912583,0.010366,-0.054339,-0.405132
1640841560411709952,2.409371,0.630926,1.540700,0.912607,0.010387,-0.054413,-0.405067
1640841560412559872,2.409770,0.630803,1.539918,0.912657,0.010427,-0.054560,-0.404934
1640841560414099968,2.410491,0.630580,1.538499,0.912747,0.010493,-0.054826,-0.404693
1640841560417699840,2.412167,0.630064,1.535166,0.912959,0.010613,-0.055432,-0.404130
1640841560419309824,2.412913,0.629835,1.533667,0.913054,0.010657,-0.055693,-0.403877
1640841560422729984,2.414487,0.629355,1.530469,0.913259,0.010762,-0.056222,-0.403338
1640841560424169984,2.415146,0.629154,1.529117,0.913346,0.010814,-0.056433,-0.403110
1640841560427820032,2.416808,0.628652,1.525672,0.913568,0.010943,-0.056948,-0.402531
1640841560429359872,2.417504,0.628442,1.524211,0.913661,0.010987,-0.057160,-0.402287
1640841560432600064,2.418962,0.628004,1.521125,0.913858,0.011051,-0.057601,-0.401775
1640841560434149888,2.419656,0.627797,1.519642,0.913952,0.011074,-0.057814,-0.401530
1640841560437690112,2.421231,0.627329,1.516239,0.914164,0.011136,-0.058315,-0.400973
1640841560439190016,2.421894,0.627133,1.514791,0.914253,0.011173,-0.058537,-0.400737
1640841560442779904,2.423472,0.626668,1.511308,0.914463,0.011304,-0.059094,-0.400171
1640841560444239872,2.424110,0.626481,1.509885,0.914548,0.011368,-0.059328,-0.399941
1640841560447599872,2.425569,0.626056,1.506597,0.914744,0.011519,-0.059872,-0.399407
1640841560449250048,2.426281,0.625849,1.504975,0.914841,0.011588,-0.060137,-0.399143
1640841560452630016,2.427731,0.625430,1.501638,0.915043,0.011696,-0.060666,-0.398596
1640841560454279936,2.428434,0.625228,1.500002,0.915144,0.011731,-0.060915,-0.398326
1640841560458040064,2.430026,0.624773,1.496255,0.915375,0.011816,-0.061486,-0.397705
1640841560459179776,2.430505,0.624637,1.495115,0.915444,0.011854,-0.061665,-0.397515
1640841560462649856,2.431956,0.624226,1.491629,0.915655,0.012016,-0.062236,-0.396936
1640841560464130048,2.432571,0.624053,1.490136,0.915744,0.012096,-0.062486,-0.396689
1640841560467569920,2.433990,0.623655,1.486652,0.915953,0.012267,-0.063065,-0.396110
1640841560469139712,2.434634,0.623476,1.485055,0.916049,0.012326,-0.063323,-0.395845
1640841560474680064,2.436883,0.622854,1.479387,0.916394,0.012418,-0.064194,-0.394901
1640841560475399936,2.437173,0.622774,1.478647,0.916439,0.012421,-0.064305,-0.394778
1640841560477739776,2.438111,0.622517,1.476234,0.916587,0.012427,-0.064664,-0.394377
1640841560479130112,2.438665,0.622366,1.474797,0.916674,0.012429,-0.064879,-0.394138
1640841560483059968,2.440220,0.621945,1.470716,0.916921,0.012452,-0.065499,-0.393460
1640841560484219904,2.440675,0.621822,1.469506,0.916994,0.012464,-0.065683,-0.393259
1640841560487699968,2.442033,0.621459,1.465865,0.917211,0.012509,-0.066234,-0.392658
1640841560490889984,2.443266,0.621131,1.462509,0.917409,0.012563,-0.066725,-0.392109
1640841560493079808,2.444105,0.620909,1.460196,0.917546,0.012604,-0.067050,-0.391734
1640841560494089728,2.444490,0.620808,1.459126,0.917608,0.012623,-0.067195,-0.391561
1640841560497649920,2.445838,0.620455,1.455343,0.917833,0.012690,-0.067699,-0.390946
1640841560499830016,2.446657,0.620243,1.453017,0.917974,0.012726,-0.068004,-0.390560
1640841560502640128,2.447703,0.619973,1.450007,0.918161,0.012764,-0.068399,-0.390051
1640841560504129792,2.448254,0.619831,1.448406,0.918260,0.012782,-0.068609,-0.389778
1640841560507779840,2.449593,0.619490,1.444468,0.918502,0.012831,-0.069122,-0.389116
1640841560510190080,2.450469,0.619269,1.441857,0.918656,0.012873,-0.069457,-0.388692
1640841560512579840,2.451330,0.619053,1.439259,0.918802,0.012927,-0.069786,-0.388285
1640841560514249984,2.451928,0.618903,1.437437,0.918902,0.012972,-0.070014,-0.388006
1640841560517649920,2.453134,0.618604,1.433717,0.919106,0.013085,-0.070476,-0.387435
1640841560519189760,2.453676,0.618471,1.432026,0.919200,0.013145,-0.070683,-0.387171
1640841560523469824,2.455167,0.618107,1.427307,0.919473,0.013343,-0.071262,-0.386410
1640841560524179968,2.455412,0.618047,1.426521,0.919519,0.013379,-0.071359,-0.386281
1640841560527619840,2.456591,0.617764,1.422704,0.919742,0.013558,-0.071836,-0.385655
1640841560529169920,2.457117,0.617638,1.420979,0.919841,0.013638,-0.072057,-0.385375
1640841560533049856,2.458421,0.617329,1.416644,0.920080,0.013832,-0.072627,-0.384690
1640841560534519808,2.458911,0.617214,1.414995,0.920169,0.013902,-0.072847,-0.384433
1640841560537639936,2.459940,0.616974,1.411486,0.920357,0.014042,-0.073314,-0.383888
1640841560539239936,2.460463,0.616854,1.409681,0.920455,0.014110,-0.073550,-0.383606
1640841560542719744,2.461590,0.616596,1.405743,0.920674,0.014249,-0.074050,-0.382979
1640841560544139776,2.462045,0.616492,1.404131,0.920765,0.014302,-0.074250,-0.382719
1640841560547729920,2.463184,0.616236,1.400042,0.920997,0.014433,-0.074750,-0.382058
1640841560549469952,2.463730,0.616114,1.398054,0.921110,0.014496,-0.074991,-0.381737
1640841560552839936,2.464777,0.615884,1.394191,0.921325,0.014620,-0.075463,-0.381118
1640841560555919872,2.465720,0.615678,1.390647,0.921521,0.014725,-0.075900,-0.380555
1640841560557539840,2.466211,0.615572,1.388777,0.921623,0.014774,-0.076132,-0.380258
1640841560559119872,2.466687,0.615470,1.386950,0.921723,0.014814,-0.076359,-0.379969
1640841560562629888,2.467732,0.615249,1.382880,0.921946,0.014878,-0.076865,-0.379324
1640841560564129792,2.468174,0.615156,1.381136,0.922042,0.014899,-0.077077,-0.379046
1640841560567610112,2.469187,0.614947,1.377077,0.922268,0.014943,-0.077551,-0.378397
1640841560569399808,2.469701,0.614841,1.374983,0.922387,0.014969,-0.077780,-0.378059
1640841560572640000,2.470621,0.614655,1.371182,0.922606,0.015028,-0.078164,-0.377443
1640841560574149888,2.471045,0.614570,1.369406,0.922709,0.015061,-0.078332,-0.377154
1640841560577600000,2.472002,0.614382,1.365336,0.922946,0.015150,-0.078704,-0.376492
1640841560579180032,2.472435,0.614297,1.363468,0.923054,0.015197,-0.078872,-0.376190
1640841560582739712,2.473398,0.614112,1.359246,0.923295,0.015318,-0.079253,-0.375513
1640841560584349952,2.473827,0.614031,1.357331,0.923403,0.015378,-0.079430,-0.375209
1640841560588019968,2.474792,0.613851,1.352955,0.923644,0.015528,-0.079846,-0.374521
1640841560589589760,2.475199,0.613776,1.351078,0.923744,0.015597,-0.080033,-0.374229
1640841560592579840,2.475965,0.613638,1.347494,0.923934,0.015735,-0.080402,-0.373677
1640841560594099968,2.476349,0.613569,1.345668,0.924029,0.015808,-0.080594,-0.373396
1640841560597820160,2.477276,0.613406,1.341188,0.924265,0.015990,-0.081070,-0.372700
1640841560599449856,2.477676,0.613338,1.339221,0.924371,0.016070,-0.081278,-0.372390
1640841560602639872,2.478447,0.613207,1.335360,0.924583,0.016227,-0.081674,-0.371768
1640841560604859904,2.478975,0.613120,1.332666,0.924734,0.016336,-0.081943,-0.371329
1640841560608019712,2.479713,0.613000,1.328822,0.924948,0.016495,-0.082320,-0.370706
1640841560609129984,2.479970,0.612959,1.327469,0.925022,0.016552,-0.082451,-0.370489
1640841560612560128,2.480749,0.612837,1.323280,0.925246,0.016733,-0.082855,-0.369830
1640841560614179840,2.481111,0.612782,1.321297,0.925351,0.016818,-0.083045,-0.369522
1640841560617990144,2.481947,0.612657,1.316622,0.925597,0.017005,-0.083493,-0.368795
1640841560619259904,2.482221,0.612618,1.315060,0.925681,0.017061,-0.083642,-0.368549
1640841560622690048,2.482949,0.612514,1.310833,0.925912,0.017192,-0.084047,-0.367868
1640841560624089856,2.483240,0.612474,1.309105,0.926009,0.017238,-0.084211,-0.367586
1640841560627599872,2.483959,0.612378,1.304761,0.926250,0.017352,-0.084619,-0.366878
1640841560629120000,2.484264,0.612338,1.302877,0.926353,0.017403,-0.084793,-0.366575
1640841560632689920,2.484966,0.612250,1.298441,0.926589,0.017539,-0.085188,-0.365881
1640841560634589952,2.485332,0.612206,1.296075,0.926711,0.017619,-0.085393,-0.365519
1640841560637830144,2.485943,0.612135,1.292033,0.926921,0.017760,-0.085736,-0.364900
1640841560639129856,2.486183,0.612108,1.290408,0.927006,0.017815,-0.085872,-0.364648
1640841560642619904,2.486816,0.612039,1.286038,0.927241,0.017960,-0.086238,-0.363956
1640841560644120064,2.487081,0.612012,1.284156,0.927344,0.018022,-0.086397,-0.363654
1640841560647579904,2.487681,0.611954,1.279808,0.927581,0.018171,-0.086769,-0.362952
1640841560651599872,2.488353,0.611893,1.274742,0.927852,0.018365,-0.087222,-0.362141
1640841560652599808,2.488516,0.611880,1.273480,0.927918,0.018418,-0.087338,-0.361941
1640841560654209792,2.488775,0.611858,1.271446,0.928024,0.018507,-0.087527,-0.361620
1640841560657600000,2.489307,0.611819,1.267155,0.928244,0.018714,-0.087924,-0.360946
1640841560659159808,2.489546,0.611802,1.265178,0.928345,0.018817,-0.088103,-0.360637
1640841560662579968,2.490055,0.611770,1.260835,0.928568,0.019062,-0.088483,-0.359956
1640841560664130048,2.490279,0.611758,1.258863,0.928670,0.019179,-0.088653,-0.359647
1640841560668009984,2.490822,0.611732,1.253920,0.928923,0.019484,-0.089086,-0.358868
1640841560669299968,2.490998,0.611725,1.252274,0.929007,0.019586,-0.089236,-0.358608
1640841560672610048,2.491434,0.611710,1.248044,0.929222,0.019848,-0.089635,-0.357937
1640841560674180096,2.491635,0.611705,1.246035,0.929323,0.019970,-0.089828,-0.357618
1640841560677779968,2.492079,0.611698,1.241422,0.929556,0.020238,-0.090265,-0.356886
1640841560679180032,2.492246,0.611697,1.239625,0.929647,0.020336,-0.090429,-0.356602
1640841560682700032,2.492651,0.611699,1.235101,0.929877,0.020564,-0.090820,-0.355889
1640841560684449792,2.492844,0.611702,1.232849,0.929993,0.020670,-0.091002,-0.355534
1640841560687670016,2.493185,0.611711,1.228700,0.930209,0.020864,-0.091321,-0.354876
1640841560689459968,2.493367,0.611718,1.226390,0.930331,0.020974,-0.091491,-0.354505
1640841560692639744,2.493677,0.611734,1.222282,0.930552,0.021181,-0.091784,-0.353836
1640841560694149888,2.493818,0.611744,1.220329,0.930658,0.021281,-0.091920,-0.353515
1640841560697819904,2.494144,0.611771,1.215576,0.930917,0.021521,-0.092248,-0.352733
1640841560699139840,2.494255,0.611782,1.213865,0.931010,0.021603,-0.092366,-0.352452
1640841560702599936,2.494532,0.611815,1.209374,0.931251,0.021806,-0.092679,-0.351720
1640841560704179968,2.494651,0.611831,1.207321,0.931360,0.021896,-0.092822,-0.351388
1640841560707789824,2.494907,0.611874,1.202625,0.931608,0.022117,-0.093148,-0.350628
1640841560709689856,2.495033,0.611898,1.200151,0.931739,0.022250,-0.093317,-0.350227
1640841560712669952,2.495216,0.611940,1.196266,0.931946,0.022489,-0.093575,-0.349592
1640841560714129920,2.495300,0.611962,1.194361,0.932048,0.022618,-0.093697,-0.349279
1640841560717579776,2.495483,0.612017,1.189856,0.932290,0.022942,-0.093975,-0.348537
1640841560719539968,2.495577,0.612050,1.187294,0.932428,0.023132,-0.094125,-0.348115
1640841560722649856,2.495712,0.612106,1.183225,0.932647,0.023437,-0.094351,-0.347444
1640841560724189952,2.495773,0.612135,1.181208,0.932756,0.023591,-0.094463,-0.347111
1640841560727619840,2.495891,0.612204,1.176713,0.932998,0.023942,-0.094719,-0.346367
1640841560730129920,2.495964,0.612257,1.173421,0.933173,0.024209,-0.094922,-0.345821
1640841560732579840,2.496023,0.612311,1.170205,0.933343,0.024480,-0.095137,-0.345284
1640841560734159872,2.496056,0.612347,1.168130,0.933452,0.024659,-0.095281,-0.344937
1640841560737659904,2.496111,0.612430,1.163529,0.933694,0.025061,-0.095605,-0.344163
1640841560739169792,2.496128,0.612467,1.161543,0.933798,0.025235,-0.095741,-0.343828
1640841560742629888,2.496150,0.612556,1.156990,0.934041,0.025632,-0.096038,-0.343056
1640841560744760064,2.496153,0.612613,1.154184,0.934192,0.025872,-0.096211,-0.342578
1640841560747689984,2.496142,0.612693,1.150323,0.934402,0.026192,-0.096439,-0.341917
1640841560749159936,2.496130,0.612735,1.148386,0.934508,0.026348,-0.096551,-0.341583
1640841560752640000,2.496086,0.612836,1.143795,0.934761,0.026699,-0.096810,-0.340789
1640841560754949888,2.496044,0.612906,1.140746,0.934930,0.026922,-0.096978,-0.340260
1640841560757580032,2.495983,0.612987,1.137274,0.935122,0.027166,-0.097169,-0.339657
1640841560759199744,2.495939,0.613039,1.135134,0.935240,0.027312,-0.097286,-0.339286
1640841560762889984,2.495820,0.613159,1.130258,0.935508,0.027636,-0.097552,-0.338444
1640841560764179968,2.495772,0.613201,1.128553,0.935602,0.027749,-0.097643,-0.338149
1640841560767769856,2.495621,0.613324,1.123805,0.935864,0.028065,-0.097882,-0.337329
1640841560770409728,2.495494,0.613416,1.120313,0.936059,0.028305,-0.098038,-0.336721
1640841560772599808,2.495378,0.613494,1.117415,0.936222,0.028512,-0.098154,-0.336215
1640841560774179840,2.495289,0.613552,1.115324,0.936341,0.028666,-0.098230,-0.335848
1640841560777880064,2.495060,0.613689,1.110426,0.936622,0.029042,-0.098384,-0.334986
1640841560779259904,2.494968,0.613741,1.108599,0.936728,0.029188,-0.098433,-0.334664
1640841560782639872,2.494726,0.613870,1.104123,0.936987,0.029559,-0.098541,-0.333873
1640841560784199936,2.494607,0.613931,1.102057,0.937106,0.029736,-0.098589,-0.333509
1640841560787930112,2.494302,0.614080,1.097117,0.937386,0.030167,-0.098715,-0.332645
1640841560789169920,2.494194,0.614130,1.095475,0.937477,0.030313,-0.098765,-0.332361
1640841560792589824,2.493881,0.614270,1.090944,0.937720,0.030718,-0.098935,-0.331585
1640841560794729984,2.493674,0.614359,1.088110,0.937870,0.030981,-0.099056,-0.331101
1640841560797649920,2.493375,0.614483,1.084242,0.938076,0.031361,-0.099226,-0.330432
1640841560799289856,2.493200,0.614553,1.082069,0.938194,0.031590,-0.099317,-0.330047
1640841560803049984,2.492777,0.614716,1.077089,0.938471,0.032155,-0.099506,-0.329145
1640841560804119808,2.492652,0.614763,1.075673,0.938551,0.032323,-0.099555,-0.328886
1640841560809619968,2.491970,0.615009,1.068391,0.938956,0.033196,-0.099779,-0.327571
1640841560810759936,2.491821,0.615061,1.066881,0.939038,0.033374,-0.099820,-0.327307
1640841560814240000,2.491349,0.615221,1.062276,0.939280,0.033907,-0.099936,-0.326521
1640841560815029760,2.491239,0.615257,1.061231,0.939334,0.034026,-0.099959,-0.326346
1640841560817580032,2.490873,0.615376,1.057857,0.939508,0.034409,-0.100029,-0.325784
1640841560819500032,2.490589,0.615466,1.055318,0.939638,0.034695,-0.100075,-0.325363
1640841560822680064,2.490102,0.615618,1.051114,0.939856,0.035171,-0.100136,-0.324664
1640841560824640000,2.489791,0.615712,1.048523,0.939992,0.035467,-0.100165,-0.324228
1640841560827600128,2.489307,0.615855,1.044613,0.940197,0.035920,-0.100206,-0.323571
1640841560829159936,2.489044,0.615931,1.042553,0.940303,0.036162,-0.100229,-0.323228
1640841560832710144,2.488427,0.616106,1.037867,0.940536,0.036723,-0.100302,-0.322465
1640841560834149888,2.488170,0.616177,1.035967,0.940626,0.036954,-0.100340,-0.322164
1640841560837659904,2.487523,0.616353,1.031338,0.940841,0.037498,-0.100424,-0.321445
1640841560839249920,2.487222,0.616433,1.029243,0.940940,0.037726,-0.100445,-0.321123
1640841560842909696,2.486509,0.616619,1.024422,0.941178,0.038183,-0.100418,-0.320380
1640841560845469952,2.485993,0.616750,1.021052,0.941350,0.038460,-0.100350,-0.319861
1640841560847599872,2.485553,0.616859,1.018250,0.941494,0.038682,-0.100279,-0.319432
1640841560849289984,2.485197,0.616947,1.016029,0.941607,0.038860,-0.100221,-0.319097
1640841560852640000,2.484474,0.617121,1.011628,0.941825,0.039223,-0.100108,-0.318444
1640841560854459904,2.484071,0.617216,1.009238,0.941940,0.039423,-0.100047,-0.318096
1640841560857929984,2.483284,0.617398,1.004687,0.942156,0.039805,-0.099928,-0.317446
1640841560859580160,2.482901,0.617485,1.002524,0.942257,0.039984,-0.099869,-0.317143
1640841560862599936,2.482184,0.617646,0.998569,0.942438,0.040309,-0.099755,-0.316599
1640841560864100096,2.481821,0.617725,0.996606,0.942526,0.040471,-0.099695,-0.316334
1640841560867769856,2.480911,0.617921,0.991808,0.942738,0.040884,-0.099533,-0.315700
1640841560869210112,2.480547,0.617998,0.989927,0.942819,0.041056,-0.099463,-0.315457
1640841560875299840,2.478956,0.618326,0.981984,0.943152,0.041861,-0.099119,-0.314464
1640841560876179968,2.478720,0.618374,0.980838,0.943199,0.041984,-0.099063,-0.314324
1640841560879399936,2.477840,0.618548,0.976648,0.943371,0.042435,-0.098851,-0.313814
1640841560880110080,2.477643,0.618586,0.975724,0.943409,0.042533,-0.098802,-0.313701
1640841560882609920,2.476941,0.618722,0.972476,0.943543,0.042876,-0.098629,-0.313307
1640841560884209920,2.476485,0.618809,0.970399,0.943627,0.043096,-0.098518,-0.313057
1640841560887599872,2.475500,0.618993,0.966004,0.943800,0.043575,-0.098297,-0.312537
1640841560889339904,2.474984,0.619088,0.963751,0.943885,0.043834,-0.098197,-0.312278
1640841560892740096,2.473958,0.619273,0.959353,0.944036,0.044376,-0.098036,-0.311793
1640841560894129920,2.473532,0.619349,0.957558,0.944094,0.044610,-0.097980,-0.311602
1640841560897600000,2.472449,0.619538,0.953081,0.944233,0.045207,-0.097849,-0.311137
1640841560899139840,2.471960,0.619622,0.951097,0.944293,0.045474,-0.097787,-0.310934
1640841560902629888,2.470832,0.619811,0.946606,0.944431,0.046069,-0.097626,-0.310479
1640841560904249856,2.470300,0.619899,0.944525,0.944495,0.046342,-0.097542,-0.310270
1640841560907759872,2.469127,0.620090,0.940022,0.944632,0.046932,-0.097349,-0.309823
1640841560910719744,2.468118,0.620250,0.936232,0.944746,0.047428,-0.097176,-0.309454
1640841560912979968,2.467334,0.620373,0.933343,0.944832,0.047808,-0.097042,-0.309177
1640841560914160128,2.466920,0.620436,0.931836,0.944875,0.048006,-0.096971,-0.309035
1640841560917600000,2.465697,0.620622,0.927450,0.945000,0.048575,-0.096768,-0.308630
1640841560919200000,2.465120,0.620708,0.925413,0.945055,0.048833,-0.096676,-0.308447
1640841560922829824,2.463789,0.620902,0.920801,0.945177,0.049399,-0.096474,-0.308048
1640841560924160000,2.463294,0.620973,0.919113,0.945220,0.049599,-0.096401,-0.307906
1640841560927640064,2.461981,0.621158,0.914706,0.945330,0.050105,-0.096206,-0.307547
1640841560929179904,2.461392,0.621239,0.912759,0.945378,0.050321,-0.096117,-0.307393
1640841560932580096,2.460073,0.621418,0.908469,0.945483,0.050778,-0.095906,-0.307061
1640841560934119936,2.459467,0.621499,0.906530,0.945530,0.050974,-0.095801,-0.306914
1640841560937870080,2.457971,0.621694,0.901816,0.945650,0.051410,-0.095510,-0.306564
1640841560941189888,2.456620,0.621866,0.897654,0.945762,0.051735,-0.095197,-0.306261
1640841560942679808,2.456007,0.621942,0.895790,0.945815,0.051860,-0.095035,-0.306126
1640841560944439808,2.455276,0.622032,0.893592,0.945878,0.051995,-0.094833,-0.305971
1640841560947619840,2.453938,0.622193,0.889627,0.945990,0.052221,-0.094453,-0.305702
1640841560949189888,2.453269,0.622272,0.887673,0.946043,0.052335,-0.094268,-0.305578
1640841560952649728,2.451777,0.622445,0.883377,0.946148,0.052597,-0.093881,-0.305327
1640841560954200064,2.451100,0.622521,0.881457,0.946191,0.052718,-0.093713,-0.305222
1640841560957710080,2.449548,0.622693,0.877118,0.946286,0.052987,-0.093336,-0.304998
1640841560959319808,2.448827,0.622771,0.875133,0.946328,0.053106,-0.093162,-0.304898
1640841560962599936,2.447341,0.622928,0.871098,0.946416,0.053330,-0.092797,-0.304698
1640841560964259840,2.446581,0.623007,0.869060,0.946461,0.053436,-0.092605,-0.304598
1640841560967579904,2.445042,0.623162,0.864995,0.946549,0.053658,-0.092209,-0.304407
1640841560969440000,2.444169,0.623248,0.862723,0.946595,0.053798,-0.091981,-0.304308
1640841560972679936,2.442631,0.623396,0.858776,0.946668,0.054080,-0.091575,-0.304152
1640841560974700032,2.441661,0.623486,0.856321,0.946711,0.054273,-0.091323,-0.304062
1640841560977720064,2.440194,0.623620,0.852661,0.946770,0.054572,-0.090958,-0.303934
1640841560979310080,2.439414,0.623689,0.850739,0.946800,0.054729,-0.090775,-0.303867
1640841560982599936,2.437783,0.623830,0.846772,0.946859,0.055050,-0.090419,-0.303731
1640841560984269824,2.436946,0.623901,0.844764,0.946887,0.055214,-0.090246,-0.303665
1640841560987609856,2.435255,0.624039,0.840759,0.946938,0.055552,-0.089906,-0.303545
1640841560989449984,2.434313,0.624114,0.838559,0.946962,0.055747,-0.089719,-0.303488
1640841560992630016,2.432668,0.624240,0.834768,0.946998,0.056104,-0.089388,-0.303408
1640841560994210048,2.431843,0.624302,0.832890,0.947014,0.056287,-0.089220,-0.303375
1640841560997639936,2.430033,0.624432,0.828824,0.947045,0.056685,-0.088848,-0.303312
1640841560999159808,2.429223,0.624489,0.827028,0.947059,0.056859,-0.088680,-0.303286
1640841561002889984,2.427215,0.624624,0.822634,0.947094,0.057268,-0.088260,-0.303223
1640841561004199936,2.426503,0.624670,0.821095,0.947106,0.057407,-0.088109,-0.303201
1640841561007619840,2.424626,0.624788,0.817091,0.947138,0.057774,-0.087713,-0.303149
1640841561009209856,2.423745,0.624841,0.815235,0.947151,0.057949,-0.087526,-0.303128
1640841561012679936,2.421805,0.624954,0.811199,0.947173,0.058355,-0.087117,-0.303097
1640841561014190080,2.420953,0.625001,0.809448,0.947181,0.058543,-0.086937,-0.303090
1640841561017869824,2.418855,0.625112,0.805196,0.947197,0.058996,-0.086487,-0.303080
1640841561020089856,2.417577,0.625177,0.802642,0.947210,0.059240,-0.086199,-0.303073
1640841561022609920,2.416113,0.625247,0.799752,0.947230,0.059476,-0.085855,-0.303062
1640841561024219904,2.415170,0.625291,0.797911,0.947245,0.059607,-0.085626,-0.303055
1640841561027549952,2.413205,0.625377,0.794116,0.947276,0.059839,-0.085138,-0.303049
1640841561029239808,2.412198,0.625419,0.792197,0.947291,0.059943,-0.084884,-0.303055
1640841561032790016,2.410065,0.625502,0.788182,0.947316,0.060139,-0.084342,-0.303087
1640841561034979840,2.408736,0.625550,0.785716,0.947330,0.060249,-0.084001,-0.303116
1640841561037679872,2.407084,0.625606,0.782686,0.947346,0.060375,-0.083576,-0.303158
1640841561039209728,2.406141,0.625636,0.780975,0.947356,0.060443,-0.083331,-0.303182
1640841561042660096,2.403998,0.625700,0.777131,0.947378,0.060592,-0.082772,-0.303235
1640841561044239872,2.403008,0.625726,0.775378,0.947388,0.060662,-0.082513,-0.303262
1640841561047719936,2.400810,0.625781,0.771532,0.947405,0.060830,-0.081940,-0.303331
1640841561051040000,2.398690,0.625826,0.767883,0.947411,0.061019,-0.081391,-0.303421
1640841561052599808,2.397687,0.625846,0.766175,0.947411,0.061118,-0.081131,-0.303472
1640841561054159872,2.396678,0.625864,0.764472,0.947409,0.061220,-0.080869,-0.303528
1640841561058129920,2.394089,0.625903,0.760158,0.947399,0.061481,-0.080181,-0.303688
1640841561059320064,2.393306,0.625912,0.758870,0.947395,0.061555,-0.079966,-0.303740
1640841561062579968,2.391149,0.625935,0.755357,0.947387,0.061741,-0.079354,-0.303888
1640841561064179968,2.390082,0.625944,0.753639,0.947383,0.061828,-0.079047,-0.303963
1640841561067879936,2.387596,0.625957,0.749687,0.947367,0.062064,-0.078360,-0.304143
1640841561071049984,2.385444,0.625962,0.746322,0.947339,0.062349,-0.077841,-0.304306
1640841561076529920,2.381677,0.625955,0.740550,0.947266,0.062966,-0.077048,-0.304609
1640841561077939968,2.380698,0.625950,0.739075,0.947245,0.063126,-0.076843,-0.304693
1640841561078539776,2.380281,0.625947,0.738449,0.947236,0.063192,-0.076753,-0.304729
1640841561079369984,2.379702,0.625943,0.737583,0.947224,0.063281,-0.076627,-0.304780
1640841561082670080,2.377386,0.625922,0.734154,0.947177,0.063608,-0.076101,-0.304990
1640841561084319744,2.376221,0.625909,0.732449,0.947153,0.063761,-0.075827,-0.305100
1640841561087630080,2.373866,0.625877,0.729043,0.947104,0.064055,-0.075269,-0.305330
1640841561089319936,2.372656,0.625857,0.727313,0.947076,0.064204,-0.074984,-0.305453
1640841561092609792,2.370284,0.625813,0.723961,0.947020,0.064498,-0.074439,-0.305700
1640841561094159872,2.369159,0.625789,0.722390,0.946992,0.064636,-0.074184,-0.305820
1640841561097609984,2.366639,0.625730,0.718911,0.946928,0.064937,-0.073619,-0.306091
1640841561099219968,2.365455,0.625700,0.717296,0.946898,0.065072,-0.073355,-0.306218
1640841561102720000,2.362865,0.625626,0.713803,0.946834,0.065347,-0.072773,-0.306496
1640841561104249856,2.361725,0.625591,0.712285,0.946806,0.065461,-0.072514,-0.306620
1640841561107869952,2.359011,0.625500,0.708712,0.946736,0.065720,-0.071887,-0.306926
1640841561110060032,2.357356,0.625441,0.706564,0.946691,0.065872,-0.071494,-0.307124
1640841561112579840,2.355442,0.625367,0.704106,0.946635,0.066046,-0.071028,-0.307368
1640841561114449920,2.354013,0.625309,0.702290,0.946591,0.066172,-0.070672,-0.307557
1640841561117559808,2.351624,0.625205,0.699288,0.946518,0.066370,-0.070061,-0.307881
1640841561119249920,2.350317,0.625146,0.697665,0.946478,0.066469,-0.069719,-0.308058
1640841561122710016,2.347627,0.625016,0.694362,0.946401,0.066655,-0.069000,-0.308417
1640841561124489984,2.346234,0.624946,0.692674,0.946361,0.066746,-0.068624,-0.308604
1640841561127779840,2.343644,0.624808,0.689571,0.946283,0.066921,-0.067924,-0.308961
1640841561129829888,2.342020,0.624717,0.687651,0.946229,0.067041,-0.067489,-0.309195
1640841561132629760,2.339791,0.624587,0.685042,0.946148,0.067224,-0.066899,-0.309531
1640841561134160128,2.338566,0.624513,0.683624,0.946100,0.067333,-0.066579,-0.309722
1640841561137619968,2.335781,0.624338,0.680438,0.945985,0.067607,-0.065861,-0.310168
1640841561140339968,2.333577,0.624192,0.677952,0.945888,0.067847,-0.065303,-0.310529
1640841561143190016,2.331254,0.624033,0.675366,0.945781,0.068122,-0.064722,-0.310916
1640841561145179904,2.329623,0.623916,0.673571,0.945703,0.068328,-0.064316,-0.311191
1640841561148519936,2.326870,0.623713,0.670580,0.945567,0.068697,-0.063629,-0.311665
1640841561149299968,2.326224,0.623664,0.669885,0.945534,0.068788,-0.063467,-0.311777
1640841561152570112,2.323505,0.623452,0.666987,0.945392,0.069185,-0.062780,-0.312260
1640841561154199808,2.322143,0.623342,0.665553,0.945319,0.069391,-0.062436,-0.312504
1640841561157609984,2.319278,0.623104,0.662571,0.945163,0.069836,-0.061725,-0.313018
1640841561159279872,2.317868,0.622984,0.661121,0.945085,0.070059,-0.061386,-0.313270
1640841561162829824,2.314855,0.622718,0.658060,0.944917,0.070540,-0.060688,-0.313803
1640841561164269824,2.313626,0.622607,0.656827,0.944849,0.070736,-0.060410,-0.314019
1640841561167660032,2.310720,0.622336,0.653944,0.944685,0.071193,-0.059754,-0.314533
1640841561169209856,2.309385,0.622208,0.652635,0.944609,0.071399,-0.059447,-0.314772
1640841561172649984,2.306408,0.621916,0.649751,0.944438,0.071845,-0.058743,-0.315315
1640841561174249984,2.305017,0.621776,0.648420,0.944358,0.072047,-0.058407,-0.315573
1640841561177769984,2.301940,0.621459,0.645512,0.944179,0.072480,-0.057660,-0.316146
1640841561180359936,2.299664,0.621217,0.643392,0.944047,0.072790,-0.057115,-0.316568
1640841561184160000,2.296304,0.620849,0.640311,0.943852,0.073229,-0.056323,-0.317189
1640841561186339840,2.294367,0.620630,0.638560,0.943739,0.073469,-0.055869,-0.317548
1640841561187569920,2.293270,0.620505,0.637577,0.943676,0.073599,-0.055610,-0.317752
1640841561189280000,2.291741,0.620328,0.636217,0.943587,0.073774,-0.055248,-0.318038
1640841561192620032,2.288742,0.619973,0.633581,0.943412,0.074095,-0.054525,-0.318606
1640841561194510080,2.287037,0.619767,0.632102,0.943312,0.074270,-0.054105,-0.318933
1640841561197860096,2.284001,0.619391,0.629502,0.943133,0.074576,-0.053340,-0.319521
1640841561199349760,2.282645,0.619220,0.628354,0.943052,0.074715,-0.052990,-0.319787
1640841561202630144,2.279648,0.618835,0.625848,0.942870,0.075033,-0.052196,-0.320379
1640841561204160000,2.278245,0.618651,0.624688,0.942783,0.075188,-0.051816,-0.320658
1640841561210680064,2.272223,0.617837,0.619812,0.942408,0.075888,-0.050145,-0.321859
1640841561211939840,2.271052,0.617674,0.618882,0.942334,0.076030,-0.049816,-0.322092
1640841561212569856,2.270466,0.617592,0.618419,0.942297,0.076100,-0.049652,-0.322209
1640841561214219776,2.268927,0.617375,0.617210,0.942200,0.076286,-0.049221,-0.322516
1640841561217649920,2.265716,0.616913,0.614719,0.941995,0.076666,-0.048335,-0.323160
1640841561221169920,2.262402,0.616424,0.612194,0.941779,0.077034,-0.047453,-0.323830
1640841561222599936,2.261051,0.616222,0.611177,0.941690,0.077176,-0.047105,-0.324106
1640841561224489984,2.259261,0.615950,0.609841,0.941571,0.077363,-0.046650,-0.324474
1640841561227660032,2.256246,0.615485,0.607621,0.941366,0.077683,-0.045898,-0.325098
1640841561229430016,2.254556,0.615220,0.606393,0.941250,0.077871,-0.045479,-0.325449
1640841561232659712,2.251462,0.614727,0.604172,0.941032,0.078241,-0.044713,-0.326095
1640841561234200064,2.249981,0.614487,0.603123,0.940926,0.078428,-0.044349,-0.326406
1640841561237609984,2.246691,0.613946,0.600822,0.940686,0.078859,-0.043547,-0.327100
1640841561239209984,2.245142,0.613687,0.599752,0.940572,0.079067,-0.043174,-0.327428
1640841561242909952,2.241546,0.613076,0.597304,0.940302,0.079557,-0.042325,-0.328194
1640841561244679936,2.239819,0.612778,0.596145,0.940171,0.079793,-0.041923,-0.328563
1640841561247649792,2.236912,0.612269,0.594220,0.939950,0.080183,-0.041252,-0.329184
1640841561249199872,2.235390,0.611999,0.593224,0.939835,0.080382,-0.040901,-0.329510
1640841561252589824,2.232051,0.611398,0.591068,0.939582,0.080802,-0.040131,-0.330223
1640841561254200064,2.230460,0.611108,0.590054,0.939461,0.080993,-0.039765,-0.330563
1640841561258119936,2.226572,0.610387,0.587615,0.939165,0.081437,-0.038870,-0.331400
1640841561259810048,2.224889,0.610070,0.586575,0.939036,0.081619,-0.038484,-0.331766
1640841561262679808,2.222024,0.609523,0.584827,0.938815,0.081911,-0.037827,-0.332393
1640841561264240128,2.220462,0.609221,0.583886,0.938695,0.082059,-0.037469,-0.332737
1640841561267629824,2.217058,0.608555,0.581863,0.938436,0.082350,-0.036684,-0.333483
1640841561270899968,2.213761,0.607899,0.579941,0.938190,0.082584,-0.035914,-0.334199
1640841561272960000,2.211678,0.607478,0.578744,0.938038,0.082712,-0.035425,-0.334647
1640841561274979840,2.209630,0.607060,0.577581,0.937889,0.082827,-0.034945,-0.335088
1640841561278070016,2.206487,0.606410,0.575823,0.937658,0.082994,-0.034218,-0.335765
1640841561279199744,2.205335,0.606169,0.575186,0.937573,0.083056,-0.033956,-0.336015
1640841561282660096,2.201799,0.605421,0.573258,0.937306,0.083254,-0.033169,-0.336789
1640841561284169984,2.200251,0.605090,0.572426,0.937186,0.083342,-0.032833,-0.337132
1640841561289350144,2.194922,0.603930,0.569619,0.936773,0.083613,-0.031680,-0.338322
1640841561291249920,2.192960,0.603496,0.568607,0.936622,0.083684,-0.031248,-0.338763
1640841561293299968,2.190839,0.603022,0.567526,0.936459,0.083745,-0.030772,-0.339240
1640841561294149888,2.189958,0.602823,0.567080,0.936392,0.083765,-0.030571,-0.339439
1640841561297629952,2.186343,0.602001,0.565278,0.936119,0.083833,-0.029718,-0.340251
1640841561299219968,2.184687,0.601620,0.564465,0.935994,0.083858,-0.029310,-0.340622
1640841561302639872,2.181115,0.600789,0.562740,0.935727,0.083912,-0.028391,-0.341420
1640841561304239872,2.179441,0.600395,0.561943,0.935601,0.083942,-0.027949,-0.341794
1640841561310659840,2.172694,0.598777,0.558814,0.935081,0.084130,-0.026235,-0.343304
1640841561311269888,2.172051,0.598620,0.558523,0.935030,0.084156,-0.026083,-0.343449
1640841561312579840,2.170668,0.598282,0.557900,0.934918,0.084213,-0.025765,-0.343762
1640841561314179840,2.168977,0.597865,0.557145,0.934780,0.084289,-0.025386,-0.344147
1640841561317629696,2.165323,0.596955,0.555541,0.934476,0.084459,-0.024598,-0.344988
1640841561319229952,2.163624,0.596528,0.554808,0.934332,0.084536,-0.024241,-0.345384
1640841561322840064,2.159782,0.595550,0.553178,0.934001,0.084699,-0.023444,-0.346292
1640841561324290048,2.158235,0.595152,0.552533,0.933867,0.084761,-0.023125,-0.346660
1640841561327630080,2.154665,0.594223,0.551069,0.933557,0.084897,-0.022387,-0.347509
1640841561329239808,2.152941,0.593771,0.550374,0.933408,0.084961,-0.022028,-0.347917
1640841561332540160,2.149400,0.592831,0.548971,0.933104,0.085091,-0.021281,-0.348744
1640841561334249984,2.147561,0.592338,0.548255,0.932948,0.085158,-0.020892,-0.349171
1640841561337709824,2.143832,0.591327,0.546830,0.932627,0.085283,-0.020116,-0.350041
1640841561343139840,2.137961,0.589707,0.544658,0.932107,0.085437,-0.018962,-0.351451
1640841561345139968,2.135792,0.589100,0.543878,0.931912,0.085477,-0.018554,-0.351980
1640841561345819904,2.135054,0.588892,0.543615,0.931845,0.085489,-0.018417,-0.352161
1640841561347630080,2.133087,0.588335,0.542921,0.931667,0.085514,-0.018055,-0.352643
1640841561349200128,2.131379,0.587849,0.542326,0.931514,0.085529,-0.017743,-0.353061
1640841561352689920,2.127576,0.586755,0.541027,0.931175,0.085537,-0.017049,-0.353985
1640841561354599936,2.125491,0.586149,0.540330,0.930992,0.085525,-0.016664,-0.354489
1640841561357639936,2.122167,0.585173,0.539241,0.930700,0.085478,-0.016036,-0.355294
1640841561359340032,2.120305,0.584622,0.538642,0.930537,0.085436,-0.015673,-0.355746
1640841561362889984,2.116410,0.583457,0.537417,0.930196,0.085312,-0.014887,-0.356700
1640841561364219904,2.114949,0.583016,0.536966,0.930069,0.085254,-0.014585,-0.357059
1640841561367539968,2.111296,0.581904,0.535862,0.929748,0.085091,-0.013826,-0.357961
1640841561369659904,2.108959,0.581185,0.535172,0.929543,0.084975,-0.013341,-0.358539
1640841561372689920,2.105615,0.580146,0.534207,0.929249,0.084799,-0.012655,-0.359367
1640841561374230016,2.103912,0.579613,0.533725,0.929100,0.084704,-0.012308,-0.359788
1640841561377799936,2.099961,0.578365,0.532634,0.928751,0.084473,-0.011499,-0.360768
1640841561380839936,2.096591,0.577287,0.531731,0.928453,0.084263,-0.010798,-0.361605
1640841561382649856,2.094581,0.576638,0.531204,0.928275,0.084132,-0.010373,-0.362105
1640841561384169728,2.092892,0.576090,0.530769,0.928124,0.084021,-0.010010,-0.362527
1640841561387670016,2.088998,0.574815,0.529790,0.927775,0.083762,-0.009153,-0.363503
1640841561390579968,2.085756,0.573741,0.529001,0.927480,0.083549,-0.008413,-0.364321
1640841561392589824,2.083514,0.572993,0.528468,0.927274,0.083404,-0.007889,-0.364890
1640841561394439936,2.081448,0.572298,0.527988,0.927082,0.083271,-0.007402,-0.365416
1640841561397590016,2.077927,0.571104,0.527190,0.926754,0.083043,-0.006573,-0.366317
1640841561399350016,2.075958,0.570430,0.526756,0.926569,0.082913,-0.006117,-0.366822
1640841561402639872,2.072273,0.569159,0.525966,0.926221,0.082665,-0.005287,-0.367768
1640841561404150016,2.070579,0.568570,0.525613,0.926060,0.082551,-0.004914,-0.368204
1640841561407759872,2.066528,0.567149,0.524793,0.925671,0.082289,-0.004035,-0.369251
1640841561409289728,2.064809,0.566541,0.524456,0.925503,0.082184,-0.003666,-0.369697
1640841561412979968,2.060660,0.565060,0.523668,0.925094,0.081949,-0.002782,-0.370780
1640841561414240000,2.059242,0.564550,0.523407,0.924952,0.081872,-0.002481,-0.371153
1640841561417690112,2.055356,0.563141,0.522713,0.924560,0.081661,-0.001660,-0.372179
1640841561420610048,2.052064,0.561935,0.522150,0.924224,0.081474,-0.000966,-0.373055
1640841561422619904,2.049796,0.561097,0.521776,0.923991,0.081339,-0.000489,-0.373663
1640841561424209920,2.048001,0.560431,0.521487,0.923805,0.081229,-0.000114,-0.374146
1640841561427820032,2.043923,0.558903,0.520856,0.923380,0.080978,0.000723,-0.375248
1640841561430449920,2.040949,0.557778,0.520417,0.923067,0.080800,0.001312,-0.376054
1640841561433899776,2.037045,0.556288,0.519869,0.922654,0.080567,0.002061,-0.377112
1640841561435040000,2.035755,0.555791,0.519694,0.922518,0.080487,0.002306,-0.377462
1640841561437619968,2.032833,0.554661,0.519312,0.922210,0.080292,0.002858,-0.378252
1640841561439209984,2.031031,0.553959,0.519085,0.922020,0.080159,0.003201,-0.378738
1640841561442749952,2.027017,0.552384,0.518603,0.921603,0.079818,0.003977,-0.379818
1640841561444219904,2.025350,0.551725,0.518412,0.921430,0.079660,0.004303,-0.380266
1640841561447810048,2.021276,0.550101,0.517970,0.921010,0.079241,0.005104,-0.381361
1640841561449389824,2.019482,0.549381,0.517785,0.920824,0.079045,0.005456,-0.381844
1640841561452649728,2.015780,0.547883,0.517425,0.920440,0.078622,0.006177,-0.382846
1640841561454259968,2.013951,0.547138,0.517258,0.920250,0.078402,0.006534,-0.383341
1640841561457559808,2.010201,0.545598,0.516934,0.919862,0.077922,0.007274,-0.384355
1640841561459200000,2.008336,0.544827,0.516784,0.919671,0.077666,0.007649,-0.384858
1640841561462720000,2.004334,0.543159,0.516484,0.919265,0.077071,0.008479,-0.385928
1640841561464539904,2.002263,0.542289,0.516342,0.919058,0.076737,0.008922,-0.386476
1640841561468119808,1.998191,0.540565,0.516086,0.918655,0.076035,0.009813,-0.387551
1640841561469299968,1.996848,0.539993,0.516009,0.918522,0.075794,0.010107,-0.387906
1640841561472790016,1.992876,0.538288,0.515800,0.918125,0.075060,0.010971,-0.388963
1640841561474269952,1.991192,0.537560,0.515721,0.917955,0.074743,0.011333,-0.389414
1640841561477839872,1.987128,0.535790,0.515553,0.917544,0.073974,0.012198,-0.390503
1640841561479630080,1.985090,0.534896,0.515481,0.917337,0.073589,0.012626,-0.391048
1640841561483140096,1.981095,0.533129,0.515363,0.916931,0.072848,0.013458,-0.392109
1640841561484679936,1.979342,0.532349,0.515320,0.916753,0.072530,0.013820,-0.392571
1640841561487589888,1.976029,0.530864,0.515257,0.916415,0.071938,0.014508,-0.393443
1640841561489379840,1.973991,0.529945,0.515228,0.916206,0.071577,0.014937,-0.393980
1640841561492529920,1.970406,0.528316,0.515196,0.915834,0.070946,0.015708,-0.394929
1640841561494439936,1.968232,0.527322,0.515189,0.915606,0.070564,0.016179,-0.395506
1640841561497759744,1.964453,0.525581,0.515197,0.915208,0.069899,0.016979,-0.396509
1640841561499439872,1.962542,0.524694,0.515212,0.915008,0.069563,0.017368,-0.397015
1640841561502650112,1.958890,0.522987,0.515259,0.914626,0.068918,0.018062,-0.397973
1640841561504240128,1.957081,0.522137,0.515291,0.914438,0.068603,0.018386,-0.398445
1640841561507949824,1.952863,0.520138,0.515391,0.913999,0.067892,0.019118,-0.399539
1640841561509309952,1.951316,0.519401,0.515436,0.913836,0.067646,0.019386,-0.399940
1640841561512600064,1.947577,0.517606,0.515563,0.913439,0.067086,0.020042,-0.400908
1640841561514789888,1.945089,0.516402,0.515662,0.913172,0.066738,0.020483,-0.401552
1640841561517560064,1.941943,0.514870,0.515803,0.912831,0.066319,0.021043,-0.402366
1640841561519239936,1.940036,0.513936,0.515898,0.912623,0.066074,0.021382,-0.402860
1640841561522619904,1.936200,0.512044,0.516109,0.912202,0.065596,0.022061,-0.403853
1640841561524499968,1.934068,0.510985,0.516238,0.911967,0.065335,0.022431,-0.404405
1640841561527809792,1.930315,0.509108,0.516486,0.911556,0.064885,0.023053,-0.405369
1640841561529619968,1.928264,0.508074,0.516632,0.911334,0.064645,0.023366,-0.405888
1640841561532699904,1.924776,0.506306,0.516899,0.910961,0.064244,0.023852,-0.406760
1640841561534210048,1.923067,0.505434,0.517038,0.910780,0.064048,0.024075,-0.407184
1640841561537609728,1.919221,0.503460,0.517370,0.910369,0.063605,0.024560,-0.408142
1640841561539359744,1.917242,0.502437,0.517551,0.910154,0.063372,0.024809,-0.408641
1640841561542699776,1.913469,0.500473,0.517918,0.909740,0.062916,0.025293,-0.409602
1640841561544270080,1.911696,0.499545,0.518099,0.909545,0.062698,0.025523,-0.410055
1640841561547780096,1.907737,0.497456,0.518524,0.909113,0.062204,0.026041,-0.411055
1640841561549259776,1.906069,0.496571,0.518711,0.908934,0.061994,0.026261,-0.411469
1640841561552620032,1.902284,0.494549,0.519156,0.908536,0.061516,0.026759,-0.412387
1640841561554279936,1.900416,0.493545,0.519386,0.908341,0.061278,0.027003,-0.412834
1640841561557600000,1.896683,0.491524,0.519863,0.907953,0.060795,0.027478,-0.413728
1640841561559219712,1.894864,0.490533,0.520105,0.907761,0.060556,0.027702,-0.414168
1640841561562929920,1.890700,0.488249,0.520682,0.907315,0.059997,0.028199,-0.415193
1640841561564189952,1.889287,0.487469,0.520885,0.907162,0.059803,0.028366,-0.415543
1640841561567579904,1.885490,0.485359,0.521449,0.906752,0.059273,0.028820,-0.416481
1640841561570589952,1.882124,0.483473,0.521971,0.906394,0.058791,0.029242,-0.417300
1640841561572599808,1.879878,0.482207,0.522331,0.906158,0.058462,0.029538,-0.417837
1640841561574220032,1.878069,0.481182,0.522627,0.905969,0.058194,0.029783,-0.418265
1640841561578009856,1.873843,0.478771,0.523344,0.905532,0.057556,0.030373,-0.419257
1640841561579680000,1.871984,0.477702,0.523670,0.905339,0.057271,0.030640,-0.419693
1640841561582759936,1.868558,0.475721,0.524287,0.904983,0.056739,0.031135,-0.420496
1640841561584159744,1.867002,0.474816,0.524575,0.904821,0.056496,0.031362,-0.420861
1640841561587649792,1.863130,0.472550,0.525310,0.904416,0.055882,0.031932,-0.421769
1640841561589339904,1.861257,0.471446,0.525675,0.904221,0.055583,0.032211,-0.422205
1640841561592640000,1.857605,0.469280,0.526407,0.903843,0.054995,0.032759,-0.423049
1640841561594349824,1.855715,0.468152,0.526795,0.903648,0.054693,0.033044,-0.423482
1640841561597809920,1.851897,0.465857,0.527601,0.903255,0.054096,0.033626,-0.424351
1640841561599299840,1.850255,0.464864,0.527955,0.903085,0.053849,0.033877,-0.424724
1640841561602579712,1.846646,0.462668,0.528753,0.902709,0.053335,0.034430,-0.425543
1640841561604270080,1.844789,0.461530,0.529173,0.902514,0.053085,0.034714,-0.425964
1640841561607729920,1.840994,0.459190,0.530052,0.902114,0.052600,0.035293,-0.426823
1640841561610089984,1.838409,0.457584,0.530666,0.901841,0.052284,0.035682,-0.427406
1640841561613440000,1.834748,0.455293,0.531557,0.901456,0.051847,0.036226,-0.428225
1640841561615039744,1.833002,0.454193,0.531992,0.901273,0.051639,0.036480,-0.428613
1640841561617830144,1.829962,0.452267,0.532762,0.900957,0.051276,0.036914,-0.429284
1640841561619279872,1.828384,0.451262,0.533168,0.900794,0.051085,0.037135,-0.429629
1640841561622599936,1.824778,0.448951,0.534116,0.900421,0.050670,0.037647,-0.430415
1640841561624259840,1.822978,0.447790,0.534598,0.900233,0.050485,0.037917,-0.430807
1640841561627739904,1.819211,0.445344,0.535628,0.899834,0.050122,0.038506,-0.431629
1640841561629299968,1.817526,0.444242,0.536098,0.899655,0.049955,0.038774,-0.431997
1640841561632539904,1.814031,0.441945,0.537090,0.899284,0.049569,0.039331,-0.432763
1640841561634689792,1.811717,0.440412,0.537760,0.899040,0.049289,0.039699,-0.433269
1640841561637549824,1.808645,0.438365,0.538665,0.898717,0.048904,0.040195,-0.433936
1640841561639219968,1.806854,0.437164,0.539202,0.898530,0.048682,0.040489,-0.434320
1640841561642799872,1.803023,0.434579,0.540371,0.898135,0.048224,0.041136,-0.435127
1640841561645259776,1.800396,0.432793,0.541190,0.897866,0.047919,0.041595,-0.435673
1640841561647619840,1.797882,0.431072,0.541987,0.897608,0.047628,0.042047,-0.436192
1640841561649260032,1.796137,0.429872,0.542547,0.897429,0.047423,0.042367,-0.436552
1640841561652590080,1.792602,0.427425,0.543701,0.897063,0.046994,0.043032,-0.437284
1640841561655449856,1.789574,0.425312,0.544710,0.896750,0.046608,0.043621,-0.437909
1640841561657680128,1.787217,0.423658,0.545508,0.896507,0.046296,0.044094,-0.438391
1640841561662319872,1.782329,0.420195,0.547200,0.896014,0.045614,0.045115,-0.439367
1640841561663120128,1.781488,0.419596,0.547496,0.895930,0.045495,0.045295,-0.439532
1640841561664209920,1.780344,0.418777,0.547901,0.895816,0.045333,0.045541,-0.439755
1640841561667599872,1.776791,0.416223,0.549176,0.895461,0.044844,0.046308,-0.440447
1640841561669240064,1.775076,0.414982,0.549801,0.895289,0.044621,0.046678,-0.440781
1640841561672549888,1.771623,0.412467,0.551079,0.894937,0.044211,0.047415,-0.441459
1640841561675079936,1.768990,0.410537,0.552069,0.894665,0.043926,0.047970,-0.441978
1640841561677669888,1.766302,0.408552,0.553096,0.894386,0.043650,0.048536,-0.442508
1640841561679270144,1.764644,0.407322,0.553736,0.894214,0.043482,0.048886,-0.442833
1640841561683079936,1.760707,0.404380,0.555282,0.893809,0.043082,0.049722,-0.443596
1640841561684239872,1.759511,0.403481,0.555758,0.893686,0.042963,0.049976,-0.443826
1640841561687709696,1.755941,0.400782,0.557197,0.893322,0.042618,0.050732,-0.444507
1640841561689339904,1.754269,0.399509,0.557880,0.893152,0.042465,0.051084,-0.444823
1640841561692539904,1.750993,0.397001,0.559237,0.892819,0.042185,0.051763,-0.445439
1640841561694239744,1.749257,0.395664,0.559966,0.892643,0.042044,0.052116,-0.445763
1640841561697989888,1.745437,0.392702,0.561592,0.892257,0.041745,0.052875,-0.446475
1640841561699839744,1.743559,0.391235,0.562403,0.892067,0.041600,0.053236,-0.446824
1640841561702649856,1.740712,0.388999,0.563648,0.891781,0.041378,0.053765,-0.447352
1640841561704419840,1.738922,0.387586,0.564440,0.891602,0.041236,0.054087,-0.447684
1640841561709189888,1.734117,0.383760,0.566601,0.891124,0.040849,0.054919,-0.448569
1640841561709899776,1.733404,0.383188,0.566927,0.891053,0.040792,0.055041,-0.448699
1640841561712889856,1.730406,0.380775,0.568306,0.890760,0.040556,0.055549,-0.449241
1640841561714219776,1.729076,0.379698,0.568925,0.890630,0.040453,0.055775,-0.449478
1640841561717679872,1.725623,0.376887,0.570549,0.890298,0.040184,0.056368,-0.450086
1640841561719419904,1.723892,0.375469,0.571374,0.890132,0.040040,0.056672,-0.450390
1640841561723109888,1.720232,0.372449,0.573141,0.889780,0.039704,0.057332,-0.451030
1640841561724229888,1.719124,0.371530,0.573682,0.889674,0.039594,0.057536,-0.451223
1640841561727789824,1.715611,0.368599,0.575417,0.889341,0.039222,0.058186,-0.451829
1640841561729260032,1.714164,0.367384,0.576139,0.889205,0.039060,0.058455,-0.452074
1640841561732590080,1.710895,0.364625,0.577789,0.888906,0.038679,0.059057,-0.452616
1640841561734269952,1.709251,0.363228,0.578629,0.888760,0.038480,0.059357,-0.452882
1640841561739300096,1.704347,0.359028,0.581172,0.888327,0.037864,0.060250,-0.453664
1640841561740389888,1.703288,0.358115,0.581728,0.888233,0.037727,0.060445,-0.453834
1640841561742599936,1.701145,0.356258,0.582863,0.888039,0.037448,0.060847,-0.454183
1640841561744279808,1.699520,0.354844,0.583730,0.887890,0.037234,0.061156,-0.454451
1640841561747629824,1.696288,0.352015,0.585475,0.887591,0.036814,0.061778,-0.454985
1640841561749280000,1.694701,0.350617,0.586341,0.887444,0.036612,0.062087,-0.455245
1640841561752689920,1.691431,0.347720,0.588144,0.887145,0.036212,0.062724,-0.455771
1640841561754299904,1.689891,0.346348,0.589002,0.887007,0.036029,0.063020,-0.456014
1640841561757609728,1.686736,0.343519,0.590778,0.886727,0.035653,0.063607,-0.456507
1640841561759279872,1.685148,0.342087,0.591681,0.886587,0.035458,0.063886,-0.456754
1640841561762859776,1.681756,0.339009,0.593632,0.886292,0.035018,0.064430,-0.457285
1640841561764199936,1.680490,0.337854,0.594367,0.886182,0.034842,0.064612,-0.457486
1640841561767559936,1.677326,0.334949,0.596223,0.885903,0.034402,0.065058,-0.457995
1640841561769340160,1.675654,0.333406,0.597213,0.885752,0.034188,0.065315,-0.458267
1640841561777429760,1.668105,0.326353,0.601772,0.885032,0.033457,0.066640,-0.459520
1640841561779619840,1.666075,0.324433,0.603023,0.884838,0.033299,0.066940,-0.459862
1640841561780009984,1.665714,0.324091,0.603246,0.884803,0.033272,0.066987,-0.459922
1640841561780549888,1.665214,0.323617,0.603556,0.884756,0.033234,0.067050,-0.460007
1640841561782549760,1.663367,0.321858,0.604707,0.884583,0.033096,0.067255,-0.460319
1640841561784279808,1.661773,0.320333,0.605708,0.884436,0.032978,0.067408,-0.460588
1640841561787799808,1.658541,0.317223,0.607757,0.884140,0.032733,0.067682,-0.461133
1640841561789369856,1.657105,0.315832,0.608676,0.884009,0.032619,0.067804,-0.461374
1640841561792569856,1.654185,0.312990,0.610561,0.883744,0.032376,0.068063,-0.461862
1640841561794790144,1.652167,0.311013,0.611877,0.883560,0.032200,0.068240,-0.462199
1640841561797550080,1.649667,0.308550,0.613523,0.883333,0.031978,0.068441,-0.462619
1640841561799259904,1.648122,0.307020,0.614548,0.883193,0.031839,0.068548,-0.462880
1640841561802850048,1.644891,0.303799,0.616712,0.882900,0.031548,0.068708,-0.463435
1640841561804379904,1.643519,0.302424,0.617640,0.882775,0.031426,0.068747,-0.463674
1640841561807729920,1.640524,0.299404,0.619682,0.882505,0.031156,0.068807,-0.464198
1640841561809419776,1.639019,0.297878,0.620717,0.882370,0.031018,0.068842,-0.464459
1640841561812859904,1.635965,0.294762,0.622837,0.882097,0.030731,0.068944,-0.464980
1640841561814189824,1.634788,0.293555,0.623661,0.881993,0.030617,0.068991,-0.465180
1640841561817699840,1.631693,0.290363,0.625845,0.881717,0.030312,0.069114,-0.465703
1640841561819269888,1.630314,0.288932,0.626827,0.881594,0.030172,0.069164,-0.465938
1640841561822639872,1.627363,0.285852,0.628946,0.881330,0.029866,0.069245,-0.466445
1640841561824280064,1.625933,0.284351,0.629982,0.881202,0.029712,0.069273,-0.466693
1640841561827919872,1.622769,0.281010,0.632293,0.880922,0.029351,0.069308,-0.467238
1640841561829649920,1.621272,0.279419,0.633397,0.880792,0.029168,0.069315,-0.467494
1640841561832649984,1.618683,0.276654,0.635320,0.880574,0.028826,0.069314,-0.467926
1640841561834359808,1.617213,0.275075,0.636421,0.880453,0.028617,0.069308,-0.468166
1640841561837590016,1.614446,0.272085,0.638509,0.880230,0.028213,0.069292,-0.468612
1640841561839340032,1.612953,0.270463,0.639646,0.880110,0.027995,0.069284,-0.468852
1640841561842720000,1.610078,0.267322,0.641851,0.879876,0.027586,0.069275,-0.469316
1640841561844600064,1.608486,0.265571,0.643083,0.879745,0.027362,0.069272,-0.469575
1640841561847610112,1.605946,0.262763,0.645065,0.879534,0.027005,0.069267,-0.469991
1640841561849380096,1.604458,0.261109,0.646234,0.879410,0.026793,0.069263,-0.470237
1640841561852609792,1.601752,0.258084,0.648377,0.879181,0.026398,0.069250,-0.470689
1640841561854459904,1.600208,0.256348,0.649610,0.879050,0.026169,0.069235,-0.470948
1640841561857580032,1.597614,0.253415,0.651697,0.878829,0.025781,0.069186,-0.471389
1640841561859439872,1.596074,0.251664,0.652946,0.878698,0.025551,0.069137,-0.471653
1640841561863169792,1.592997,0.248144,0.655461,0.878438,0.025096,0.068984,-0.472185
1640841561864259840,1.592102,0.247113,0.656199,0.878362,0.024967,0.068927,-0.472341
1640841561867719936,1.589269,0.243838,0.658549,0.878122,0.024572,0.068723,-0.472837
1640841561869269760,1.588004,0.242367,0.659606,0.878015,0.024404,0.068623,-0.473060
1640841561872529920,1.585355,0.239270,0.661836,0.877788,0.024075,0.068403,-0.473528
1640841561874709760,1.583591,0.237195,0.663333,0.877636,0.023870,0.068249,-0.473843
1640841561877709824,1.581173,0.234335,0.665401,0.877424,0.023605,0.068030,-0.474281
1640841561879340032,1.579864,0.232779,0.666528,0.877307,0.023468,0.067906,-0.474521
1640841561882819840,1.577080,0.229450,0.668942,0.877053,0.023185,0.067628,-0.475044
1640841561884369920,1.575845,0.227965,0.670021,0.876939,0.023064,0.067494,-0.475280
1640841561887599872,1.573281,0.224866,0.672277,0.876703,0.022818,0.067184,-0.475771
1640841561889240064,1.571984,0.223290,0.673427,0.876585,0.022696,0.067006,-0.476018
1640841561892589824,1.569345,0.220067,0.675781,0.876350,0.022452,0.066599,-0.476520
1640841561894240000,1.568050,0.218477,0.676945,0.876236,0.022332,0.066381,-0.476765
1640841561898030080,1.565089,0.214818,0.679626,0.875976,0.022050,0.065858,-0.477329
1640841561900569856,1.563115,0.212362,0.681430,0.875801,0.021851,0.065500,-0.477708
1640841561902560000,1.561573,0.210435,0.682847,0.875663,0.021689,0.065221,-0.478007
1640841561904259840,1.560260,0.208788,0.684060,0.875544,0.021546,0.064982,-0.478263
1640841561908979968,1.556633,0.204205,0.687442,0.875212,0.021137,0.064310,-0.478980
1640841561909600000,1.556159,0.203602,0.687887,0.875168,0.021083,0.064221,-0.479075
1640841561912770048,1.553740,0.200517,0.690170,0.874943,0.020801,0.063757,-0.479560
1640841561914690048,1.552281,0.198646,0.691557,0.874806,0.020625,0.063472,-0.479855
1640841561918609920,1.549316,0.194821,0.694397,0.874527,0.020247,0.062885,-0.480455
1640841561919539968,1.548616,0.193912,0.695072,0.874462,0.020151,0.062746,-0.480597
1640841561922720000,1.546228,0.190803,0.697387,0.874239,0.019807,0.062270,-0.481079
1640841561924209920,1.545113,0.189344,0.698475,0.874135,0.019636,0.062045,-0.481304
1640841561927629824,1.542564,0.185992,0.700977,0.873897,0.019232,0.061514,-0.481819
1640841561930080000,1.540746,0.183588,0.702774,0.873728,0.018936,0.061114,-0.482189
1640841561932859904,1.538692,0.180857,0.704820,0.873535,0.018601,0.060639,-0.482612
1640841561934379776,1.537573,0.179362,0.705940,0.873428,0.018419,0.060375,-0.482844
1640841561937619968,1.535196,0.176173,0.708335,0.873199,0.018035,0.059817,-0.483343
1640841561939350016,1.533932,0.174469,0.709616,0.873074,0.017834,0.059527,-0.483611
1640841561942620160,1.531552,0.171244,0.712044,0.872834,0.017465,0.059009,-0.484122
1640841561944259840,1.530363,0.169626,0.713264,0.872711,0.017284,0.058760,-0.484379
1640841561947980032,1.527677,0.165950,0.716039,0.872432,0.016881,0.058188,-0.484965
1640841561949619968,1.526498,0.164329,0.717265,0.872310,0.016704,0.057922,-0.485222
1640841561952719872,1.524277,0.161261,0.719588,0.872083,0.016371,0.057380,-0.485707
1640841561954289920,1.523156,0.159706,0.720766,0.871968,0.016203,0.057087,-0.485952
1640841561957609984,1.520795,0.156416,0.723264,0.871726,0.015858,0.056445,-0.486473
1640841561959309824,1.519591,0.154730,0.724545,0.871601,0.015688,0.056110,-0.486742
1640841561962669824,1.517220,0.151395,0.727083,0.871348,0.015371,0.055447,-0.487281
1640841561964619776,1.515849,0.149458,0.728559,0.871199,0.015195,0.055057,-0.487596
1640841561968469760,1.513156,0.145631,0.731480,0.870902,0.014862,0.054263,-0.488225
1640841561969459968,1.512465,0.144646,0.732233,0.870826,0.014778,0.054052,-0.488388
1640841561972790016,1.510151,0.141333,0.734768,0.870569,0.014498,0.053315,-0.488935
1640841561974309888,1.509099,0.139820,0.735927,0.870451,0.014374,0.052967,-0.489186
1640841561977700096,1.506760,0.136443,0.738517,0.870185,0.014114,0.052177,-0.489752
1640841561979259904,1.505688,0.134889,0.739711,0.870060,0.014007,0.051811,-0.490016
1640841561982640128,1.503374,0.131519,0.742303,0.869781,0.013810,0.051024,-0.490599
1640841561984269824,1.502262,0.129894,0.743554,0.869642,0.013736,0.050653,-0.490886
1640841561987589888,1.500005,0.126582,0.746108,0.869351,0.013615,0.049900,-0.491481
1640841561989379840,1.498792,0.124795,0.747487,0.869196,0.013541,0.049472,-0.491801
1640841561992630016,1.496599,0.121551,0.749996,0.868923,0.013357,0.048623,-0.492373
1640841561995020032,1.494993,0.119164,0.751843,0.868727,0.013191,0.047959,-0.492787
1640841561997929728,1.493045,0.116258,0.754097,0.868492,0.012968,0.047132,-0.493287
1640841561999269888,1.492150,0.114919,0.755136,0.868384,0.012862,0.046753,-0.493516
1640841562003029760,1.489650,0.111162,0.758055,0.868076,0.012570,0.045714,-0.494162
1640841562004230144,1.488854,0.109963,0.758988,0.867976,0.012476,0.045388,-0.494370
1640841562007629824,1.486609,0.106565,0.761635,0.867690,0.012201,0.044457,-0.494963
1640841562010069760,1.485003,0.104127,0.763537,0.867482,0.011989,0.043769,-0.495395
1640841562012569856,1.483364,0.101628,0.765489,0.867266,0.011754,0.043041,-0.495842
1640841562014639872,1.482011,0.099559,0.767107,0.867086,0.011547,0.042427,-0.496215
1640841562017519872,1.480135,0.096681,0.769361,0.866835,0.011244,0.041564,-0.496733
1640841562019330048,1.478960,0.094872,0.770779,0.866678,0.011045,0.041021,-0.497056
1640841562022660096,1.476805,0.091545,0.773391,0.866392,0.010662,0.040034,-0.497643
1640841562024309760,1.475741,0.089896,0.774686,0.866251,0.010465,0.039549,-0.497931
1640841562027859968,1.473459,0.086350,0.777477,0.865946,0.010017,0.038509,-0.498552
1640841562030139904,1.471999,0.084073,0.779271,0.865747,0.009710,0.037837,-0.498956
1640841562032860160,1.470263,0.081357,0.781414,0.865505,0.009327,0.037035,-0.499442
1640841562034230016,1.469391,0.079989,0.782495,0.865382,0.009128,0.036633,-0.499688
1640841562037649920,1.467221,0.076576,0.785193,0.865076,0.008626,0.035649,-0.500298
1640841562039629824,1.465968,0.074601,0.786757,0.864900,0.008334,0.035098,-0.500646
1640841562043059712,1.463806,0.071180,0.789469,0.864598,0.007828,0.034174,-0.501240
1640841562044399872,1.462964,0.069844,0.790530,0.864480,0.007628,0.033819,-0.501470
1640841562047879936,1.460783,0.066376,0.793285,0.864173,0.007089,0.032894,-0.502069
1640841562049280000,1.459908,0.064981,0.794395,0.864048,0.006862,0.032516,-0.502311
1640841562052549888,1.457871,0.061725,0.796988,0.863752,0.006303,0.031604,-0.502886
1640841562054319872,1.456771,0.059964,0.798392,0.863589,0.005987,0.031096,-0.503201
1640841562057859840,1.454578,0.056442,0.801203,0.863262,0.005352,0.030071,-0.503831
1640841562060829952,1.452745,0.053490,0.803563,0.862989,0.004843,0.029223,-0.504354
1640841562062609920,1.451650,0.051722,0.804979,0.862827,0.004556,0.028725,-0.504663
1640841562064250112,1.450642,0.050093,0.806283,0.862678,0.004302,0.028270,-0.504945
1640841562067600128,1.448590,0.046768,0.808949,0.862372,0.003807,0.027339,-0.505523
1640841562069259776,1.447575,0.045122,0.810270,0.862218,0.003571,0.026869,-0.505811
1640841562072699904,1.445479,0.041712,0.813010,0.861895,0.003096,0.025872,-0.506417
1640841562074479872,1.444397,0.039949,0.814428,0.861725,0.002858,0.025344,-0.506734
1640841562078579968,1.441912,0.035892,0.817697,0.861330,0.002328,0.024096,-0.507468
1640841562079650048,1.441266,0.034834,0.818550,0.861227,0.002194,0.023764,-0.507660
1640841562083059968,1.439209,0.031464,0.821270,0.860897,0.001777,0.022687,-0.508270
1640841562084309760,1.438457,0.030230,0.822267,0.860776,0.001627,0.022284,-0.508492
1640841562087620096,1.436469,0.026964,0.824909,0.860459,0.001233,0.021196,-0.509078
1640841562089769728,1.435181,0.024845,0.826624,0.860254,0.000977,0.020472,-0.509453
1640841562092699904,1.433430,0.021959,0.828963,0.859977,0.000628,0.019463,-0.509960
1640841562094279936,1.432488,0.020404,0.830225,0.859828,0.000440,0.018911,-0.510234
1640841562098019840,1.430263,0.016727,0.833211,0.859469,-0.000002,0.017592,-0.510884
1640841562099709952,1.429260,0.015067,0.834560,0.859304,-0.000198,0.016993,-0.511183
1640841562102599936,1.427548,0.012231,0.836868,0.859015,-0.000531,0.015966,-0.511701
1640841562104290048,1.426548,0.010574,0.838218,0.858843,-0.000724,0.015363,-0.512007
1640841562107739904,1.424512,0.007195,0.840972,0.858491,-0.001118,0.014122,-0.512633
1640841562109439744,1.423511,0.005532,0.842330,0.858318,-0.001314,0.013502,-0.512939
1640841562112640000,1.421630,0.002405,0.844885,0.857996,-0.001692,0.012320,-0.513506
1640841562114279936,1.420668,0.000803,0.846194,0.857832,-0.001891,0.011708,-0.513793
1640841562117699840,1.418665,-0.002532,0.848923,0.857494,-0.002324,0.010425,-0.514383
1640841562119340032,1.417706,-0.004130,0.850232,0.857333,-0.002543,0.009809,-0.514662
1640841562122899968,1.415628,-0.007594,0.853073,0.856986,-0.003045,0.008477,-0.515262
1640841562124229888,1.414853,-0.008887,0.854134,0.856856,-0.003241,0.007983,-0.515484
1640841562127609856,1.412887,-0.012168,0.856829,0.856527,-0.003753,0.006745,-0.516045
1640841562129339904,1.411883,-0.013846,0.858208,0.856357,-0.004020,0.006122,-0.516332
1640841562132959744,1.409784,-0.017352,0.861093,0.856000,-0.004588,0.004847,-0.516932
1640841562134269952,1.409025,-0.018619,0.862137,0.855871,-0.004796,0.004394,-0.517148
1640841562137699840,1.407042,-0.021933,0.864869,0.855533,-0.005346,0.003217,-0.517711
1640841562139340032,1.406096,-0.023516,0.866174,0.855372,-0.005612,0.002658,-0.517977
1640841562142579968,1.404228,-0.026639,0.868753,0.855057,-0.006141,0.001551,-0.518495
1640841562144280064,1.403249,-0.028275,0.870105,0.854892,-0.006417,0.000970,-0.518765
1640841562147660032,1.401305,-0.031524,0.872792,0.854566,-0.006957,-0.000191,-0.519297
1640841562149519872,1.400237,-0.033309,0.874270,0.854385,-0.007245,-0.000832,-0.519589
1640841562152719872,1.398401,-0.036377,0.876812,0.854073,-0.007721,-0.001944,-0.520092
1640841562154539776,1.397359,-0.038120,0.878256,0.853895,-0.007980,-0.002581,-0.520378
1640841562157529856,1.395647,-0.040978,0.880628,0.853602,-0.008384,-0.003634,-0.520846
1640841562159269888,1.394652,-0.042640,0.882008,0.853432,-0.008606,-0.004251,-0.521117
1640841562162619904,1.392738,-0.045834,0.884662,0.853104,-0.009009,-0.005446,-0.521634
1640841562164409856,1.391717,-0.047538,0.886079,0.852929,-0.009208,-0.006086,-0.521910
1640841562168049920,1.389641,-0.050998,0.888960,0.852573,-0.009575,-0.007380,-0.522468
1640841562169479936,1.388826,-0.052356,0.890090,0.852433,-0.009704,-0.007883,-0.522687
1640841562172729856,1.386976,-0.055436,0.892658,0.852112,-0.009966,-0.009014,-0.523187
1640841562174299904,1.386083,-0.056922,0.893898,0.851956,-0.010079,-0.009560,-0.523429
1640841562177619968,1.384196,-0.060060,0.896518,0.851626,-0.010299,-0.010732,-0.523939
1640841562179309824,1.383235,-0.061655,0.897850,0.851458,-0.010405,-0.011347,-0.524197
1640841562182669824,1.381328,-0.064820,0.900497,0.851123,-0.010608,-0.012611,-0.524707
1640841562184329984,1.380386,-0.066382,0.901804,0.850958,-0.010704,-0.013250,-0.524958
1640841562187660032,1.378497,-0.069509,0.904423,0.850625,-0.010881,-0.014541,-0.525458
1640841562190709760,1.376768,-0.072368,0.906819,0.850320,-0.011025,-0.015711,-0.525916
1640841562192600064,1.375697,-0.074136,0.908303,0.850130,-0.011105,-0.016426,-0.526199
1640841562194279936,1.374745,-0.075706,0.909621,0.849962,-0.011172,-0.017053,-0.526449
1640841562197739776,1.372786,-0.078934,0.912332,0.849617,-0.011303,-0.018319,-0.526961
1640841562200389888,1.371286,-0.081401,0.914407,0.849354,-0.011400,-0.019260,-0.527349
1640841562202779904,1.369933,-0.083622,0.916276,0.849119,-0.011490,-0.020087,-0.527694
1640841562204659968,1.368870,-0.085367,0.917745,0.848936,-0.011563,-0.020721,-0.527963
1640841562207569920,1.367223,-0.088063,0.920017,0.848656,-0.011686,-0.021671,-0.528372
1640841562210039808,1.365826,-0.090346,0.921944,0.848421,-0.011793,-0.022466,-0.528714
1640841562212549888,1.364406,-0.092663,0.923899,0.848181,-0.011892,-0.023297,-0.529061
1640841562214589952,1.363253,-0.094542,0.925487,0.847984,-0.011966,-0.023993,-0.529344
1640841562217669888,1.361511,-0.097375,0.927882,0.847684,-0.012083,-0.025054,-0.529771
1640841562219429888,1.360515,-0.098990,0.929249,0.847513,-0.012161,-0.025654,-0.530015
1640841562222699776,1.358665,-0.101986,0.931787,0.847194,-0.012333,-0.026738,-0.530466
1640841562224390144,1.357709,-0.103531,0.933097,0.847030,-0.012431,-0.027281,-0.530698
1640841562227549952,1.355921,-0.106415,0.935544,0.846725,-0.012621,-0.028260,-0.531129
1640841562229309952,1.354924,-0.108018,0.936905,0.846557,-0.012725,-0.028783,-0.531367
1640841562232590080,1.353067,-0.110999,0.939439,0.846246,-0.012908,-0.029716,-0.531806
1640841562234700032,1.351872,-0.112913,0.941067,0.846048,-0.013019,-0.030293,-0.532086
1640841562237720064,1.350161,-0.115646,0.943395,0.845765,-0.013175,-0.031101,-0.532485
1640841562241129984,1.348228,-0.118723,0.946019,0.845447,-0.013351,-0.032007,-0.532933
1640841562242589952,1.347400,-0.120038,0.947141,0.845310,-0.013428,-0.032397,-0.533125
1640841562244259840,1.346452,-0.121540,0.948423,0.845153,-0.013517,-0.032844,-0.533344
1640841562247569920,1.344573,-0.124511,0.950963,0.844842,-0.013692,-0.033729,-0.533776
1640841562250969856,1.342641,-0.127553,0.953566,0.844524,-0.013863,-0.034625,-0.534218
1640841562252640000,1.341691,-0.129044,0.954844,0.844368,-0.013942,-0.035058,-0.534433
1640841562254289920,1.340753,-0.130515,0.956105,0.844215,-0.014014,-0.035482,-0.534645
1640841562257550080,1.338897,-0.133414,0.958593,0.843913,-0.014132,-0.036316,-0.535063
1640841562259269888,1.337917,-0.134940,0.959904,0.843753,-0.014177,-0.036756,-0.535284
1640841562262619904,1.336006,-0.137905,0.962454,0.843441,-0.014223,-0.037622,-0.535714
1640841562264559872,1.334899,-0.139618,0.963929,0.843259,-0.014224,-0.038125,-0.535966
1640841562267580160,1.333173,-0.142278,0.966222,0.842971,-0.014195,-0.038899,-0.536362
1640841562269270016,1.332207,-0.143763,0.967503,0.842808,-0.014165,-0.039322,-0.536589
1640841562272649984,1.330271,-0.146726,0.970062,0.842477,-0.014081,-0.040148,-0.537049
1640841562274269696,1.329343,-0.148142,0.971287,0.842317,-0.014033,-0.040542,-0.537272
1640841562277599744,1.327432,-0.151046,0.973801,0.841990,-0.013926,-0.041365,-0.537725
1640841562279369728,1.326415,-0.152585,0.975135,0.841818,-0.013869,-0.041819,-0.537961
1640841562282949888,1.324356,-0.155690,0.977830,0.841474,-0.013755,-0.042781,-0.538426
1640841562284569856,1.323423,-0.157091,0.979048,0.841318,-0.013700,-0.043227,-0.538635
1640841562287699968,1.321618,-0.159791,0.981397,0.841015,-0.013583,-0.044090,-0.539041
1640841562289339904,1.320671,-0.161202,0.982626,0.840853,-0.013512,-0.044535,-0.539259
1640841562295029760,1.317379,-0.166078,0.986881,0.840272,-0.013216,-0.046018,-0.540047
1640841562295539968,1.317083,-0.166513,0.987262,0.840219,-0.013188,-0.046147,-0.540119
1640841562297869824,1.315732,-0.168499,0.988999,0.839977,-0.013060,-0.046736,-0.540448
1640841562300740096,1.314064,-0.170938,0.991136,0.839680,-0.012913,-0.047459,-0.540850
1640841562302559744,1.313005,-0.172481,0.992489,0.839493,-0.012828,-0.047918,-0.541102
1640841562304260096,1.312015,-0.173919,0.993751,0.839318,-0.012755,-0.048346,-0.541336
1640841562307680000,1.310019,-0.176802,0.996287,0.838967,-0.012624,-0.049207,-0.541806
1640841562309639936,1.308874,-0.178449,0.997737,0.838764,-0.012559,-0.049699,-0.542076
1640841562312659968,1.307106,-0.180980,0.999968,0.838450,-0.012473,-0.050455,-0.542495
1640841562315300096,1.305557,-0.183184,1.001915,0.838172,-0.012410,-0.051113,-0.542864
1640841562318650112,1.303587,-0.185970,1.004381,0.837817,-0.012343,-0.051942,-0.543335
1640841562319350016,1.303175,-0.186551,1.004895,0.837742,-0.012330,-0.052114,-0.543434
1640841562322530048,1.301300,-0.189183,1.007229,0.837403,-0.012278,-0.052892,-0.543883
1640841562324299776,1.300255,-0.190643,1.008526,0.837213,-0.012252,-0.053319,-0.544133
1640841562327610112,1.298296,-0.193364,1.010947,0.836857,-0.012214,-0.054092,-0.544605
1640841562329479936,1.297187,-0.194896,1.012313,0.836655,-0.012201,-0.054508,-0.544874
1640841562332599808,1.295333,-0.197444,1.014586,0.836315,-0.012191,-0.055161,-0.545331
1640841562334650112,1.294112,-0.199112,1.016078,0.836091,-0.012193,-0.055569,-0.545633
1640841562337570048,1.292370,-0.201480,1.018198,0.835773,-0.012200,-0.056140,-0.546061
1640841562339299840,1.291335,-0.202879,1.019452,0.835586,-0.012205,-0.056483,-0.546312
1640841562342670080,1.289316,-0.205593,1.021890,0.835224,-0.012209,-0.057171,-0.546793
1640841562345360128,1.287700,-0.207751,1.023832,0.834935,-0.012203,-0.057730,-0.547177
1640841562348419840,1.285857,-0.210195,1.026036,0.834600,-0.012180,-0.058367,-0.547621
1640841562349269760,1.285344,-0.210872,1.026647,0.834505,-0.012169,-0.058543,-0.547747
1640841562352739840,1.283246,-0.213628,1.029138,0.834109,-0.012107,-0.059252,-0.548274
1640841562354319872,1.282289,-0.214878,1.030270,0.833926,-0.012067,-0.059571,-0.548519
1640841562357549824,1.280327,-0.217424,1.032580,0.833551,-0.011967,-0.060223,-0.549019
1640841562359389952,1.279207,-0.218870,1.033894,0.833340,-0.011898,-0.060596,-0.549301
1640841562362720000,1.277174,-0.221475,1.036266,0.832964,-0.011753,-0.061278,-0.549798
1640841562364600064,1.276024,-0.222940,1.037602,0.832753,-0.011662,-0.061665,-0.550076
1640841562368120064,1.273864,-0.225672,1.040098,0.832355,-0.011484,-0.062389,-0.550601
1640841562369599744,1.272954,-0.226816,1.041145,0.832184,-0.011409,-0.062691,-0.550827
1640841562372629760,1.271085,-0.229151,1.043285,0.831823,-0.011255,-0.063308,-0.551303
1640841562374279936,1.270065,-0.230418,1.044448,0.831624,-0.011174,-0.063645,-0.551566
1640841562377649920,1.267977,-0.232995,1.046819,0.831219,-0.011012,-0.064348,-0.552098
1640841562379379968,1.266902,-0.234312,1.048033,0.831015,-0.010931,-0.064722,-0.552364
1640841562382629888,1.264878,-0.236777,1.050309,0.830640,-0.010785,-0.065447,-0.552846
1640841562384599808,1.263647,-0.238266,1.051686,0.830415,-0.010698,-0.065892,-0.553132
1640841562387709952,1.261698,-0.240605,1.053854,0.830058,-0.010561,-0.066590,-0.553587
1640841562389469952,1.260593,-0.241924,1.055078,0.829853,-0.010482,-0.066976,-0.553849
1640841562392629760,1.258603,-0.244283,1.057271,0.829475,-0.010338,-0.067644,-0.554336
1640841562394289920,1.257554,-0.245517,1.058421,0.829274,-0.010265,-0.067987,-0.554596
1640841562397619968,1.255445,-0.247982,1.060722,0.828870,-0.010129,-0.068671,-0.555118
1640841562399600128,1.254187,-0.249441,1.062087,0.828631,-0.010061,-0.069083,-0.555424
1640841562402919936,1.252072,-0.251877,1.064369,0.828237,-0.009968,-0.069791,-0.555926
1640841562404329984,1.251171,-0.252908,1.065336,0.828071,-0.009934,-0.070095,-0.556136
1640841562407749888,1.248979,-0.255397,1.067677,0.827667,-0.009856,-0.070835,-0.556644
1640841562409679872,1.247739,-0.256795,1.068995,0.827437,-0.009809,-0.071251,-0.556934
1640841562412559872,1.245882,-0.258874,1.070956,0.827090,-0.009732,-0.071863,-0.557372
1640841562414359808,1.244719,-0.260167,1.072179,0.826872,-0.009682,-0.072239,-0.557648
1640841562417680128,1.242566,-0.262543,1.074429,0.826468,-0.009591,-0.072916,-0.558159
1640841562419960064,1.241083,-0.264166,1.075970,0.826192,-0.009533,-0.073366,-0.558510
1640841562422789888,1.239236,-0.266172,1.077878,0.825851,-0.009468,-0.073908,-0.558944
1640841562424290048,1.238255,-0.267231,1.078887,0.825671,-0.009434,-0.074190,-0.559173
1640841562427579904,1.236096,-0.269544,1.081094,0.825278,-0.009355,-0.074801,-0.559673
1640841562429270016,1.234983,-0.270728,1.082225,0.825077,-0.009310,-0.075114,-0.559928
1640841562432619776,1.232771,-0.273062,1.084461,0.824680,-0.009204,-0.075738,-0.560430
1640841562434649856,1.231426,-0.274470,1.085813,0.824439,-0.009131,-0.076121,-0.560734
1640841562438169856,1.229086,-0.276899,1.088149,0.824019,-0.008996,-0.076793,-0.561262
1640841562439499776,1.228199,-0.277813,1.089029,0.823858,-0.008945,-0.077050,-0.561464
1640841562444710144,1.224710,-0.281372,1.092465,0.823214,-0.008746,-0.078076,-0.562268
1640841562445469952,1.224199,-0.281888,1.092965,0.823119,-0.008716,-0.078228,-0.562387
1640841562447549696,1.222798,-0.283297,1.094330,0.822859,-0.008625,-0.078650,-0.562710
1640841562449369856,1.221569,-0.284526,1.095522,0.822632,-0.008535,-0.079024,-0.562991
1640841562452689920,1.219320,-0.286757,1.097691,0.822221,-0.008343,-0.079718,-0.563496
1640841562454360064,1.218185,-0.287874,1.098778,0.822015,-0.008238,-0.080070,-0.563748
1640841562457769984,1.215861,-0.290144,1.100993,0.821593,-0.008018,-0.080791,-0.564263
1640841562459339776,1.214787,-0.291184,1.102009,0.821398,-0.007919,-0.081121,-0.564501
1640841562463330048,1.212048,-0.293815,1.104585,0.820897,-0.007681,-0.081954,-0.565113
1640841562464359936,1.211338,-0.294490,1.105248,0.820767,-0.007623,-0.082169,-0.565272
1640841562467749888,1.208997,-0.296705,1.107424,0.820337,-0.007431,-0.082879,-0.565794
1640841562469319936,1.207909,-0.297726,1.108429,0.820138,-0.007341,-0.083213,-0.566035
1640841562475139840,1.203856,-0.301484,1.112139,0.819404,-0.006993,-0.084480,-0.566914
1640841562476300032,1.203045,-0.302229,1.112875,0.819258,-0.006926,-0.084731,-0.567089
1640841562477710080,1.202057,-0.303131,1.113769,0.819080,-0.006850,-0.085032,-0.567300
1640841562479450112,1.200835,-0.304241,1.114869,0.818862,-0.006764,-0.085395,-0.567563
1640841562482589952,1.198623,-0.306235,1.116850,0.818467,-0.006643,-0.086013,-0.568040
1640841562484750080,1.197096,-0.307600,1.118208,0.818195,-0.006593,-0.086401,-0.568374
1640841562487579904,1.195089,-0.309379,1.119981,0.817838,-0.006564,-0.086867,-0.568816
1640841562489879808,1.193452,-0.310818,1.121418,0.817549,-0.006545,-0.087232,-0.569176
1640841562492549888,1.191546,-0.312480,1.123081,0.817216,-0.006505,-0.087660,-0.569588
1640841562494279936,1.190307,-0.313553,1.124155,0.817001,-0.006467,-0.087940,-0.569854
1640841562497529856,1.187972,-0.315558,1.126167,0.816596,-0.006376,-0.088466,-0.570354
1640841562499330048,1.186674,-0.316663,1.127278,0.816370,-0.006317,-0.088754,-0.570633
1640841562502619904,1.184294,-0.318673,1.129302,0.815953,-0.006195,-0.089270,-0.571151
1640841562504359936,1.183031,-0.319730,1.130369,0.815730,-0.006126,-0.089535,-0.571428
1640841562507759872,1.180555,-0.321786,1.132446,0.815295,-0.005986,-0.090035,-0.571972
1640841562511649792,1.177708,-0.324122,1.134812,0.814801,-0.005825,-0.090570,-0.572592
1640841562512600064,1.177010,-0.324690,1.135388,0.814682,-0.005787,-0.090694,-0.572743
1640841562514289920,1.175767,-0.325697,1.136411,0.814472,-0.005721,-0.090907,-0.573008
1640841562517969920,1.173050,-0.327878,1.138631,0.814025,-0.005589,-0.091336,-0.573577
1640841562519459840,1.171947,-0.328756,1.139526,0.813847,-0.005532,-0.091500,-0.573803
1640841562522719744,1.169524,-0.330669,1.141479,0.813458,-0.005352,-0.091861,-0.574299
1640841562524329984,1.168323,-0.331609,1.142440,0.813264,-0.005227,-0.092045,-0.574546
1640841562527579904,1.165892,-0.333498,1.144375,0.812865,-0.004931,-0.092422,-0.575052
1640841562529289984,1.164609,-0.334486,1.145389,0.812650,-0.004767,-0.092620,-0.575325
1640841562532539904,1.162161,-0.336356,1.147310,0.812233,-0.004465,-0.092989,-0.575857
1640841562534679808,1.160544,-0.337580,1.148570,0.811955,-0.004271,-0.093227,-0.576212
1640841562537799936,1.158177,-0.339355,1.150401,0.811550,-0.003988,-0.093571,-0.576728
1640841562541769984,1.155152,-0.341596,1.152719,0.811049,-0.003605,-0.094004,-0.577364
1640841562542639872,1.154487,-0.342085,1.153225,0.810942,-0.003517,-0.094098,-0.577500
1640841562544329984,1.153192,-0.343032,1.154206,0.810736,-0.003343,-0.094279,-0.577761
1640841562547590144,1.150687,-0.344849,1.156093,0.810339,-0.002996,-0.094617,-0.578264
1640841562550040064,1.148797,-0.346207,1.157505,0.810038,-0.002731,-0.094856,-0.578648
1640841562552649984,1.146777,-0.347645,1.159004,0.809713,-0.002448,-0.095096,-0.579065
1640841562554609920,1.145255,-0.348720,1.160126,0.809466,-0.002236,-0.095267,-0.579383
1640841562557519872,1.142988,-0.350307,1.161786,0.809095,-0.001925,-0.095506,-0.579863
1640841562559469824,1.141465,-0.351366,1.162895,0.808844,-0.001722,-0.095657,-0.580188
1640841562562589952,1.139018,-0.353050,1.164662,0.808441,-0.001407,-0.095885,-0.580713
1640841562564299776,1.137673,-0.353968,1.165627,0.808220,-0.001239,-0.096002,-0.581001
1640841562567970048,1.134776,-0.355927,1.167690,0.807753,-0.000890,-0.096233,-0.581612
1640841562570159872,1.133040,-0.357088,1.168916,0.807482,-0.000688,-0.096357,-0.581968
1640841562572549888,1.131140,-0.358349,1.170249,0.807193,-0.000472,-0.096480,-0.582350
1640841562574299904,1.129745,-0.359268,1.171222,0.806983,-0.000316,-0.096560,-0.582627
1640841562577609984,1.127098,-0.360997,1.173056,0.806590,-0.000024,-0.096687,-0.583150
1640841562579350016,1.125701,-0.361901,1.174016,0.806383,0.000129,-0.096741,-0.583428
1640841562582659840,1.123036,-0.363610,1.175836,0.805985,0.000422,-0.096817,-0.583965
1640841562585850112,1.120457,-0.365246,1.177581,0.805600,0.000702,-0.096860,-0.584488
1640841562588130048,1.118606,-0.366407,1.178823,0.805326,0.000899,-0.096874,-0.584863
1640841562589429760,1.117549,-0.367067,1.179530,0.805171,0.001011,-0.096876,-0.585076
1640841562592509952,1.115036,-0.368622,1.181198,0.804807,0.001271,-0.096864,-0.585578
1640841562594329856,1.113546,-0.369536,1.182179,0.804595,0.001423,-0.096847,-0.585872
1640841562597590016,1.110869,-0.371164,1.183931,0.804221,0.001701,-0.096799,-0.586392
1640841562599449856,1.109337,-0.372087,1.184927,0.804012,0.001864,-0.096763,-0.586684
1640841562602700032,1.106650,-0.373690,1.186659,0.803651,0.002165,-0.096687,-0.587190
1640841562604849920,1.104866,-0.374744,1.187800,0.803415,0.002378,-0.096630,-0.587521
1640841562607729920,1.102469,-0.376148,1.189323,0.803099,0.002690,-0.096553,-0.587964
1640841562609329920,1.101133,-0.376924,1.190166,0.802922,0.002878,-0.096512,-0.588212
1640841562612569856,1.098420,-0.378486,1.191867,0.802558,0.003297,-0.096436,-0.588719
1640841562614759936,1.096579,-0.379535,1.193011,0.802309,0.003605,-0.096385,-0.589064
1640841562618919936,1.093068,-0.381513,1.195174,0.801844,0.004223,-0.096264,-0.589714
1640841562620409856,1.091806,-0.382216,1.195946,0.801681,0.004449,-0.096207,-0.589942
1640841562622579712,1.089964,-0.383237,1.197065,0.801449,0.004779,-0.096112,-0.590270
1640841562624519936,1.088313,-0.384144,1.198063,0.801245,0.005076,-0.096023,-0.590559
1640841562627509760,1.085759,-0.385535,1.199595,0.800932,0.005535,-0.095889,-0.591001
1640841562629359872,1.084175,-0.386391,1.200539,0.800739,0.005820,-0.095817,-0.591272
1640841562632719872,1.081287,-0.387935,1.202246,0.800385,0.006339,-0.095713,-0.591763
1640841562634359808,1.079873,-0.388684,1.203076,0.800212,0.006595,-0.095670,-0.592001
1640841562638059776,1.076672,-0.390364,1.204940,0.799824,0.007186,-0.095581,-0.592532
1640841562639429888,1.075483,-0.390982,1.205627,0.799682,0.007412,-0.095545,-0.592727
1640841562642649856,1.072680,-0.392426,1.207237,0.799351,0.007955,-0.095450,-0.593181
1640841562644399872,1.071151,-0.393206,1.208108,0.799172,0.008254,-0.095392,-0.593427
1640841562647599872,1.068348,-0.394624,1.209694,0.798843,0.008801,-0.095271,-0.593882
1640841562649420032,1.066749,-0.395426,1.210592,0.798653,0.009107,-0.095195,-0.594145
1640841562652809984,1.063761,-0.396909,1.212258,0.798295,0.009664,-0.095038,-0.594642
1640841562654369792,1.062381,-0.397588,1.213021,0.798130,0.009913,-0.094960,-0.594872
1640841562658020096,1.059143,-0.399166,1.214800,0.797749,0.010479,-0.094765,-0.595405
1640841562659440128,1.057880,-0.399775,1.215489,0.797604,0.010691,-0.094684,-0.595608
1640841562662669824,1.054997,-0.401155,1.217050,0.797284,0.011160,-0.094491,-0.596058
1640841562664329984,1.053511,-0.401859,1.217849,0.797123,0.011392,-0.094385,-0.596286
1640841562667859968,1.050341,-0.403348,1.219540,0.796783,0.011871,-0.094134,-0.596770
1640841562669410048,1.048945,-0.403998,1.220279,0.796633,0.012075,-0.094011,-0.596985
1640841562672679936,1.045991,-0.405360,1.221833,0.796312,0.012494,-0.093723,-0.597450
1640841562675030016,1.043861,-0.406332,1.222944,0.796079,0.012788,-0.093496,-0.597790
1640841562677729792,1.041406,-0.407442,1.224214,0.795810,0.013120,-0.093222,-0.598183
1640841562682839808,1.036738,-0.409523,1.226604,0.795309,0.013738,-0.092681,-0.598920
1640841562683699968,1.035949,-0.409871,1.227004,0.795226,0.013840,-0.092587,-0.599042
1640841562686880000,1.033027,-0.411150,1.228477,0.794923,0.014217,-0.092232,-0.599490
1640841562687549952,1.032410,-0.411418,1.228787,0.794860,0.014295,-0.092155,-0.599584
1640841562689329920,1.030768,-0.412128,1.229607,0.794693,0.014501,-0.091947,-0.599832
1640841562692719872,1.027631,-0.413473,1.231163,0.794381,0.014887,-0.091532,-0.600299
1640841562694340096,1.026128,-0.414111,1.231903,0.794234,0.015073,-0.091325,-0.600521
1640841562697690112,1.023010,-0.415424,1.233427,0.793930,0.015466,-0.090879,-0.600980
1640841562699379968,1.021432,-0.416082,1.234192,0.793776,0.015674,-0.090646,-0.601213
1640841562702779904,1.018249,-0.417398,1.235724,0.793465,0.016118,-0.090161,-0.601685
1640841562704409856,1.016719,-0.418024,1.236456,0.793315,0.016344,-0.089926,-0.601912
1640841562707660032,1.013659,-0.419267,1.237908,0.793017,0.016815,-0.089460,-0.602361
1640841562710959872,1.010540,-0.420519,1.239374,0.792719,0.017320,-0.089007,-0.602806
1640841562713299968,1.008322,-0.421401,1.240408,0.792511,0.017692,-0.088701,-0.603113
1640841562714700032,1.006992,-0.421926,1.241025,0.792388,0.017920,-0.088520,-0.603295
1640841562717679872,1.004153,-0.423038,1.242333,0.792127,0.018416,-0.088135,-0.603679
1640841562719369984,1.002539,-0.423665,1.243071,0.791980,0.018703,-0.087913,-0.603895
1640841562722789888,0.999264,-0.424926,1.244559,0.791682,0.019297,-0.087438,-0.604336
1640841562724750080,0.997381,-0.425644,1.245407,0.791510,0.019644,-0.087145,-0.604592
1640841562727650048,0.994588,-0.426701,1.246657,0.791254,0.020164,-0.086674,-0.604978
1640841562730019840,0.992299,-0.427559,1.247673,0.791042,0.020593,-0.086266,-0.605299
1640841562732729856,0.989674,-0.428535,1.248831,0.790795,0.021084,-0.085823,-0.605667
1640841562734779904,0.987684,-0.429269,1.249702,0.790608,0.021455,-0.085517,-0.605942
1640841562737710080,0.984831,-0.430312,1.250942,0.790341,0.021984,-0.085105,-0.606329
1640841562739499776,0.983084,-0.430946,1.251696,0.790181,0.022307,-0.084857,-0.606560
1640841562742839808,0.979814,-0.432122,1.253097,0.789894,0.022911,-0.084375,-0.606979
1640841562744640000,0.978048,-0.432752,1.253849,0.789746,0.023237,-0.084096,-0.607198
1640841562747789824,0.974948,-0.433848,1.255158,0.789492,0.023800,-0.083578,-0.607578
1640841562749379840,0.973379,-0.434398,1.255816,0.789363,0.024077,-0.083306,-0.607772
1640841562752659968,0.970135,-0.435527,1.257167,0.789089,0.024630,-0.082732,-0.608184
1640841562754639872,0.968172,-0.436205,1.257979,0.788920,0.024952,-0.082377,-0.608438
1640841562757580032,0.965249,-0.437206,1.259179,0.788666,0.025416,-0.081836,-0.608821
1640841562759519744,0.963316,-0.437863,1.259967,0.788497,0.025714,-0.081471,-0.609076
1640841562762739968,0.960099,-0.438947,1.261270,0.788220,0.026196,-0.080846,-0.609498
1640841562765479936,0.957353,-0.439864,1.262372,0.787988,0.026602,-0.080286,-0.609854
1640841562767639808,0.955183,-0.440583,1.263237,0.787811,0.026923,-0.079817,-0.610130
1640841562769449984,0.953361,-0.441183,1.263959,0.787668,0.027196,-0.079399,-0.610357
1640841562773149952,0.949627,-0.442402,1.265428,0.787390,0.027770,-0.078475,-0.610809
1640841562774429952,0.948332,-0.442821,1.265934,0.787296,0.027973,-0.078141,-0.610963
1640841562777730048,0.944986,-0.443898,1.267232,0.787054,0.028503,-0.077272,-0.611361
1640841562779970048,0.942709,-0.444625,1.268109,0.786884,0.028866,-0.076694,-0.611635
1640841562782689792,0.939937,-0.445503,1.269169,0.786669,0.029308,-0.076016,-0.611976
1640841562784359936,0.938232,-0.446039,1.269817,0.786533,0.029580,-0.075609,-0.612188
1640841562787969792,0.934536,-0.447193,1.271211,0.786233,0.030168,-0.074738,-0.612651
1640841562789399808,0.933069,-0.447648,1.271761,0.786113,0.030400,-0.074392,-0.612836
1640841562792569856,0.929810,-0.448652,1.272975,0.785846,0.030913,-0.073615,-0.613246
1640841562795329792,0.926964,-0.449521,1.274025,0.785616,0.031365,-0.072928,-0.613600
1640841562797649920,0.924567,-0.450248,1.274904,0.785425,0.031753,-0.072347,-0.613894
1640841562799409920,0.922744,-0.450797,1.275569,0.785282,0.032057,-0.071905,-0.614112
1640841562802779904,0.919248,-0.451844,1.276835,0.785015,0.032661,-0.071061,-0.614521
1640841562804399872,0.917563,-0.452345,1.277441,0.784887,0.032957,-0.070658,-0.614714
1640841562807610112,0.914217,-0.453333,1.278636,0.784632,0.033548,-0.069867,-0.615098
1640841562809429760,0.912317,-0.453891,1.279310,0.784484,0.033880,-0.069424,-0.615318
1640841562812649984,0.908946,-0.454873,1.280497,0.784217,0.034456,-0.068652,-0.615714
1640841562814349824,0.907163,-0.455390,1.281121,0.784074,0.034753,-0.068248,-0.615924
1640841562817679872,0.903663,-0.456397,1.282338,0.783793,0.035323,-0.067457,-0.616337
1640841562819779840,0.901450,-0.457029,1.283101,0.783617,0.035674,-0.066956,-0.616594
1640841562822850048,0.898209,-0.457949,1.284212,0.783367,0.036174,-0.066214,-0.616963
1640841562824420096,0.896548,-0.458418,1.284778,0.783242,0.036424,-0.065828,-0.617148
1640841562828159744,0.892583,-0.459530,1.286118,0.782952,0.037003,-0.064892,-0.617580
1640841562829769728,0.890873,-0.460007,1.286692,0.782831,0.037246,-0.064480,-0.617762
1640841562832589824,0.887871,-0.460839,1.287694,0.782623,0.037662,-0.063743,-0.618077
1640841562834380032,0.885963,-0.461365,1.288327,0.782492,0.037918,-0.063268,-0.618276
1640841562838609920,0.881442,-0.462603,1.289814,0.782178,0.038502,-0.062132,-0.618752
1640841562841379840,0.878473,-0.463410,1.290781,0.781963,0.038866,-0.061385,-0.619076
1640841562843040000,0.876691,-0.463892,1.291359,0.781830,0.039077,-0.060937,-0.619275
1640841562844559872,0.875057,-0.464332,1.291886,0.781707,0.039267,-0.060524,-0.619459
1640841562847689984,0.871687,-0.465236,1.292966,0.781455,0.039649,-0.059656,-0.619837
1640841562850529792,0.868622,-0.466053,1.293941,0.781235,0.039990,-0.058837,-0.620170
1640841562852669952,0.866308,-0.466666,1.294672,0.781077,0.040246,-0.058197,-0.620413
1640841562856199936,0.862483,-0.467674,1.295872,0.780826,0.040672,-0.057111,-0.620802
1640841562857539840,0.861029,-0.468056,1.296325,0.780732,0.040835,-0.056692,-0.620948
1640841562859549952,0.858844,-0.468627,1.297002,0.780591,0.041083,-0.056061,-0.621166
1640841562862789888,0.855317,-0.469545,1.298089,0.780360,0.041491,-0.055042,-0.621520
1640841562864320000,0.853648,-0.469978,1.298600,0.780250,0.041684,-0.054563,-0.621688
1640841562867650048,0.850009,-0.470917,1.299707,0.780005,0.042099,-0.053533,-0.622056
1640841562869469952,0.848018,-0.471428,1.300309,0.779870,0.042320,-0.052980,-0.622258
1640841562872709888,0.844465,-0.472337,1.301375,0.779624,0.042696,-0.052019,-0.622621
1640841562874949888,0.842004,-0.472963,1.302108,0.779454,0.042953,-0.051365,-0.622871
1640841562877600000,0.839088,-0.473702,1.302971,0.779253,0.043263,-0.050597,-0.623164
1640841562879379968,0.837127,-0.474198,1.303549,0.779121,0.043479,-0.050079,-0.623356
1640841562882520064,0.833661,-0.475070,1.304563,0.778891,0.043883,-0.049163,-0.623687
1640841562884339712,0.831649,-0.475575,1.305147,0.778760,0.044126,-0.048632,-0.623876
1640841562887589888,0.828050,-0.476475,1.306186,0.778523,0.044572,-0.047688,-0.624212
1640841562889649920,0.825764,-0.477044,1.306842,0.778370,0.044859,-0.047097,-0.624427
1640841562892659968,0.822420,-0.477874,1.307794,0.778141,0.045278,-0.046246,-0.624747
1640841562894320128,0.820572,-0.478331,1.308317,0.778009,0.045507,-0.045786,-0.624927
1640841562897580032,0.816939,-0.479227,1.309339,0.777745,0.045946,-0.044897,-0.625289
1640841562899430144,0.814874,-0.479735,1.309916,0.777592,0.046186,-0.044399,-0.625496
1640841562902609920,0.811319,-0.480606,1.310903,0.777330,0.046582,-0.043547,-0.625853
1640841562905390080,0.808205,-0.481367,1.311761,0.777104,0.046907,-0.042801,-0.626161
1640841562908929792,0.804233,-0.482335,1.312847,0.776821,0.047306,-0.041842,-0.626546
1640841562909900032,0.803143,-0.482600,1.313143,0.776745,0.047414,-0.041577,-0.626650
1640841562912609792,0.800095,-0.483340,1.313968,0.776536,0.047710,-0.040828,-0.626936
1640841562914660096,0.797786,-0.483899,1.314588,0.776381,0.047927,-0.040256,-0.627149
1640841562917529856,0.794549,-0.484681,1.315453,0.776165,0.048213,-0.039448,-0.627445
1640841562919469824,0.792357,-0.485210,1.316035,0.776021,0.048391,-0.038897,-0.627643
1640841562922839808,0.788545,-0.486128,1.317040,0.775772,0.048667,-0.037936,-0.627989
1640841562924880128,0.786234,-0.486683,1.317646,0.775619,0.048816,-0.037350,-0.628201
1640841562928019968,0.782672,-0.487538,1.318572,0.775378,0.049029,-0.036443,-0.628535
1640841562929349888,0.781162,-0.487900,1.318963,0.775273,0.049115,-0.036057,-0.628680
1640841562932679936,0.777375,-0.488806,1.319937,0.775002,0.049327,-0.035083,-0.629053
1640841562934309888,0.775519,-0.489250,1.320412,0.774867,0.049431,-0.034603,-0.629238
1640841562937939968,0.771380,-0.490239,1.321463,0.774565,0.049666,-0.033517,-0.629650
1640841562940359936,0.768616,-0.490898,1.322159,0.774368,0.049830,-0.032780,-0.629918
1640841562944209920,0.764212,-0.491948,1.323261,0.774065,0.050110,-0.031582,-0.630329
1640841562945099776,0.763193,-0.492191,1.323514,0.773997,0.050177,-0.031302,-0.630422
1640841562947599872,0.760327,-0.492873,1.324223,0.773806,0.050366,-0.030514,-0.630679
1640841562949529856,0.758113,-0.493400,1.324768,0.773659,0.050513,-0.029906,-0.630877
1640841562952620032,0.754563,-0.494245,1.325637,0.773422,0.050745,-0.028938,-0.631194
1640841562954749696,0.752113,-0.494828,1.326232,0.773256,0.050903,-0.028276,-0.631415
1640841562957999872,0.748370,-0.495719,1.327136,0.772995,0.051143,-0.027277,-0.631759
1640841562959399936,0.746756,-0.496103,1.327523,0.772879,0.051247,-0.026851,-0.631910
1640841562962619904,0.743039,-0.496988,1.328410,0.772607,0.051486,-0.025882,-0.632264
1640841562964369920,0.741017,-0.497470,1.328890,0.772456,0.051619,-0.025363,-0.632459
1640841562967589888,0.737293,-0.498357,1.329768,0.772178,0.051877,-0.024424,-0.632814
1640841562969559808,0.735011,-0.498901,1.330302,0.772009,0.052045,-0.023860,-0.633028
1640841562973100032,0.730906,-0.499880,1.331257,0.771711,0.052373,-0.022868,-0.633400
1640841562975069952,0.728619,-0.500427,1.331786,0.771547,0.052570,-0.022324,-0.633603
1640841562977779968,0.725471,-0.501179,1.332509,0.771318,0.052853,-0.021579,-0.633884
1640841562980880128,0.721864,-0.502042,1.333332,0.771047,0.053192,-0.020726,-0.634214
1640841562982560000,0.719907,-0.502511,1.333776,0.770895,0.053380,-0.020263,-0.634398
1640841562985939968,0.715967,-0.503457,1.334664,0.770580,0.053763,-0.019339,-0.634777
1640841562987670016,0.713948,-0.503942,1.335117,0.770415,0.053958,-0.018875,-0.634975
1640841562989649920,0.711636,-0.504498,1.335632,0.770224,0.054178,-0.018355,-0.635202
1640841562992569856,0.708223,-0.505320,1.336389,0.769941,0.054495,-0.017615,-0.635540
1640841562994380032,0.706106,-0.505831,1.336856,0.769765,0.054688,-0.017168,-0.635749
1640841562997550080,0.702393,-0.506729,1.337670,0.769459,0.055032,-0.016393,-0.636110
1640841562999470080,0.700143,-0.507274,1.338160,0.769276,0.055249,-0.015920,-0.636324
1640841563002779904,0.696260,-0.508216,1.339001,0.768966,0.055637,-0.015095,-0.636685
1640841563004329984,0.694440,-0.508659,1.339393,0.768821,0.055820,-0.014707,-0.636853
1640841563007549952,0.690656,-0.509581,1.340204,0.768517,0.056191,-0.013910,-0.637205
1640841563010720000,0.686927,-0.510493,1.340996,0.768209,0.056529,-0.013146,-0.637563
1640841563012960000,0.684289,-0.511139,1.341553,0.767986,0.056746,-0.012623,-0.637823
1640841563014409984,0.682581,-0.511559,1.341912,0.767839,0.056879,-0.012288,-0.637995
1640841563020089856,0.675882,-0.513210,1.343310,0.767260,0.057382,-0.010979,-0.638669
1640841563021009920,0.674795,-0.513479,1.343535,0.767167,0.057464,-0.010764,-0.638777
1640841563022869760,0.672599,-0.514023,1.343988,0.766981,0.057631,-0.010323,-0.638993
1640841563024339968,0.670861,-0.514454,1.344345,0.766835,0.057765,-0.009970,-0.639161
1640841563027569920,0.667041,-0.515405,1.345127,0.766519,0.058060,-0.009180,-0.639526
1640841563029440000,0.664828,-0.515957,1.345577,0.766338,0.058230,-0.008714,-0.639734
1640841563032569856,0.661122,-0.516886,1.346326,0.766038,0.058512,-0.007920,-0.640077
1640841563035219968,0.657981,-0.517675,1.346957,0.765786,0.058742,-0.007235,-0.640367
1640841563037519872,0.655253,-0.518363,1.347502,0.765566,0.058934,-0.006632,-0.640619
1640841563039459840,0.652951,-0.518945,1.347960,0.765379,0.059086,-0.006118,-0.640833
1640841563042569984,0.649258,-0.519882,1.348690,0.765075,0.059312,-0.005285,-0.641183
1640841563044329984,0.647167,-0.520414,1.349101,0.764900,0.059433,-0.004812,-0.641383
1640841563047649792,0.643220,-0.521422,1.349873,0.764567,0.059653,-0.003922,-0.641765
1640841563050880000,0.639376,-0.522408,1.350620,0.764239,0.059867,-0.003069,-0.642141
1640841563052599808,0.637329,-0.522936,1.351015,0.764063,0.059984,-0.002621,-0.642342
1640841563054479872,0.635090,-0.523514,1.351446,0.763870,0.060116,-0.002138,-0.642561
1640841563058080000,0.630799,-0.524626,1.352267,0.763499,0.060385,-0.001229,-0.642978
1640841563059350016,0.629285,-0.525020,1.352555,0.763369,0.060486,-0.000915,-0.643124
1640841563062549760,0.625467,-0.526017,1.353278,0.763040,0.060759,-0.000135,-0.643489
1640841563064369920,0.623295,-0.526587,1.353687,0.762851,0.060925,0.000300,-0.643698
1640841563068039936,0.618911,-0.527741,1.354508,0.762459,0.061284,0.001162,-0.644126
1640841563069499904,0.617167,-0.528202,1.354833,0.762298,0.061435,0.001499,-0.644302
1640841563072939776,0.613054,-0.529293,1.355595,0.761904,0.061809,0.002281,-0.644730
1640841563074699776,0.610949,-0.529854,1.355983,0.761697,0.062007,0.002675,-0.644953
1640841563077699840,0.607359,-0.530815,1.356642,0.761343,0.062352,0.003340,-0.645335
1640841563079459840,0.605252,-0.531381,1.357026,0.761137,0.062556,0.003727,-0.645556
1640841563082649856,0.601431,-0.532411,1.357720,0.760771,0.062924,0.004421,-0.645948
1640841563084950016,0.598675,-0.533158,1.358217,0.760510,0.063185,0.004910,-0.646226
1640841563087659776,0.595426,-0.534042,1.358801,0.760206,0.063483,0.005469,-0.646550
1640841563089439744,0.593291,-0.534625,1.359183,0.760007,0.063671,0.005824,-0.646763
1640841563092550144,0.589560,-0.535648,1.359846,0.759658,0.063985,0.006419,-0.647136
1640841563094329856,0.587423,-0.536237,1.360225,0.759457,0.064159,0.006752,-0.647351
1640841563097580032,0.583521,-0.537317,1.360912,0.759086,0.064475,0.007353,-0.647747
1640841563099399936,0.581335,-0.537924,1.361295,0.758876,0.064653,0.007692,-0.647972
1640841563102589952,0.577502,-0.538994,1.361963,0.758502,0.064972,0.008298,-0.648371
1640841563104460032,0.575254,-0.539625,1.362353,0.758282,0.065158,0.008658,-0.648605
1640841563110139904,0.568423,-0.541554,1.363530,0.757627,0.065676,0.009753,-0.649302
1640841563110880000,0.567533,-0.541806,1.363682,0.757544,0.065735,0.009895,-0.649390
1640841563112529920,0.565547,-0.542372,1.364021,0.757363,0.065859,0.010209,-0.649584
1640841563114759936,0.562863,-0.543138,1.364478,0.757120,0.066015,0.010629,-0.649845
1640841563117639936,0.559396,-0.544133,1.365065,0.756807,0.066198,0.011167,-0.650182
1640841563119379968,0.557300,-0.544737,1.365418,0.756615,0.066303,0.011488,-0.650389
1640841563122560000,0.553469,-0.545846,1.366061,0.756257,0.066487,0.012071,-0.650775
1640841563124929792,0.550613,-0.546677,1.366537,0.755987,0.066624,0.012503,-0.651068
1640841563127599872,0.547395,-0.547619,1.367072,0.755680,0.066781,0.012992,-0.651398
1640841563129519872,0.545080,-0.548298,1.367455,0.755460,0.066900,0.013345,-0.651633
1640841563132519936,0.541462,-0.549366,1.368050,0.755119,0.067095,0.013902,-0.651997
1640841563134409984,0.539182,-0.550041,1.368424,0.754905,0.067222,0.014252,-0.652224
1640841563137760000,0.535140,-0.551245,1.369083,0.754528,0.067449,0.014868,-0.652623
1640841563139429888,0.533125,-0.551849,1.369410,0.754341,0.067561,0.015170,-0.652821
1640841563143349760,0.528393,-0.553272,1.370174,0.753901,0.067816,0.015859,-0.653286
1640841563144829952,0.526605,-0.553813,1.370461,0.753735,0.067909,0.016109,-0.653462
1640841563147579904,0.523284,-0.554821,1.370993,0.753423,0.068078,0.016558,-0.653793
1640841563149469952,0.521001,-0.555517,1.371357,0.753207,0.068193,0.016853,-0.654022
1640841563152539904,0.517292,-0.556654,1.371946,0.752850,0.068379,0.017303,-0.654401
1640841563154369792,0.515081,-0.557335,1.372295,0.752634,0.068492,0.017558,-0.654631
1640841563157609984,0.511165,-0.558547,1.372911,0.752244,0.068703,0.017987,-0.655046
1640841563160049920,0.508216,-0.559464,1.373373,0.751943,0.068876,0.018297,-0.655365
1640841563164699904,0.502593,-0.561225,1.374248,0.751357,0.069239,0.018858,-0.655982
1640841563165509888,0.501614,-0.561534,1.374400,0.751255,0.069303,0.018951,-0.656090
1640841563167539712,0.499159,-0.562309,1.374779,0.751000,0.069465,0.019177,-0.656358
1640841563169369856,0.496945,-0.563010,1.375120,0.750774,0.069606,0.019371,-0.656596
1640841563172549888,0.493098,-0.564235,1.375710,0.750391,0.069836,0.019685,-0.657000
1640841563174680064,0.490521,-0.565060,1.376103,0.750141,0.069976,0.019885,-0.657265
1640841563178899968,0.485414,-0.566705,1.376879,0.749648,0.070221,0.020282,-0.657789
1640841563180610048,0.483345,-0.567375,1.377191,0.749446,0.070309,0.020452,-0.658004
1640841563182569984,0.480973,-0.568146,1.377549,0.749211,0.070400,0.020655,-0.658255
1640841563184389888,0.478770,-0.568865,1.377880,0.748992,0.070476,0.020848,-0.658490
1640841563187549952,0.474945,-0.570118,1.378452,0.748613,0.070587,0.021189,-0.658899
1640841563189479936,0.472608,-0.570888,1.378800,0.748384,0.070641,0.021395,-0.659146
1640841563192639744,0.468782,-0.572155,1.379368,0.748015,0.070710,0.021725,-0.659547
1640841563194860032,0.466094,-0.573049,1.379765,0.747761,0.070745,0.021952,-0.659824
1640841563197710080,0.462643,-0.574203,1.380273,0.747440,0.070775,0.022241,-0.660174
1640841563199460096,0.460524,-0.574915,1.380584,0.747246,0.070787,0.022417,-0.660386
1640841563202589952,0.456734,-0.576194,1.381138,0.746905,0.070799,0.022730,-0.660760
1640841563204369920,0.454578,-0.576925,1.381452,0.746711,0.070804,0.022906,-0.660972
1640841563208000000,0.450182,-0.578423,1.382089,0.746308,0.070826,0.023248,-0.661413
1640841563209539840,0.448316,-0.579061,1.382358,0.746131,0.070843,0.023384,-0.661606
1640841563212620032,0.444586,-0.580345,1.382895,0.745765,0.070895,0.023641,-0.662004
1640841563215780096,0.440758,-0.581669,1.383443,0.745382,0.070961,0.023889,-0.662420
1640841563217579776,0.438578,-0.582427,1.383755,0.745163,0.070999,0.024028,-0.662657
1640841563219460096,0.436301,-0.583221,1.384079,0.744937,0.071034,0.024174,-0.662902
1640841563222599936,0.432497,-0.584554,1.384618,0.744566,0.071083,0.024419,-0.663304
1640841563226749952,0.427471,-0.586328,1.385328,0.744084,0.071130,0.024725,-0.663828
1640841563227520000,0.426538,-0.586659,1.385459,0.743995,0.071137,0.024777,-0.663926
1640841563230469888,0.422965,-0.587930,1.385960,0.743651,0.071163,0.024958,-0.664302
1640841563232519936,0.420482,-0.588817,1.386307,0.743409,0.071179,0.025062,-0.664567
1640841563234680064,0.417866,-0.589756,1.386672,0.743151,0.071194,0.025155,-0.664850
1640841563237509888,0.414438,-0.590992,1.387148,0.742807,0.071208,0.025255,-0.665228
1640841563239470080,0.412064,-0.591851,1.387477,0.742566,0.071212,0.025312,-0.665496
1640841563242659840,0.408201,-0.593257,1.388010,0.742168,0.071211,0.025388,-0.665937
1640841563244709888,0.405718,-0.594164,1.388351,0.741910,0.071204,0.025430,-0.666222
1640841563247709952,0.402085,-0.595498,1.388849,0.741536,0.071189,0.025483,-0.666639
1640841563250889984,0.398234,-0.596920,1.389375,0.741145,0.071166,0.025536,-0.667074
1640841563252539904,0.396236,-0.597661,1.389647,0.740946,0.071152,0.025563,-0.667296
1640841563254459904,0.393912,-0.598526,1.389963,0.740717,0.071130,0.025594,-0.667551
1640841563257929984,0.389710,-0.600097,1.390532,0.740308,0.071065,0.025637,-0.668010
1640841563260140032,0.387035,-0.601103,1.390893,0.740048,0.070999,0.025653,-0.668304
1640841563262599936,0.384057,-0.602226,1.391293,0.739759,0.070898,0.025659,-0.668634
1640841563264339968,0.381951,-0.603024,1.391576,0.739554,0.070813,0.025658,-0.668870
1640841563267589888,0.378017,-0.604521,1.392103,0.739171,0.070630,0.025658,-0.669313
1640841563269359872,0.375875,-0.605339,1.392388,0.738961,0.070521,0.025663,-0.669556
1640841563272709888,0.371821,-0.606895,1.392928,0.738563,0.070302,0.025689,-0.670017
1640841563274619904,0.369510,-0.607787,1.393234,0.738336,0.070170,0.025713,-0.670279
1640841563277629952,0.365868,-0.609197,1.393716,0.737982,0.069951,0.025761,-0.670690
1640841563279529728,0.363569,-0.610091,1.394019,0.737761,0.069806,0.025797,-0.670947
1640841563282569984,0.359891,-0.611527,1.394503,0.737413,0.069562,0.025861,-0.671353
1640841563284389888,0.357690,-0.612391,1.394792,0.737206,0.069409,0.025900,-0.671595
1640841563287600128,0.353807,-0.613920,1.395300,0.736841,0.069129,0.025966,-0.672021
1640841563289499904,0.351509,-0.614828,1.395600,0.736625,0.068958,0.025999,-0.672274
1640841563292849920,0.347458,-0.616438,1.396127,0.736238,0.068650,0.026037,-0.672728
1640841563294370048,0.345620,-0.617171,1.396366,0.736060,0.068512,0.026043,-0.672937
1640841563297609984,0.341703,-0.618740,1.396873,0.735669,0.068228,0.026019,-0.673394
1640841563299409920,0.339527,-0.619614,1.397154,0.735445,0.068081,0.025981,-0.673655
1640841563302579968,0.335695,-0.621162,1.397648,0.735035,0.067843,0.025867,-0.674130
1640841563310099968,0.326606,-0.624862,1.398813,0.734055,0.067302,0.025558,-0.675264
1640841563312089856,0.324202,-0.625849,1.399119,0.733807,0.067141,0.025514,-0.675550
1640841563312579840,0.323610,-0.626092,1.399195,0.733747,0.067100,0.025506,-0.675620
1640841563312950016,0.323163,-0.626276,1.399252,0.733702,0.067068,0.025499,-0.675672
1640841563314400000,0.321411,-0.626998,1.399475,0.733525,0.066942,0.025476,-0.675878
1640841563317639936,0.317496,-0.628616,1.399972,0.733129,0.066650,0.025406,-0.676338
1640841563319599872,0.315128,-0.629599,1.400271,0.732884,0.066468,0.025332,-0.676625
1640841563322969856,0.311058,-0.631296,1.400785,0.732450,0.066150,0.025141,-0.677132
1640841563324409856,0.309318,-0.632024,1.401005,0.732262,0.066013,0.025042,-0.677353
1640841563327559936,0.305514,-0.633621,1.401483,0.731849,0.065711,0.024810,-0.677838
1640841563329360128,0.303340,-0.634537,1.401756,0.731614,0.065537,0.024676,-0.678113
1640841563332470016,0.299585,-0.636125,1.402226,0.731214,0.065235,0.024460,-0.678581
1640841563334539776,0.297086,-0.637185,1.402538,0.730951,0.065029,0.024323,-0.678888
1640841563337669888,0.293307,-0.638796,1.403009,0.730559,0.064704,0.024117,-0.679349
1640841563341949952,0.288140,-0.641009,1.403650,0.730027,0.064222,0.023815,-0.679978
1640841563343149824,0.286692,-0.641632,1.403829,0.729878,0.064077,0.023724,-0.680154
1640841563346690048,0.282420,-0.643476,1.404358,0.729437,0.063634,0.023451,-0.680678
1640841563347679744,0.281225,-0.643993,1.404505,0.729314,0.063506,0.023374,-0.680825
1640841563349359872,0.279197,-0.644872,1.404755,0.729103,0.063286,0.023245,-0.681075
1640841563352640000,0.275239,-0.646594,1.405241,0.728690,0.062849,0.023000,-0.681565
1640841563355490048,0.271801,-0.648097,1.405663,0.728330,0.062462,0.022786,-0.681993
1640841563357609984,0.269243,-0.649219,1.405976,0.728062,0.062172,0.022619,-0.682311
1640841563359569920,0.266878,-0.650258,1.406265,0.727816,0.061902,0.022453,-0.682604
1640841563362710016,0.263090,-0.651930,1.406727,0.727423,0.061465,0.022169,-0.683071
1640841563364369920,0.261088,-0.652816,1.406971,0.727217,0.061230,0.022019,-0.683316
1640841563367549952,0.257252,-0.654519,1.407436,0.726826,0.060768,0.021755,-0.683782
1640841563369679872,0.254683,-0.655663,1.407748,0.726567,0.060447,0.021611,-0.684091
1640841563372669952,0.251077,-0.657275,1.408184,0.726206,0.059975,0.021474,-0.684520
1640841563378860032,0.243612,-0.660630,1.409083,0.725455,0.058974,0.021247,-0.685409
1640841563379379968,0.242985,-0.660913,1.409159,0.725391,0.058893,0.021215,-0.685485
1640841563380009984,0.242226,-0.661256,1.409250,0.725312,0.058796,0.021170,-0.685578
1640841563382619904,0.239079,-0.662680,1.409628,0.724981,0.058408,0.020933,-0.685968
1640841563384419840,0.236908,-0.663665,1.409888,0.724749,0.058151,0.020733,-0.686241
1640841563387660032,0.233002,-0.665443,1.410355,0.724326,0.057703,0.020336,-0.686738
1640841563389619712,0.230639,-0.666521,1.410637,0.724068,0.057436,0.020097,-0.687039
1640841563392659968,0.226974,-0.668199,1.411074,0.723668,0.057023,0.019758,-0.687505
1640841563394670080,0.224551,-0.669312,1.411362,0.723403,0.056749,0.019547,-0.687812
1640841563397619968,0.220995,-0.670949,1.411785,0.723013,0.056343,0.019236,-0.688264
1640841563399449856,0.218789,-0.671967,1.412046,0.722771,0.056089,0.019031,-0.688545
1640841563402739968,0.214823,-0.673803,1.412516,0.722333,0.055627,0.018622,-0.689053
1640841563404359936,0.212871,-0.674709,1.412747,0.722116,0.055395,0.018406,-0.689305
1640841563407739904,0.208797,-0.676605,1.413228,0.721662,0.054904,0.017942,-0.689832
1640841563412609792,0.202928,-0.679348,1.413919,0.721001,0.054167,0.017284,-0.690597
1640841563413039872,0.202410,-0.679591,1.413980,0.720943,0.054100,0.017227,-0.690665
1640841563414459904,0.200698,-0.680393,1.414181,0.720750,0.053876,0.017041,-0.690888
1640841563418370048,0.195987,-0.682609,1.414734,0.720220,0.053234,0.016534,-0.691503
1640841563419529984,0.194589,-0.683268,1.414898,0.720063,0.053035,0.016384,-0.691685
1640841563422519808,0.190986,-0.684971,1.415320,0.719664,0.052501,0.015996,-0.692150
1640841563424489984,0.188613,-0.686095,1.415598,0.719405,0.052131,0.015736,-0.692453
1640841563427599872,0.184866,-0.687873,1.416036,0.719002,0.051517,0.015318,-0.692926
1640841563430419968,0.181468,-0.689490,1.416432,0.718640,0.050950,0.014928,-0.693353
1640841563435239936,0.175662,-0.692264,1.417109,0.718010,0.050024,0.014241,-0.694087
1640841563436590080,0.174035,-0.693043,1.417298,0.717831,0.049775,0.014049,-0.694294
1640841563437509888,0.172927,-0.693574,1.417427,0.717709,0.049607,0.013921,-0.694435
1640841563439429888,0.170614,-0.694684,1.417696,0.717453,0.049257,0.013659,-0.694729
1640841563442710016,0.166664,-0.696584,1.418155,0.717017,0.048655,0.013248,-0.695229
1640841563444470016,0.164544,-0.697606,1.418401,0.716785,0.048323,0.013053,-0.695495
1640841563447830016,0.160497,-0.699561,1.418870,0.716349,0.047660,0.012744,-0.695996
1640841563449459968,0.158534,-0.700511,1.419098,0.716140,0.047325,0.012617,-0.696236
1640841563452770048,0.154548,-0.702444,1.419560,0.715716,0.046663,0.012303,-0.696722
1640841563454560000,0.152393,-0.703491,1.419809,0.715484,0.046322,0.012085,-0.696987
1640841563457520128,0.148828,-0.705226,1.420222,0.715094,0.045783,0.011675,-0.697430
1640841563459709952,0.146192,-0.706512,1.420527,0.714800,0.045401,0.011353,-0.697761
1640841563462630144,0.142676,-0.708230,1.420933,0.714401,0.044906,0.010923,-0.698209
1640841563464409856,0.140533,-0.709278,1.421181,0.714154,0.044610,0.010664,-0.698485
1640841563467689984,0.136584,-0.711214,1.421637,0.713697,0.044063,0.010190,-0.698993
1640841563469549824,0.134346,-0.712313,1.421895,0.713440,0.043746,0.009919,-0.699279
1640841563472489728,0.130807,-0.714054,1.422304,0.713038,0.043233,0.009484,-0.699727
1640841563474449920,0.128448,-0.715216,1.422576,0.712772,0.042883,0.009192,-0.700023
1640841563477579776,0.124681,-0.717074,1.423011,0.712351,0.042313,0.008721,-0.700492
1640841563479480064,0.122394,-0.718204,1.423275,0.712097,0.041964,0.008435,-0.700775
1640841563482749952,0.118460,-0.720151,1.423729,0.711660,0.041356,0.007942,-0.701261
1640841563484580096,0.116258,-0.721242,1.423983,0.711416,0.041013,0.007664,-0.701532
1640841563487629824,0.112588,-0.723063,1.424407,0.711008,0.040436,0.007195,-0.701983
1640841563489449984,0.110399,-0.724151,1.424660,0.710765,0.040088,0.006909,-0.702253
1640841563492519936,0.106706,-0.725988,1.425086,0.710352,0.039497,0.006420,-0.702708
1640841563494319872,0.104541,-0.727066,1.425336,0.710109,0.039149,0.006133,-0.702976
1640841563497639936,0.100548,-0.729058,1.425797,0.709659,0.038506,0.005610,-0.703470
1640841563501080064,0.096412,-0.731124,1.426276,0.709187,0.037844,0.005091,-0.703985
1640841563502959872,0.094151,-0.732254,1.426537,0.708928,0.037483,0.004819,-0.704267
1640841563504469760,0.092336,-0.733163,1.426747,0.708720,0.037193,0.004604,-0.704493
1640841563507909888,0.088201,-0.735235,1.427226,0.708249,0.036522,0.004119,-0.705005
1640841563509949952,0.085749,-0.736464,1.427510,0.707973,0.036114,0.003829,-0.705305
1640841563512519936,0.082661,-0.738015,1.427868,0.707631,0.035588,0.003460,-0.705677
1640841563514639872,0.080113,-0.739295,1.428163,0.707351,0.035151,0.003155,-0.705981
1640841563517750016,0.076376,-0.741174,1.428597,0.706940,0.034520,0.002719,-0.706425
1640841563519470080,0.074310,-0.742214,1.428837,0.706712,0.034183,0.002487,-0.706671
1640841563522719744,0.070406,-0.744180,1.429291,0.706276,0.033573,0.002069,-0.707137
1640841563524499968,0.068268,-0.745257,1.429540,0.706037,0.033249,0.001845,-0.707392
1640841563527510016,0.064654,-0.747081,1.429961,0.705632,0.032705,0.001463,-0.707822
1640841563529619968,0.062120,-0.748359,1.430256,0.705350,0.032319,0.001183,-0.708121
1640841563532649984,0.058483,-0.750196,1.430681,0.704949,0.031751,0.000756,-0.708546
1640841563534540032,0.056214,-0.751343,1.430946,0.704702,0.031392,0.000479,-0.708809
1640841563537519872,0.052638,-0.753151,1.431365,0.704312,0.030830,0.000037,-0.709221
1640841563542749952,0.046362,-0.756326,1.432100,0.703625,0.029901,-0.000704,-0.709942
1640841563543409920,0.045571,-0.756726,1.432193,0.703538,0.029791,-0.000794,-0.710033
1640841563544440064,0.044335,-0.757352,1.432339,0.703401,0.029621,-0.000935,-0.710175
1640841563547659776,0.040473,-0.759308,1.432793,0.702972,0.029108,-0.001380,-0.710620
1640841563549469952,0.038303,-0.760407,1.433049,0.702729,0.028831,-0.001639,-0.710871
1640841563553519872,0.033447,-0.762868,1.433622,0.702182,0.028228,-0.002261,-0.711434
1640841563554479872,0.032296,-0.763451,1.433758,0.702052,0.028087,-0.002416,-0.711567
1640841563558159872,0.027886,-0.765686,1.434280,0.701549,0.027551,-0.003028,-0.712082
1640841563559919872,0.025777,-0.766756,1.434530,0.701307,0.027292,-0.003329,-0.712329
1640841563562680064,0.022470,-0.768432,1.434923,0.700925,0.026881,-0.003808,-0.712718
1640841563564430080,0.020374,-0.769495,1.435173,0.700683,0.026615,-0.004114,-0.712965
1640841563567569920,0.016613,-0.771402,1.435621,0.700251,0.026130,-0.004671,-0.713403
1640841563569530112,0.014266,-0.772591,1.435901,0.699984,0.025820,-0.005022,-0.713674
1640841563572579840,0.010615,-0.774442,1.436338,0.699575,0.025329,-0.005571,-0.714089
1640841563574990080,0.007731,-0.775904,1.436684,0.699255,0.024935,-0.006000,-0.714412
1640841563577740032,0.004440,-0.777572,1.437080,0.698891,0.024482,-0.006478,-0.714779
1640841563580580096,0.001042,-0.779293,1.437490,0.698516,0.024013,-0.006951,-0.715158
1640841563582530048,-0.001290,-0.780474,1.437771,0.698257,0.023691,-0.007261,-0.715418
1640841563584359936,-0.003478,-0.781583,1.438036,0.698014,0.023386,-0.007543,-0.715662
1640841563587739904,-0.007520,-0.783628,1.438526,0.697567,0.022809,-0.008056,-0.716111
1640841563589560064,-0.009696,-0.784729,1.438790,0.697328,0.022487,-0.008331,-0.716351
1640841563592640000,-0.013376,-0.786590,1.439239,0.696927,0.021921,-0.008805,-0.716752
1640841563594679808,-0.015814,-0.787822,1.439536,0.696664,0.021534,-0.009121,-0.717016
1640841563597679872,-0.019398,-0.789633,1.439975,0.696279,0.020960,-0.009579,-0.717401
1640841563599439872,-0.021500,-0.790694,1.440233,0.696053,0.020625,-0.009840,-0.717626
1640841563602629888,-0.025309,-0.792616,1.440701,0.695643,0.020031,-0.010293,-0.718034
1640841563604470016,-0.027506,-0.793723,1.440972,0.695407,0.019696,-0.010545,-0.718269
1640841563608019712,-0.031743,-0.795858,1.441496,0.694950,0.019069,-0.011021,-0.718721
1640841563612029952,-0.036527,-0.798265,1.442090,0.694435,0.018389,-0.011564,-0.719227
1640841563612890112,-0.037553,-0.798781,1.442218,0.694325,0.018247,-0.011682,-0.719335
1640841563614419968,-0.039378,-0.799698,1.442445,0.694129,0.017997,-0.011891,-0.719527
1640841563617659904,-0.043242,-0.801638,1.442928,0.693712,0.017483,-0.012332,-0.719935
1640841563619429888,-0.045352,-0.802696,1.443192,0.693482,0.017211,-0.012568,-0.720159
1640841563622700032,-0.049250,-0.804650,1.443682,0.693053,0.016721,-0.012996,-0.720575
1640841563624739840,-0.051681,-0.805866,1.443988,0.692785,0.016421,-0.013263,-0.720835
1640841563627810048,-0.055339,-0.807695,1.444450,0.692384,0.015976,-0.013672,-0.721222
1640841563629609728,-0.057484,-0.808765,1.444722,0.692152,0.015715,-0.013921,-0.721446
1640841563632560128,-0.060997,-0.810518,1.445168,0.691777,0.015286,-0.014351,-0.721807
1640841563634439936,-0.063236,-0.811633,1.445453,0.691540,0.015016,-0.014639,-0.722034
1640841563637539840,-0.066926,-0.813468,1.445924,0.691146,0.014592,-0.015132,-0.722409
1640841563639520000,-0.069283,-0.814639,1.446226,0.690890,0.014340,-0.015458,-0.722653
1640841563645669888,-0.076601,-0.818266,1.447168,0.690067,0.013652,-0.016502,-0.723428
1640841563646889984,-0.078052,-0.818983,1.447356,0.689902,0.013523,-0.016712,-0.723583
1640841563647619840,-0.078920,-0.819412,1.447468,0.689803,0.013447,-0.016838,-0.723676
1640841563649430016,-0.081073,-0.820475,1.447747,0.689559,0.013255,-0.017149,-0.723905
1640841563652590080,-0.084830,-0.822327,1.448236,0.689137,0.012908,-0.017689,-0.724300
1640841563654510080,-0.087113,-0.823450,1.448534,0.688883,0.012691,-0.018014,-0.724538
1640841563658289920,-0.091605,-0.825657,1.449122,0.688385,0.012250,-0.018648,-0.725003
1640841563659899904,-0.093518,-0.826595,1.449373,0.688173,0.012058,-0.018916,-0.725200
1640841563662599936,-0.096726,-0.828165,1.449796,0.687818,0.011730,-0.019362,-0.725530
1640841563664499968,-0.098983,-0.829267,1.450094,0.687570,0.011494,-0.019672,-0.725761
1640841563667840000,-0.102950,-0.831201,1.450619,0.687136,0.011070,-0.020211,-0.726163
1640841563669459712,-0.104873,-0.832137,1.450875,0.686928,0.010860,-0.020469,-0.726356
1640841563672799744,-0.108838,-0.834063,1.451404,0.686504,0.010418,-0.020992,-0.726748
1640841563675180032,-0.111663,-0.835431,1.451782,0.686204,0.010099,-0.021358,-0.727026
1640841563677680128,-0.114629,-0.836866,1.452181,0.685889,0.009765,-0.021735,-0.727316
1640841563679440128,-0.116717,-0.837873,1.452462,0.685668,0.009533,-0.021996,-0.727520
1640841563682619904,-0.120489,-0.839690,1.452972,0.685266,0.009119,-0.022460,-0.727889
1640841563684439808,-0.122648,-0.840727,1.453265,0.685036,0.008885,-0.022723,-0.728100
1640841563687569920,-0.126360,-0.842506,1.453770,0.684644,0.008482,-0.023176,-0.728460
1640841563690150144,-0.129418,-0.843968,1.454188,0.684326,0.008148,-0.023553,-0.728750
1640841563692639744,-0.132370,-0.845375,1.454593,0.684023,0.007826,-0.023921,-0.729027
1640841563694540032,-0.134622,-0.846447,1.454903,0.683793,0.007586,-0.024200,-0.729235
1640841563697579776,-0.138224,-0.848156,1.455400,0.683425,0.007225,-0.024637,-0.729570
1640841563699489792,-0.140487,-0.849228,1.455714,0.683192,0.007019,-0.024902,-0.729781
1640841563702579968,-0.144147,-0.850956,1.456222,0.682810,0.006726,-0.025310,-0.730127
1640841563704509952,-0.146433,-0.852032,1.456541,0.682569,0.006557,-0.025560,-0.730345
1640841563710000128,-0.152934,-0.855081,1.457453,0.681880,0.006071,-0.026297,-0.730966
1640841563711139840,-0.154284,-0.855711,1.457644,0.681737,0.005958,-0.026462,-0.731094
1640841563712669952,-0.156095,-0.856556,1.457899,0.681546,0.005796,-0.026694,-0.731265
1640841563714520064,-0.158285,-0.857576,1.458209,0.681315,0.005592,-0.026984,-0.731471
1640841563717579776,-0.161906,-0.859257,1.458724,0.680936,0.005251,-0.027480,-0.731809
1640841563719529984,-0.164214,-0.860325,1.459053,0.680695,0.005044,-0.027798,-0.732022
1640841563723140096,-0.168486,-0.862295,1.459665,0.680250,0.004695,-0.028386,-0.732415
1640841563724939776,-0.170615,-0.863273,1.459971,0.680029,0.004534,-0.028682,-0.732610
1640841563727559936,-0.173715,-0.864694,1.460419,0.679706,0.004309,-0.029120,-0.732893
1640841563729489920,-0.175997,-0.865737,1.460749,0.679469,0.004147,-0.029451,-0.733101
1640841563732679936,-0.179770,-0.867455,1.461298,0.679075,0.003881,-0.030013,-0.733445
1640841563735190016,-0.182738,-0.868802,1.461731,0.678764,0.003669,-0.030462,-0.733715
1640841563737689856,-0.185694,-0.870139,1.462165,0.678453,0.003452,-0.030909,-0.733985
1640841563740119808,-0.188567,-0.871433,1.462588,0.678150,0.003235,-0.031338,-0.734248
1640841563742579968,-0.191475,-0.872739,1.463017,0.677843,0.003005,-0.031764,-0.734514
1640841563744480000,-0.193721,-0.873745,1.463350,0.677606,0.002823,-0.032089,-0.734720
1640841563747629824,-0.197444,-0.875406,1.463905,0.677213,0.002515,-0.032623,-0.735059
1640841563749469952,-0.199618,-0.876372,1.464230,0.676985,0.002333,-0.032934,-0.735256
1640841563752630016,-0.203353,-0.878026,1.464790,0.676596,0.002020,-0.033471,-0.735591
1640841563755659776,-0.206933,-0.879604,1.465330,0.676227,0.001719,-0.033985,-0.735907
1640841563757809920,-0.209473,-0.880719,1.465715,0.675968,0.001504,-0.034341,-0.736129
1640841563760900096,-0.213124,-0.882315,1.466271,0.675599,0.001189,-0.034831,-0.736445
1640841563762480128,-0.214990,-0.883128,1.466556,0.675411,0.001024,-0.035069,-0.736606
1640841563764410112,-0.217270,-0.884119,1.466905,0.675182,0.000818,-0.035351,-0.736803
1640841563767719936,-0.221180,-0.885810,1.467506,0.674788,0.000453,-0.035816,-0.737142
1640841563769499904,-0.223283,-0.886716,1.467831,0.674574,0.000249,-0.036060,-0.737326
1640841563772620032,-0.226968,-0.888297,1.468403,0.674196,-0.000122,-0.036482,-0.737651
1640841563774799872,-0.229542,-0.889396,1.468804,0.673932,-0.000384,-0.036773,-0.737877
1640841563777619712,-0.232873,-0.890813,1.469325,0.673595,-0.000718,-0.037145,-0.738166
1640841563779449856,-0.235034,-0.891728,1.469665,0.673382,-0.000927,-0.037385,-0.738349
1640841563782569984,-0.238719,-0.893282,1.470246,0.673025,-0.001264,-0.037790,-0.738653
1640841563785659904,-0.242368,-0.894812,1.470824,0.672673,-0.001572,-0.038189,-0.738952
1640841563787629824,-0.244695,-0.895783,1.471195,0.672444,-0.001755,-0.038443,-0.739147
1640841563789600000,-0.247021,-0.896751,1.471566,0.672210,-0.001926,-0.038697,-0.739346
1640841563792919808,-0.250942,-0.898374,1.472196,0.671798,-0.002191,-0.039127,-0.739697
1640841563794550016,-0.252867,-0.899167,1.472506,0.671592,-0.002313,-0.039341,-0.739872
1640841563797550080,-0.256410,-0.900620,1.473079,0.671218,-0.002530,-0.039741,-0.740190
1640841563799439872,-0.258642,-0.901531,1.473441,0.670991,-0.002667,-0.040000,-0.740381
1640841563802649856,-0.262433,-0.903071,1.474060,0.670622,-0.002901,-0.040452,-0.740690
1640841563804899840,-0.265091,-0.904144,1.474495,0.670371,-0.003062,-0.040776,-0.740899
1640841563807610112,-0.268291,-0.905431,1.475022,0.670069,-0.003251,-0.041172,-0.741149
1640841563810020096,-0.271138,-0.906569,1.475492,0.669797,-0.003409,-0.041527,-0.741375
1640841563812499968,-0.274067,-0.907735,1.475978,0.669508,-0.003560,-0.041895,-0.741614
1640841563814569984,-0.276512,-0.908703,1.476385,0.669262,-0.003679,-0.042206,-0.741817
1640841563817900032,-0.280446,-0.910251,1.477044,0.668865,-0.003862,-0.042720,-0.742146
1640841563819520000,-0.282359,-0.911001,1.477365,0.668673,-0.003949,-0.042978,-0.742303
1640841563822649856,-0.286057,-0.912442,1.477989,0.668308,-0.004116,-0.043494,-0.742601
1640841563824479744,-0.288219,-0.913279,1.478355,0.668098,-0.004215,-0.043804,-0.742771
1640841563828569856,-0.293051,-0.915140,1.479178,0.667630,-0.004436,-0.044489,-0.743150
1640841563829469952,-0.294115,-0.915547,1.479360,0.667526,-0.004485,-0.044635,-0.743234
1640841563832679936,-0.297907,-0.916992,1.480011,0.667150,-0.004662,-0.045140,-0.743540
1640841563834449920,-0.299999,-0.917785,1.480371,0.666940,-0.004762,-0.045410,-0.743711
1640841563837669888,-0.303804,-0.919218,1.481029,0.666559,-0.004954,-0.045896,-0.744022
1640841563839490048,-0.305955,-0.920023,1.481403,0.666343,-0.005068,-0.046171,-0.744197
1640841563842759936,-0.309819,-0.921462,1.482077,0.665959,-0.005288,-0.046667,-0.744508
1640841563845029888,-0.312502,-0.922454,1.482548,0.665693,-0.005450,-0.047007,-0.744723
1640841563848909824,-0.317089,-0.924137,1.483356,0.665240,-0.005742,-0.047562,-0.745091
1640841563849529856,-0.317822,-0.924404,1.483485,0.665168,-0.005790,-0.047646,-0.745150
1640841563852519936,-0.321357,-0.925688,1.484113,0.664818,-0.006027,-0.048030,-0.745435
1640841563854449920,-0.323638,-0.926512,1.484519,0.664592,-0.006183,-0.048260,-0.745621
1640841563857669888,-0.327445,-0.927878,1.485200,0.664215,-0.006445,-0.048623,-0.745931
1640841563859609856,-0.329739,-0.928695,1.485613,0.663988,-0.006603,-0.048832,-0.746118
1640841563862629888,-0.333310,-0.929960,1.486257,0.663636,-0.006848,-0.049151,-0.746408
1640841563864440064,-0.335451,-0.930713,1.486645,0.663425,-0.006997,-0.049338,-0.746582
1640841563867539968,-0.339117,-0.931994,1.487312,0.663065,-0.007261,-0.049650,-0.746878
1640841563869489920,-0.341424,-0.932795,1.487733,0.662839,-0.007438,-0.049840,-0.747065
1640841563872470016,-0.344949,-0.934011,1.488380,0.662493,-0.007731,-0.050121,-0.747350
1640841563874579968,-0.347445,-0.934865,1.488840,0.662247,-0.007960,-0.050313,-0.747552
1640841563877910016,-0.351385,-0.936204,1.489569,0.661860,-0.008334,-0.050610,-0.747871
1640841563880790016,-0.354793,-0.937352,1.490203,0.661525,-0.008624,-0.050874,-0.748146
1640841563883059968,-0.357479,-0.938251,1.490704,0.661261,-0.008821,-0.051087,-0.748363
1640841563884519936,-0.359207,-0.938825,1.491028,0.661091,-0.008936,-0.051223,-0.748501
1640841563887490048,-0.362723,-0.939987,1.491689,0.660748,-0.009142,-0.051494,-0.748784
1640841563889449728,-0.365042,-0.940748,1.492127,0.660522,-0.009263,-0.051664,-0.748970
1640841563892740096,-0.368937,-0.942016,1.492865,0.660144,-0.009444,-0.051923,-0.749283
1640841563894660096,-0.371211,-0.942751,1.493298,0.659925,-0.009541,-0.052063,-0.749465
1640841563897689856,-0.374798,-0.943901,1.493984,0.659576,-0.009684,-0.052289,-0.749755
1640841563899619840,-0.377084,-0.944628,1.494423,0.659351,-0.009773,-0.052448,-0.749940
1640841563902619904,-0.380636,-0.945750,1.495107,0.658996,-0.009909,-0.052727,-0.750230
1640841563904419840,-0.382768,-0.946418,1.495520,0.658781,-0.009988,-0.052910,-0.750405
1640841563907810048,-0.386784,-0.947666,1.496300,0.658375,-0.010134,-0.053271,-0.750735
1640841563909669888,-0.388988,-0.948345,1.496730,0.658152,-0.010210,-0.053473,-0.750915
1640841563912600064,-0.392459,-0.949406,1.497409,0.657802,-0.010324,-0.053787,-0.751197
1640841563915219968,-0.395564,-0.950347,1.498020,0.657491,-0.010416,-0.054065,-0.751448
1640841563917629952,-0.398419,-0.951205,1.498584,0.657204,-0.010485,-0.054318,-0.751680
1640841563919459840,-0.400588,-0.951852,1.499014,0.656986,-0.010526,-0.054512,-0.751856
1640841563922550016,-0.404250,-0.952936,1.499742,0.656613,-0.010569,-0.054840,-0.752157
1640841563924769792,-0.406882,-0.953707,1.500268,0.656342,-0.010593,-0.055074,-0.752376
1640841563927510016,-0.410130,-0.954651,1.500920,0.656001,-0.010629,-0.055356,-0.752652
1640841563930889728,-0.414137,-0.955804,1.501727,0.655571,-0.010709,-0.055686,-0.753001
1640841563932790016,-0.416390,-0.956446,1.502183,0.655327,-0.010769,-0.055865,-0.753200
1640841563934449920,-0.418358,-0.957003,1.502583,0.655112,-0.010827,-0.056018,-0.753374
1640841563937609984,-0.422105,-0.958054,1.503346,0.654706,-0.010942,-0.056306,-0.753704
1640841563939469824,-0.424311,-0.958668,1.503798,0.654470,-0.011008,-0.056476,-0.753895
1640841563943009792,-0.428509,-0.959824,1.504660,0.654030,-0.011117,-0.056803,-0.754251
1640841563944449792,-0.430217,-0.960289,1.505012,0.653853,-0.011160,-0.056932,-0.754394
1640841563947609856,-0.433966,-0.961303,1.505788,0.653464,-0.011257,-0.057197,-0.754709
1640841563949709824,-0.436457,-0.961970,1.506306,0.653203,-0.011331,-0.057352,-0.754923
1640841563952580096,-0.439862,-0.962873,1.507017,0.652841,-0.011447,-0.057532,-0.755220
1640841563954439936,-0.442069,-0.963452,1.507479,0.652604,-0.011532,-0.057635,-0.755416
1640841563957520128,-0.445723,-0.964403,1.508248,0.652212,-0.011684,-0.057790,-0.755740
1640841563959610112,-0.448203,-0.965041,1.508771,0.651947,-0.011796,-0.057889,-0.755959
1640841563962469888,-0.451597,-0.965907,1.509491,0.651588,-0.011955,-0.058025,-0.756256
1640841563964499968,-0.454007,-0.966515,1.510003,0.651335,-0.012069,-0.058119,-0.756465
1640841563967619840,-0.457710,-0.967439,1.510794,0.650949,-0.012237,-0.058255,-0.756784
1640841563969440000,-0.459870,-0.967973,1.511258,0.650725,-0.012327,-0.058329,-0.756969
1640841563972539904,-0.463550,-0.968873,1.512050,0.650346,-0.012462,-0.058441,-0.757284
1640841563974550016,-0.465936,-0.969450,1.512566,0.650100,-0.012536,-0.058506,-0.757489
1640841563977929728,-0.469949,-0.970410,1.513436,0.649684,-0.012635,-0.058600,-0.757837
1640841563979980032,-0.472384,-0.970985,1.513967,0.649429,-0.012678,-0.058650,-0.758051
1640841563982629888,-0.475531,-0.971721,1.514655,0.649097,-0.012717,-0.058706,-0.758331
1640841563984499968,-0.477751,-0.972235,1.515142,0.648860,-0.012736,-0.058741,-0.758530
1640841563987520000,-0.481338,-0.973056,1.515932,0.648479,-0.012764,-0.058792,-0.758852
1640841563989699840,-0.483928,-0.973641,1.516505,0.648205,-0.012789,-0.058827,-0.759082
1640841563992509952,-0.487266,-0.974387,1.517246,0.647856,-0.012831,-0.058873,-0.759376
1640841563995190016,-0.490450,-0.975090,1.517955,0.647526,-0.012873,-0.058922,-0.759653
1640841563997479936,-0.493171,-0.975683,1.518564,0.647244,-0.012904,-0.058972,-0.759889
1640841563999500032,-0.495571,-0.976201,1.519103,0.646996,-0.012920,-0.059025,-0.760096
1640841564002569984,-0.499219,-0.976979,1.519925,0.646617,-0.012921,-0.059122,-0.760411
1640841564004509952,-0.501525,-0.977464,1.520446,0.646376,-0.012910,-0.059190,-0.760610
1640841564007599872,-0.505198,-0.978227,1.521279,0.645989,-0.012876,-0.059300,-0.760931
1640841564011950080,-0.510369,-0.979282,1.522459,0.645438,-0.012803,-0.059445,-0.761388
1640841564012960000,-0.511570,-0.979524,1.522734,0.645309,-0.012782,-0.059477,-0.761495
1640841564014459904,-0.513354,-0.979880,1.523144,0.645118,-0.012750,-0.059523,-0.761655
1640841564017519872,-0.516993,-0.980598,1.523981,0.644726,-0.012675,-0.059618,-0.761980
1640841564019510016,-0.519359,-0.981059,1.524528,0.644472,-0.012621,-0.059681,-0.762191
1640841564022549760,-0.522975,-0.981754,1.525367,0.644086,-0.012531,-0.059783,-0.762511
1640841564024519936,-0.525318,-0.982198,1.525912,0.643836,-0.012470,-0.059852,-0.762717
1640841564027599872,-0.528982,-0.982883,1.526768,0.643444,-0.012373,-0.059964,-0.763040
1640841564029520128,-0.531267,-0.983304,1.527304,0.643198,-0.012312,-0.060033,-0.763243
1640841564032480000,-0.534789,-0.983944,1.528132,0.642815,-0.012221,-0.060139,-0.763559
1640841564034479872,-0.537169,-0.984370,1.528694,0.642554,-0.012163,-0.060206,-0.763775
1640841564037560064,-0.540835,-0.985017,1.529562,0.642150,-0.012078,-0.060300,-0.764109
1640841564039480064,-0.543121,-0.985415,1.530105,0.641898,-0.012029,-0.060349,-0.764317
1640841564042680064,-0.546931,-0.986067,1.531014,0.641481,-0.011955,-0.060411,-0.764663
1640841564045149952,-0.549872,-0.986562,1.531718,0.641161,-0.011903,-0.060440,-0.764930
1640841564047559936,-0.552742,-0.987038,1.532408,0.640852,-0.011858,-0.060453,-0.765189
1640841564049459968,-0.555005,-0.987408,1.532953,0.640610,-0.011827,-0.060452,-0.765392
1640841564052589824,-0.558733,-0.988008,1.533854,0.640214,-0.011779,-0.060431,-0.765726
1640841564054529792,-0.561044,-0.988374,1.534415,0.639970,-0.011751,-0.060411,-0.765931
1640841564058560000,-0.565846,-0.989120,1.535584,0.639471,-0.011689,-0.060364,-0.766353
1640841564060129792,-0.567717,-0.989405,1.536042,0.639278,-0.011661,-0.060348,-0.766515
1640841564062569984,-0.570625,-0.989842,1.536754,0.638981,-0.011610,-0.060328,-0.766766
1640841564064519936,-0.572950,-0.990187,1.537326,0.638743,-0.011560,-0.060311,-0.766966
1640841564067600128,-0.576622,-0.990721,1.538231,0.638364,-0.011457,-0.060272,-0.767286
1640841564069479936,-0.578864,-0.991042,1.538785,0.638129,-0.011375,-0.060237,-0.767485
1640841564072640000,-0.582633,-0.991572,1.539720,0.637725,-0.011203,-0.060152,-0.767830
1640841564074859776,-0.585281,-0.991937,1.540379,0.637439,-0.011064,-0.060080,-0.768075
1640841564078019840,-0.589051,-0.992446,1.541321,0.637034,-0.010853,-0.059975,-0.768423
1640841564079559936,-0.590889,-0.992690,1.541781,0.636839,-0.010750,-0.059926,-0.768589
1640841564082899712,-0.594875,-0.993210,1.542782,0.636424,-0.010529,-0.059835,-0.768943
1640841564084489728,-0.596774,-0.993453,1.543261,0.636229,-0.010425,-0.059798,-0.769109
1640841564087559936,-0.600439,-0.993914,1.544187,0.635853,-0.010224,-0.059740,-0.769427
1640841564090240000,-0.603640,-0.994307,1.544998,0.635523,-0.010049,-0.059703,-0.769704
1640841564092559872,-0.606411,-0.994640,1.545702,0.635235,-0.009895,-0.059681,-0.769946
1640841564094749952,-0.609027,-0.994949,1.546369,0.634957,-0.009747,-0.059670,-0.770178
1640841564097820160,-0.612696,-0.995374,1.547307,0.634560,-0.009535,-0.059665,-0.770508
1640841564099639808,-0.614871,-0.995620,1.547864,0.634322,-0.009406,-0.059656,-0.770706
1640841564102550016,-0.618350,-0.996006,1.548758,0.633944,-0.009196,-0.059623,-0.771022
1640841564105609984,-0.622009,-0.996402,1.549702,0.633550,-0.008972,-0.059568,-0.771353
1640841564110849792,-0.628277,-0.997055,1.551325,0.632884,-0.008589,-0.059456,-0.771912
1640841564111789824,-0.629402,-0.997169,1.551617,0.632766,-0.008521,-0.059437,-0.772011
1640841564112529920,-0.630287,-0.997258,1.551848,0.632674,-0.008468,-0.059422,-0.772089
1640841564115350016,-0.633662,-0.997592,1.552727,0.632324,-0.008266,-0.059369,-0.772382
1640841564117679872,-0.636451,-0.997861,1.553456,0.632036,-0.008100,-0.059327,-0.772622
1640841564119469824,-0.638595,-0.998064,1.554017,0.631815,-0.007971,-0.059297,-0.772806
1640841564123139840,-0.642990,-0.998468,1.555171,0.631362,-0.007702,-0.059231,-0.773184
1640841564124610048,-0.644751,-0.998626,1.555634,0.631181,-0.007592,-0.059202,-0.773336
1640841564127529984,-0.648250,-0.998934,1.556557,0.630819,-0.007371,-0.059134,-0.773638
1640841564129689856,-0.650838,-0.999155,1.557242,0.630551,-0.007206,-0.059071,-0.773863
1640841564132609792,-0.654339,-0.999446,1.558170,0.630188,-0.006980,-0.058966,-0.774169
1640841564134459904,-0.656557,-0.999626,1.558759,0.629957,-0.006835,-0.058883,-0.774364
1640841564137729792,-0.660479,-0.999936,1.559804,0.629551,-0.006578,-0.058708,-0.774710
1640841564139869952,-0.663046,-1.000132,1.560489,0.629288,-0.006409,-0.058582,-0.774934
1640841564142589696,-0.666310,-1.000375,1.561363,0.628964,-0.006190,-0.058424,-0.775211
1640841564144989952,-0.669191,-1.000584,1.562135,0.628686,-0.005993,-0.058290,-0.775449
1640841564147559936,-0.672277,-1.000800,1.562965,0.628390,-0.005775,-0.058151,-0.775700
1640841564149529856,-0.674643,-1.000962,1.563602,0.628161,-0.005600,-0.058049,-0.775894
1640841564152659968,-0.678402,-1.001210,1.564617,0.627792,-0.005304,-0.057889,-0.776208
1640841564154850048,-0.681034,-1.001379,1.565329,0.627528,-0.005082,-0.057775,-0.776431
1640841564157869824,-0.684664,-1.001603,1.566313,0.627159,-0.004749,-0.057608,-0.776743
1640841564159440128,-0.686552,-1.001716,1.566826,0.626965,-0.004562,-0.057515,-0.776908
1640841564162560000,-0.690304,-1.001934,1.567847,0.626575,-0.004165,-0.057316,-0.777239
1640841564164450048,-0.692577,-1.002061,1.568467,0.626339,-0.003911,-0.057190,-0.777440
1640841564167729920,-0.696524,-1.002274,1.569545,0.625933,-0.003462,-0.056970,-0.777785
1640841564169750016,-0.698955,-1.002401,1.570211,0.625688,-0.003185,-0.056840,-0.777993
1640841564172580096,-0.702362,-1.002571,1.571145,0.625352,-0.002801,-0.056667,-0.778278
1640841564174729728,-0.704951,-1.002696,1.571857,0.625099,-0.002507,-0.056543,-0.778491
1640841564178020096,-0.708915,-1.002878,1.572949,0.624708,-0.002040,-0.056363,-0.778819
1640841564179970048,-0.711265,-1.002982,1.573597,0.624470,-0.001748,-0.056259,-0.779018
1640841564182700032,-0.714555,-1.003121,1.574506,0.624130,-0.001319,-0.056117,-0.779302
1640841564184519936,-0.716750,-1.003210,1.575114,0.623899,-0.001027,-0.056023,-0.779493
1640841564187559936,-0.720416,-1.003353,1.576131,0.623512,-0.000538,-0.055865,-0.779815
1640841564189469696,-0.722720,-1.003438,1.576771,0.623269,-0.000236,-0.055763,-0.780017
1640841564192559872,-0.726449,-1.003570,1.577809,0.622880,0.000234,-0.055592,-0.780339
1640841564194639872,-0.728959,-1.003654,1.578509,0.622622,0.000543,-0.055469,-0.780554
1640841564197619968,-0.732558,-1.003768,1.579514,0.622256,0.000987,-0.055274,-0.780859
1640841564199499776,-0.734828,-1.003836,1.580149,0.622028,0.001271,-0.055136,-0.781050
1640841564202889984,-0.738924,-1.003952,1.581297,0.621621,0.001802,-0.054859,-0.781393
1640841564204529920,-0.740906,-1.004004,1.581853,0.621424,0.002063,-0.054717,-0.781559
1640841564207539968,-0.744545,-1.004095,1.582876,0.621059,0.002540,-0.054458,-0.781866
1640841564209519872,-0.746939,-1.004151,1.583550,0.620814,0.002848,-0.054295,-0.782070
1640841564214729984,-0.753242,-1.004283,1.585329,0.620153,0.003629,-0.053886,-0.782619
1640841564215329792,-0.753968,-1.004297,1.585535,0.620076,0.003717,-0.053837,-0.782683
1640841564218139904,-0.757369,-1.004358,1.586498,0.619716,0.004126,-0.053592,-0.782984
1640841564219729920,-0.759294,-1.004390,1.587043,0.619512,0.004357,-0.053438,-0.783154
1640841564222579968,-0.762746,-1.004443,1.588023,0.619151,0.004771,-0.053122,-0.783459
1640841564224509952,-0.765084,-1.004475,1.588688,0.618909,0.005053,-0.052887,-0.783664
1640841564227619840,-0.768852,-1.004521,1.589761,0.618525,0.005507,-0.052490,-0.783990
1640841564229729792,-0.771410,-1.004549,1.590490,0.618269,0.005815,-0.052223,-0.784208
1640841564236649984,-0.779804,-1.004616,1.592890,0.617445,0.006837,-0.051383,-0.784905
1640841564237939712,-0.781369,-1.004625,1.593339,0.617290,0.007032,-0.051222,-0.785035
1640841564238390016,-0.781915,-1.004628,1.593495,0.617235,0.007101,-0.051164,-0.785081
1640841564239470080,-0.783226,-1.004634,1.593872,0.617104,0.007267,-0.051023,-0.785192
1640841564242699776,-0.787148,-1.004648,1.594998,0.616705,0.007774,-0.050583,-0.785529
1640841564244489984,-0.789322,-1.004652,1.595623,0.616482,0.008061,-0.050335,-0.785717
1640841564247779840,-0.793319,-1.004655,1.596775,0.616070,0.008599,-0.049886,-0.786063
1640841564250180096,-0.796236,-1.004653,1.597617,0.615772,0.009000,-0.049576,-0.786312
1640841564252699904,-0.799300,-1.004647,1.598502,0.615463,0.009426,-0.049277,-0.786568
1640841564254459904,-0.801441,-1.004640,1.599121,0.615249,0.009728,-0.049084,-0.786743
1640841564257529856,-0.805176,-1.004624,1.600203,0.614881,0.010268,-0.048752,-0.787045
1640841564259529728,-0.807610,-1.004610,1.600909,0.614641,0.010631,-0.048523,-0.787241
1640841564263099904,-0.811956,-1.004579,1.602172,0.614212,0.011304,-0.048074,-0.787595
1640841564267299840,-0.817073,-1.004533,1.603661,0.613704,0.012120,-0.047517,-0.788012
1640841564268079872,-0.818023,-1.004524,1.603939,0.613610,0.012273,-0.047414,-0.788089
1640841564270030080,-0.820400,-1.004498,1.604632,0.613373,0.012655,-0.047163,-0.788282
1640841564272519936,-0.823436,-1.004462,1.605519,0.613070,0.013141,-0.046860,-0.788528
1640841564274649856,-0.826034,-1.004429,1.606278,0.612810,0.013554,-0.046613,-0.788738
1640841564277599744,-0.829633,-1.004378,1.607332,0.612450,0.014121,-0.046281,-0.789027
1640841564279619840,-0.832099,-1.004341,1.608055,0.612203,0.014504,-0.046056,-0.789225
1640841564283239936,-0.836519,-1.004269,1.609353,0.611760,0.015179,-0.045647,-0.789579
1640841564285199872,-0.838913,-1.004227,1.610057,0.611521,0.015537,-0.045417,-0.789771
1640841564287579904,-0.841822,-1.004174,1.610913,0.611230,0.015965,-0.045123,-0.790005
1640841564289509888,-0.844181,-1.004129,1.611608,0.610994,0.016305,-0.044870,-0.790194
1640841564292549888,-0.847898,-1.004054,1.612705,0.610623,0.016827,-0.044441,-0.790495
1640841564294509824,-0.850295,-1.004003,1.613414,0.610381,0.017158,-0.044156,-0.790690
1640841564298159872,-0.854762,-1.003904,1.614735,0.609917,0.017771,-0.043651,-0.791063
1640841564303479808,-0.861277,-1.003748,1.616667,0.609240,0.018649,-0.042915,-0.791604
1640841564303920128,-0.861817,-1.003735,1.616827,0.609187,0.018720,-0.042847,-0.791647
1640841564304459776,-0.862478,-1.003718,1.617024,0.609122,0.018806,-0.042763,-0.791700
1640841564307819776,-0.866596,-1.003612,1.618248,0.608727,0.019329,-0.042216,-0.792020
1640841564309979904,-0.869245,-1.003542,1.619037,0.608479,0.019651,-0.041853,-0.792222
1640841564312579840,-0.872434,-1.003454,1.619987,0.608183,0.020025,-0.041407,-0.792463
1640841564314939904,-0.875331,-1.003373,1.620851,0.607915,0.020356,-0.040993,-0.792682
1640841564317659904,-0.878670,-1.003276,1.621849,0.607603,0.020735,-0.040502,-0.792937
1640841564319500032,-0.880930,-1.003209,1.622524,0.607388,0.020991,-0.040160,-0.793112
1640841564322559744,-0.884690,-1.003095,1.623650,0.607022,0.021422,-0.039570,-0.793410
1640841564324549888,-0.887136,-1.003019,1.624383,0.606780,0.021705,-0.039173,-0.793607
1640841564327649792,-0.890948,-1.002897,1.625526,0.606402,0.022145,-0.038537,-0.793915
1640841564329609984,-0.893360,-1.002819,1.626250,0.606165,0.022423,-0.038125,-0.794108
1640841564333659904,-0.898346,-1.002653,1.627749,0.605682,0.022992,-0.037255,-0.794502
1640841564334470144,-0.899344,-1.002620,1.628049,0.605587,0.023106,-0.037081,-0.794579
1640841564337689856,-0.903311,-1.002483,1.629244,0.605212,0.023565,-0.036396,-0.794883
1640841564339609856,-0.905678,-1.002401,1.629957,0.604991,0.023845,-0.036000,-0.795060
1640841564342670080,-0.909452,-1.002267,1.631096,0.604641,0.024301,-0.035388,-0.795340
1640841564345289984,-0.912685,-1.002150,1.632072,0.604341,0.024699,-0.034881,-0.795579
1640841564347699968,-0.915660,-1.002041,1.632971,0.604061,0.025070,-0.034424,-0.795800
1640841564349509888,-0.917896,-1.001958,1.633648,0.603847,0.025349,-0.034086,-0.795968
1640841564352689920,-0.921826,-1.001811,1.634837,0.603461,0.025841,-0.033498,-0.796269
1640841564354519808,-0.924089,-1.001725,1.635522,0.603234,0.026128,-0.033164,-0.796446
1640841564357669888,-0.927985,-1.001576,1.636704,0.602837,0.026638,-0.032596,-0.796753
1640841564359520000,-0.930276,-1.001487,1.637398,0.602601,0.026953,-0.032268,-0.796934
1640841564363459840,-0.935155,-1.001295,1.638880,0.602099,0.027668,-0.031588,-0.797316
1640841564366409984,-0.938812,-1.001150,1.639991,0.601726,0.028226,-0.031100,-0.797597
1640841564367480064,-0.940139,-1.001097,1.640395,0.601592,0.028429,-0.030928,-0.797698
1640841564369540096,-0.942695,-1.000994,1.641172,0.601336,0.028818,-0.030607,-0.797889
1640841564372499968,-0.946369,-1.000845,1.642290,0.600973,0.029366,-0.030164,-0.798160
1640841564374629888,-0.949014,-1.000738,1.643096,0.600711,0.029754,-0.029855,-0.798354
1640841564378609920,-0.953960,-1.000534,1.644603,0.600211,0.030466,-0.029289,-0.798724
1640841564380000000,-0.955689,-1.000463,1.645130,0.600031,0.030710,-0.029091,-0.798857
1640841564382619904,-0.958949,-1.000328,1.646124,0.599683,0.031168,-0.028717,-0.799115
1640841564384519936,-0.961314,-1.000229,1.646846,0.599426,0.031495,-0.028442,-0.799304
1640841564387660032,-0.965226,-1.000065,1.648040,0.599003,0.032029,-0.027981,-0.799616
1640841564389469952,-0.967482,-0.999971,1.648729,0.598764,0.032332,-0.027711,-0.799793
1640841564392829952,-0.971672,-0.999794,1.650010,0.598330,0.032887,-0.027200,-0.800113
1640841564395729920,-0.975292,-0.999641,1.651117,0.597961,0.033362,-0.026751,-0.800383
1640841564397809920,-0.977890,-0.999531,1.651911,0.597697,0.033704,-0.026424,-0.800577
1640841564399510016,-0.980014,-0.999441,1.652561,0.597480,0.033984,-0.026156,-0.800737
1640841564402629888,-0.983915,-0.999276,1.653755,0.597073,0.034505,-0.025659,-0.801034
1640841564404470016,-0.986218,-0.999178,1.654460,0.596828,0.034814,-0.025363,-0.801212
1640841564409299968,-0.992266,-0.998922,1.656312,0.596180,0.035600,-0.024568,-0.801685
1640841564411269888,-0.994736,-0.998818,1.657069,0.595918,0.035901,-0.024235,-0.801876
1640841564412489984,-0.996266,-0.998753,1.657538,0.595756,0.036082,-0.024025,-0.801994
1640841564415040000,-0.999465,-0.998618,1.658518,0.595422,0.036452,-0.023581,-0.802239
1640841564417629952,-1.002717,-0.998481,1.659515,0.595087,0.036824,-0.023123,-0.802484
1640841564419529984,-1.005104,-0.998381,1.660246,0.594843,0.037101,-0.022784,-0.802662
1640841564422540032,-1.008888,-0.998223,1.661406,0.594462,0.037554,-0.022242,-0.802938
1640841564424599808,-1.011480,-0.998115,1.662201,0.594204,0.037873,-0.021868,-0.803124
1640841564427709696,-1.015395,-0.997952,1.663402,0.593816,0.038364,-0.021302,-0.803404
1640841564430799872,-1.019290,-0.997791,1.664596,0.593428,0.038857,-0.020737,-0.803681
1640841564432509952,-1.021446,-0.997703,1.665257,0.593212,0.039130,-0.020426,-0.803835
1640841564434459904,-1.023906,-0.997603,1.666011,0.592965,0.039442,-0.020076,-0.804011
1640841564437600000,-1.027871,-0.997442,1.667227,0.592563,0.039948,-0.019530,-0.804296
1640841564439599872,-1.030399,-0.997340,1.668002,0.592305,0.040271,-0.019199,-0.804478
1640841564442999808,-1.034699,-0.997168,1.669321,0.591861,0.040828,-0.018668,-0.804789
1640841564444890112,-1.037092,-0.997074,1.670054,0.591612,0.041147,-0.018384,-0.804962
1640841564447609856,-1.040537,-0.996938,1.671110,0.591250,0.041623,-0.017983,-0.805212
1640841564449939968,-1.043491,-0.996824,1.672015,0.590937,0.042051,-0.017640,-0.805428
1640841564453019904,-1.047398,-0.996673,1.673212,0.590518,0.042650,-0.017185,-0.805713
1640841564454479872,-1.049252,-0.996603,1.673780,0.590318,0.042945,-0.016972,-0.805849
1640841564458089728,-1.053839,-0.996430,1.675185,0.589819,0.043694,-0.016469,-0.806184
1640841564461289984,-1.057910,-0.996279,1.676431,0.589372,0.044372,-0.016067,-0.806482
1640841564462609920,-1.059591,-0.996218,1.676946,0.589186,0.044654,-0.015915,-0.806605
1640841564464550144,-1.062062,-0.996128,1.677702,0.588913,0.045068,-0.015705,-0.806786
1640841564467599872,-1.065949,-0.995989,1.678891,0.588481,0.045717,-0.015399,-0.807071
1640841564470219776,-1.069292,-0.995871,1.679913,0.588108,0.046271,-0.015153,-0.807315
1640841564472569856,-1.072293,-0.995767,1.680830,0.587773,0.046761,-0.014938,-0.807535
1640841564475079936,-1.075500,-0.995658,1.681810,0.587414,0.047277,-0.014711,-0.807771
1640841564479869952,-1.081629,-0.995454,1.683681,0.586729,0.048226,-0.014257,-0.808221
1640841564481449728,-1.083652,-0.995389,1.684299,0.586502,0.048528,-0.014096,-0.808369
1640841564482759936,-1.085331,-0.995335,1.684811,0.586315,0.048775,-0.013959,-0.808493
1640841564484679936,-1.087792,-0.995257,1.685562,0.586038,0.049138,-0.013758,-0.808675
1640841564487510016,-1.091423,-0.995144,1.686669,0.585624,0.049695,-0.013478,-0.808946
1640841564489649920,-1.094171,-0.995061,1.687506,0.585303,0.050149,-0.013294,-0.809153
1640841564492709888,-1.098104,-0.994944,1.688704,0.584843,0.050798,-0.013044,-0.809449
1640841564494479872,-1.100381,-0.994878,1.689397,0.584587,0.051129,-0.012876,-0.809616
1640841564497700096,-1.104526,-0.994761,1.690658,0.584136,0.051654,-0.012530,-0.809914
1640841564502820096,-1.111126,-0.994583,1.692663,0.583405,0.052488,-0.011988,-0.810395
1640841564503569920,-1.112093,-0.994557,1.692957,0.583295,0.052618,-0.011912,-0.810467
1640841564504580096,-1.113397,-0.994524,1.693353,0.583145,0.052796,-0.011811,-0.810564
1640841564508009984,-1.117827,-0.994413,1.694697,0.582634,0.053407,-0.011451,-0.810897
1640841564510710016,-1.121318,-0.994329,1.695755,0.582230,0.053886,-0.011136,-0.811160
1640841564512649984,-1.123828,-0.994270,1.696516,0.581941,0.054226,-0.010889,-0.811348
1640841564514540032,-1.126275,-0.994214,1.697257,0.581663,0.054552,-0.010637,-0.811529
1640841564517609728,-1.130253,-0.994128,1.698460,0.581217,0.055076,-0.010215,-0.811818
1640841564519549952,-1.132769,-0.994075,1.699221,0.580942,0.055403,-0.009949,-0.811996
1640841564522739968,-1.136910,-0.993992,1.700472,0.580498,0.055935,-0.009521,-0.812282
1640841564525139712,-1.140028,-0.993932,1.701413,0.580165,0.056330,-0.009206,-0.812497
1640841564527559936,-1.143175,-0.993875,1.702362,0.579822,0.056724,-0.008894,-0.812717
1640841564529510144,-1.145712,-0.993831,1.703126,0.579537,0.057037,-0.008646,-0.812902
1640841564532929792,-1.150166,-0.993758,1.704467,0.579015,0.057581,-0.008216,-0.813240
1640841564534530048,-1.152252,-0.993726,1.705095,0.578766,0.057837,-0.008018,-0.813401
1640841564537730048,-1.156426,-0.993666,1.706349,0.578272,0.058359,-0.007632,-0.813718
1640841564539520000,-1.158763,-0.993635,1.707051,0.578003,0.058661,-0.007422,-0.813890
1640841564542719744,-1.162944,-0.993582,1.708305,0.577538,0.059223,-0.007057,-0.814182
1640841564545069824,-1.166017,-0.993547,1.709226,0.577201,0.059653,-0.006796,-0.814392
1640841564547569920,-1.169290,-0.993513,1.710206,0.576840,0.060125,-0.006519,-0.814615
1640841564549870080,-1.172302,-0.993485,1.711107,0.576498,0.060573,-0.006265,-0.814826
1640841564552599808,-1.175881,-0.993455,1.712176,0.576077,0.061116,-0.005962,-0.815086
1640841564554739968,-1.178689,-0.993435,1.713014,0.575739,0.061544,-0.005732,-0.815294
1640841564557669888,-1.182536,-0.993411,1.714161,0.575271,0.062125,-0.005435,-0.815582
1640841564559529984,-1.184980,-0.993398,1.714889,0.574976,0.062484,-0.005264,-0.815764
1640841564562589952,-1.189004,-0.993381,1.716087,0.574497,0.063055,-0.005015,-0.816059
1640841564564489728,-1.191505,-0.993374,1.716830,0.574202,0.063401,-0.004877,-0.816241
1640841564567559936,-1.195549,-0.993366,1.718031,0.573725,0.063954,-0.004671,-0.816534
1640841564569499904,-1.198106,-0.993364,1.718789,0.573423,0.064304,-0.004546,-0.816719
1640841564572609792,-1.202209,-0.993365,1.720005,0.572934,0.064869,-0.004351,-0.817019
1640841564574769920,-1.205061,-0.993370,1.720849,0.572591,0.065263,-0.004219,-0.817229
1640841564577529856,-1.208708,-0.993379,1.721927,0.572149,0.065768,-0.004056,-0.817499
1640841564579510016,-1.211327,-0.993389,1.722700,0.571828,0.066130,-0.003941,-0.817694
1640841564582749952,-1.215615,-0.993410,1.723964,0.571299,0.066720,-0.003761,-0.818017
1640841564584539904,-1.217986,-0.993425,1.724662,0.571004,0.067042,-0.003663,-0.818197
1640841564587879936,-1.222413,-0.993458,1.725965,0.570455,0.067630,-0.003478,-0.818532
1640841564589959936,-1.225172,-0.993482,1.726775,0.570115,0.067983,-0.003359,-0.818740
1640841564592699904,-1.228810,-0.993518,1.727843,0.569671,0.068430,-0.003194,-0.819013
1640841564594529792,-1.231241,-0.993545,1.728556,0.569376,0.068716,-0.003078,-0.819194
1640841564598029824,-1.235895,-0.993602,1.729918,0.568817,0.069234,-0.002836,-0.819540
1640841564600260096,-1.238862,-0.993643,1.730785,0.568463,0.069544,-0.002665,-0.819760
1640841564602619904,-1.242005,-0.993690,1.731703,0.568089,0.069857,-0.002471,-0.819993
1640841564604480000,-1.244484,-0.993729,1.732426,0.567795,0.070093,-0.002308,-0.820177
1640841564607620096,-1.248671,-0.993801,1.733645,0.567297,0.070477,-0.002016,-0.820489
1640841564610999808,-1.253182,-0.993887,1.734957,0.566759,0.070879,-0.001681,-0.820827
1640841564612499968,-1.255186,-0.993927,1.735539,0.566519,0.071054,-0.001526,-0.820978
1640841564614469888,-1.257819,-0.993982,1.736303,0.566204,0.071280,-0.001315,-0.821176
1640841564617750016,-1.262205,-0.994080,1.737574,0.565681,0.071647,-0.000943,-0.821505
1640841564619639808,-1.264735,-0.994141,1.738306,0.565382,0.071852,-0.000715,-0.821694
1640841564622540032,-1.268619,-0.994238,1.739428,0.564926,0.072156,-0.000347,-0.821980
1640841564624579840,-1.271354,-0.994309,1.740217,0.564609,0.072362,-0.000080,-0.822180
1640841564627620096,-1.275431,-0.994422,1.741392,0.564138,0.072661,0.000317,-0.822477
1640841564629499904,-1.277955,-0.994495,1.742118,0.563847,0.072840,0.000554,-0.822660
1640841564632640000,-1.282173,-0.994623,1.743330,0.563361,0.073134,0.000925,-0.822967
1640841564635219712,-1.285641,-0.994733,1.744325,0.562957,0.073372,0.001208,-0.823222
1640841564637529856,-1.288749,-0.994836,1.745216,0.562588,0.073587,0.001447,-0.823454
1640841564639459840,-1.291347,-0.994925,1.745959,0.562273,0.073770,0.001637,-0.823653
1640841564642609920,-1.295591,-0.995076,1.747171,0.561746,0.074077,0.001934,-0.823985
1640841564644519936,-1.298166,-0.995171,1.747906,0.561420,0.074269,0.002107,-0.824189
1640841564647519744,-1.302213,-0.995326,1.749058,0.560906,0.074579,0.002369,-0.824510
1640841564649539840,-1.304940,-0.995434,1.749834,0.560561,0.074795,0.002540,-0.824724
1640841564653699840,-1.310561,-0.995666,1.751429,0.559861,0.075252,0.002880,-0.825157
1640841564654490112,-1.311630,-0.995711,1.751732,0.559730,0.075338,0.002942,-0.825238
1640841564657499904,-1.315702,-0.995889,1.752884,0.559230,0.075654,0.003169,-0.825547
1640841564659520000,-1.318437,-0.996013,1.753657,0.558896,0.075848,0.003310,-0.825755
1640841564662669824,-1.322704,-0.996211,1.754861,0.558374,0.076116,0.003511,-0.826083
1640841564664519936,-1.325213,-0.996331,1.755568,0.558067,0.076257,0.003621,-0.826276
1640841564667579904,-1.329364,-0.996535,1.756735,0.557559,0.076470,0.003797,-0.826599
1640841564670039808,-1.332704,-0.996705,1.757673,0.557148,0.076629,0.003937,-0.826861
1640841564672499968,-1.336046,-0.996879,1.758610,0.556737,0.076781,0.004079,-0.827123
1640841564674579968,-1.338874,-0.997029,1.759401,0.556390,0.076902,0.004202,-0.827344
1640841564677499904,-1.342847,-0.997247,1.760511,0.555906,0.077061,0.004386,-0.827654
1640841564679579904,-1.345678,-0.997405,1.761301,0.555565,0.077164,0.004525,-0.827872
1640841564682899968,-1.350201,-0.997666,1.762561,0.555029,0.077309,0.004762,-0.828217
1640841564685539840,-1.353800,-0.997879,1.763561,0.554608,0.077401,0.004960,-0.828490
1640841564687799808,-1.356884,-0.998065,1.764416,0.554250,0.077460,0.005131,-0.828722
1640841564689580032,-1.359314,-0.998215,1.765089,0.553969,0.077492,0.005266,-0.828906
1640841564692620032,-1.363466,-0.998477,1.766238,0.553490,0.077517,0.005495,-0.829222
1640841564694579712,-1.366145,-0.998649,1.766978,0.553182,0.077517,0.005646,-0.829427
1640841564698839808,-1.371972,-0.999034,1.768583,0.552510,0.077496,0.005998,-0.829874
1640841564700300032,-1.373971,-0.999170,1.769133,0.552278,0.077487,0.006131,-0.830028
1640841564705329920,-1.380863,-0.999648,1.771023,0.551478,0.077460,0.006637,-0.830559
1640841564705750016,-1.381439,-0.999689,1.771181,0.551411,0.077458,0.006681,-0.830603
1640841564707549696,-1.383907,-0.999866,1.771857,0.551126,0.077449,0.006874,-0.830791
1640841564709519872,-1.386610,-1.000062,1.772595,0.550818,0.077438,0.007087,-0.830995
1640841564712600064,-1.390840,-1.000375,1.773748,0.550342,0.077417,0.007414,-0.831309
1640841564715030016,-1.394178,-1.000627,1.774657,0.549971,0.077396,0.007663,-0.831554
1640841564717559808,-1.397657,-1.000894,1.775602,0.549587,0.077367,0.007907,-0.831809
1640841564719489792,-1.400312,-1.001101,1.776322,0.549294,0.077339,0.008081,-0.832003
1640841564722560000,-1.404538,-1.001437,1.777467,0.548826,0.077284,0.008332,-0.832315
1640841564724509952,-1.407223,-1.001654,1.778192,0.548525,0.077244,0.008478,-0.832515
1640841564727520000,-1.411372,-1.001994,1.779312,0.548056,0.077175,0.008686,-0.832829
1640841564729669888,-1.414337,-1.002242,1.780110,0.547714,0.077121,0.008823,-0.833057
1640841564732969984,-1.418891,-1.002628,1.781333,0.547180,0.077033,0.009018,-0.833414
1640841564734999808,-1.421694,-1.002870,1.782085,0.546848,0.076976,0.009128,-0.833635
1640841564737609984,-1.425300,-1.003186,1.783050,0.546422,0.076900,0.009261,-0.833920
1640841564740399872,-1.429157,-1.003530,1.784081,0.545972,0.076815,0.009393,-0.834222
1640841564742699776,-1.432339,-1.003817,1.784929,0.545607,0.076741,0.009493,-0.834466
1640841564744469760,-1.434789,-1.004041,1.785581,0.545328,0.076681,0.009566,-0.834653
1640841564747609856,-1.439137,-1.004444,1.786737,0.544835,0.076562,0.009686,-0.834984
1640841564749639936,-1.441950,-1.004709,1.787483,0.544516,0.076474,0.009758,-0.835200
1640841564752610048,-1.446067,-1.005101,1.788573,0.544043,0.076326,0.009857,-0.835520
1640841564755889920,-1.450618,-1.005543,1.789775,0.543514,0.076129,0.009961,-0.835881
1640841564757570048,-1.452950,-1.005772,1.790389,0.543241,0.076014,0.010013,-0.836069
1640841564759539968,-1.455685,-1.006043,1.791109,0.542917,0.075864,0.010075,-0.836292
1640841564762589952,-1.459923,-1.006469,1.792222,0.542413,0.075603,0.010173,-0.836641
1640841564764489984,-1.462564,-1.006738,1.792915,0.542100,0.075428,0.010235,-0.836859
1640841564767760128,-1.467112,-1.007206,1.794105,0.541566,0.075115,0.010341,-0.837231
1640841564769469952,-1.469492,-1.007455,1.794727,0.541293,0.074950,0.010396,-0.837422
1640841564772950016,-1.474337,-1.007966,1.795990,0.540749,0.074612,0.010509,-0.837803
1640841564774609920,-1.476650,-1.008213,1.796591,0.540493,0.074446,0.010566,-0.837982
1640841564777969920,-1.481332,-1.008720,1.797807,0.539981,0.074094,0.010696,-0.838341
1640841564779929856,-1.484065,-1.009019,1.798515,0.539683,0.073873,0.010782,-0.838551
1640841564782650112,-1.487860,-1.009438,1.799496,0.539269,0.073543,0.010920,-0.838845
1640841564784479744,-1.490413,-1.009723,1.800156,0.538988,0.073305,0.011020,-0.839045
1640841564787569920,-1.494728,-1.010210,1.801267,0.538512,0.072879,0.011184,-0.839386
1640841564789589760,-1.497549,-1.010532,1.801993,0.538199,0.072586,0.011278,-0.839610
1640841564792559872,-1.501700,-1.011010,1.803058,0.537737,0.072140,0.011391,-0.839943
1640841564794589952,-1.504538,-1.011341,1.803785,0.537422,0.071831,0.011455,-0.840170
1640841564797550080,-1.508678,-1.011827,1.804843,0.536969,0.071386,0.011545,-0.840497
1640841564799579904,-1.511518,-1.012165,1.805568,0.536664,0.071089,0.011612,-0.840716
1640841564802609920,-1.515760,-1.012673,1.806647,0.536221,0.070665,0.011725,-0.841033
1640841564804519936,-1.518435,-1.012997,1.807327,0.535945,0.070405,0.011800,-0.841229
1640841564807600128,-1.522749,-1.013524,1.808421,0.535499,0.069980,0.011915,-0.841547
1640841564811909888,-1.528790,-1.014272,1.809948,0.534856,0.069343,0.012033,-0.842007
1640841564812769792,-1.529996,-1.014423,1.810252,0.534725,0.069209,0.012049,-0.842101
1640841564814569984,-1.532521,-1.014739,1.810888,0.534447,0.068925,0.012074,-0.842301
1640841564817549824,-1.536701,-1.015269,1.811940,0.533982,0.068445,0.012092,-0.842634
1640841564819609856,-1.539592,-1.015638,1.812665,0.533660,0.068113,0.012089,-0.842865
1640841564822559744,-1.543733,-1.016171,1.813702,0.533201,0.067641,0.012062,-0.843194
1640841564824869888,-1.546977,-1.016592,1.814513,0.532843,0.067273,0.012016,-0.843450
1640841564827960064,-1.551318,-1.017160,1.815595,0.532368,0.066778,0.011919,-0.843791
1640841564829540096,-1.553538,-1.017453,1.816147,0.532127,0.066524,0.011850,-0.843964
1640841564832549888,-1.557768,-1.018015,1.817198,0.531673,0.066036,0.011681,-0.844290
1640841564834449920,-1.560439,-1.018372,1.817860,0.531388,0.065726,0.011555,-0.844496
1640841564837969920,-1.565388,-1.019040,1.819084,0.530859,0.065151,0.011300,-0.844877
1640841564839549952,-1.567610,-1.019342,1.819633,0.530619,0.064893,0.011183,-0.845049
1640841564842850048,-1.572252,-1.019978,1.820776,0.530110,0.064352,0.010944,-0.845412
1640841564845209856,-1.575573,-1.020436,1.821591,0.529743,0.063955,0.010774,-0.845675
1640841564847679744,-1.579049,-1.020918,1.822444,0.529357,0.063519,0.010592,-0.845951
1640841564849560064,-1.581695,-1.021288,1.823091,0.529065,0.063168,0.010447,-0.846163
1640841564852560128,-1.585918,-1.021882,1.824122,0.528600,0.062571,0.010206,-0.846500
1640841564854909952,-1.589226,-1.022350,1.824929,0.528241,0.062076,0.010012,-0.846763
1640841564858240000,-1.593915,-1.023019,1.826068,0.527739,0.061348,0.009736,-0.847132
1640841564861069824,-1.597900,-1.023592,1.827034,0.527323,0.060716,0.009507,-0.847440
1640841564862589952,-1.600041,-1.023901,1.827552,0.527102,0.060373,0.009388,-0.847603
1640841564864709888,-1.603027,-1.024335,1.828274,0.526798,0.059888,0.009225,-0.847828
1640841564867569920,-1.607055,-1.024923,1.829245,0.526389,0.059219,0.009013,-0.848131
1640841564869540096,-1.609830,-1.025330,1.829912,0.526106,0.058744,0.008870,-0.848341
1640841564872720128,-1.614309,-1.025992,1.830988,0.525646,0.057951,0.008647,-0.848683
1640841564874820096,-1.617268,-1.026431,1.831696,0.525339,0.057413,0.008505,-0.848911
1640841564878649856,-1.622663,-1.027238,1.832985,0.524776,0.056418,0.008263,-0.849329
1640841564879639808,-1.624057,-1.027447,1.833317,0.524630,0.056160,0.008204,-0.849436
1640841564882649856,-1.628297,-1.028087,1.834326,0.524186,0.055368,0.008031,-0.849764
1640841564884509952,-1.630917,-1.028484,1.834948,0.523914,0.054871,0.007925,-0.849965
1640841564887869952,-1.635649,-1.029205,1.836069,0.523428,0.053947,0.007730,-0.850325
1640841564889689856,-1.638213,-1.029598,1.836674,0.523170,0.053428,0.007617,-0.850518
1640841564892589824,-1.642297,-1.030226,1.837637,0.522769,0.052568,0.007422,-0.850820
1640841564894690048,-1.645254,-1.030683,1.838333,0.522482,0.051931,0.007270,-0.851036
1640841564897569792,-1.649309,-1.031312,1.839285,0.522088,0.051059,0.007051,-0.851333
1640841564899610112,-1.652181,-1.031760,1.839958,0.521804,0.050458,0.006890,-0.851544
1640841564902599936,-1.656390,-1.032419,1.840941,0.521374,0.049614,0.006649,-0.851859
1640841564904979968,-1.659740,-1.032946,1.841722,0.521025,0.048961,0.006450,-0.852112
1640841564907709952,-1.663581,-1.033552,1.842615,0.520620,0.048211,0.006209,-0.852403
1640841564909829888,-1.666564,-1.034025,1.843307,0.520306,0.047615,0.006011,-0.852630
1640841564912639744,-1.670517,-1.034653,1.844222,0.519891,0.046800,0.005730,-0.852930
1640841564914599936,-1.673273,-1.035093,1.844859,0.519603,0.046219,0.005519,-0.853139
1640841564917639936,-1.677548,-1.035777,1.845844,0.519160,0.045308,0.005160,-0.853460
1640841564919649792,-1.680373,-1.036231,1.846493,0.518868,0.044706,0.004899,-0.853670
1640841564922799872,-1.684800,-1.036945,1.847508,0.518413,0.043767,0.004454,-0.853998
1640841564924579840,-1.687301,-1.037349,1.848080,0.518154,0.043237,0.004187,-0.854184
1640841564927579904,-1.691515,-1.038033,1.849042,0.517710,0.042344,0.003718,-0.854500
1640841564929629952,-1.694394,-1.038501,1.849697,0.517398,0.041732,0.003389,-0.854720
1640841564932549888,-1.698492,-1.039170,1.850628,0.516941,0.040856,0.002914,-0.855040
1640841564934720000,-1.701538,-1.039668,1.851318,0.516595,0.040199,0.002559,-0.855282
1640841564937779968,-1.705830,-1.040372,1.852288,0.516107,0.039263,0.002059,-0.855621
1640841564939579904,-1.708354,-1.040786,1.852857,0.515824,0.038706,0.001767,-0.855818
1640841564942659840,-1.712671,-1.041498,1.853828,0.515355,0.037736,0.001273,-0.856144
1640841564944619776,-1.715417,-1.041951,1.854444,0.515065,0.037107,0.000962,-0.856347
1640841564947709952,-1.719745,-1.042667,1.855412,0.514610,0.036094,0.000477,-0.856664
1640841564949619968,-1.722419,-1.043111,1.856009,0.514328,0.035454,0.000180,-0.856860
1640841564952600064,-1.726590,-1.043803,1.856937,0.513882,0.034435,-0.000282,-0.857169
1640841564955129856,-1.730128,-1.044392,1.857723,0.513497,0.033556,-0.000679,-0.857435
1640841564957579776,-1.733553,-1.044963,1.858481,0.513120,0.032696,-0.001073,-0.857693
1640841564959559936,-1.736320,-1.045425,1.859093,0.512812,0.031998,-0.001400,-0.857903
1640841564962579968,-1.740538,-1.046130,1.860022,0.512337,0.030933,-0.001921,-0.858225
1640841564964569856,-1.743316,-1.046595,1.860633,0.512024,0.030234,-0.002268,-0.858436
1640841564967619840,-1.747572,-1.047307,1.861566,0.511551,0.029170,-0.002777,-0.858753
1640841564969769984,-1.750570,-1.047810,1.862222,0.511228,0.028427,-0.003099,-0.858969
1640841564972569856,-1.754472,-1.048465,1.863073,0.510821,0.027466,-0.003474,-0.859241
1640841564976960000,-1.760585,-1.049492,1.864401,0.510195,0.025966,-0.004027,-0.859657
1640841564977739776,-1.761670,-1.049675,1.864636,0.510083,0.025699,-0.004129,-0.859731
1640841564979559936,-1.764202,-1.050101,1.865184,0.509819,0.025074,-0.004378,-0.859905
1640841564982599936,-1.768429,-1.050812,1.866096,0.509371,0.024023,-0.004832,-0.860198
1640841564984499968,-1.771069,-1.051256,1.866664,0.509086,0.023362,-0.005139,-0.860383
1640841564987609856,-1.775387,-1.051982,1.867591,0.508615,0.022277,-0.005672,-0.860687
1640841564989600000,-1.778149,-1.052447,1.868183,0.508311,0.021581,-0.006031,-0.860882
1640841564992739840,-1.782503,-1.053180,1.869112,0.507830,0.020481,-0.006619,-0.861188
1640841564994599936,-1.785080,-1.053613,1.869661,0.507545,0.019832,-0.006979,-0.861369
1640841564997489920,-1.789082,-1.054286,1.870511,0.507103,0.018830,-0.007552,-0.861647
1640841565000079872,-1.792665,-1.054888,1.871270,0.506708,0.017943,-0.008076,-0.861893
1640841565003899904,-1.797946,-1.055774,1.872384,0.506128,0.016656,-0.008864,-0.862252
1640841565004519936,-1.798802,-1.055918,1.872564,0.506034,0.016448,-0.008993,-0.862310
1640841565008100096,-1.803744,-1.056746,1.873602,0.505488,0.015246,-0.009743,-0.862644
1640841565010279936,-1.806751,-1.057249,1.874231,0.505152,0.014505,-0.010203,-0.862848
1640841565012539904,-1.809865,-1.057770,1.874881,0.504799,0.013725,-0.010682,-0.863062
1640841565014550016,-1.812634,-1.058232,1.875458,0.504481,0.013020,-0.011110,-0.863253
1640841565017779712,-1.817078,-1.058973,1.876381,0.503968,0.011868,-0.011806,-0.863560
1640841565019759872,-1.819800,-1.059426,1.876945,0.503653,0.011148,-0.012238,-0.863748
1640841565022629888,-1.823743,-1.060080,1.877759,0.503196,0.010092,-0.012871,-0.864017
1640841565024740096,-1.826638,-1.060560,1.878356,0.502863,0.009311,-0.013337,-0.864213
1640841565027590144,-1.830546,-1.061207,1.879158,0.502419,0.008259,-0.013958,-0.864472
1640841565029569792,-1.833258,-1.061654,1.879714,0.502115,0.007536,-0.014380,-0.864649
1640841565032519936,-1.837296,-1.062319,1.880538,0.501669,0.006474,-0.014995,-0.864905
1640841565034769920,-1.840373,-1.062824,1.881165,0.501332,0.005671,-0.015459,-0.865098
1640841565037600000,-1.844239,-1.063457,1.881950,0.500908,0.004667,-0.016048,-0.865339
1640841565039619840,-1.846995,-1.063907,1.882508,0.500603,0.003951,-0.016476,-0.865511
1640841565042919936,-1.851494,-1.064639,1.883416,0.500096,0.002778,-0.017197,-0.865795
1640841565044600064,-1.853782,-1.065011,1.883877,0.499835,0.002180,-0.017571,-0.865940
1640841565047610112,-1.857877,-1.065673,1.884699,0.499361,0.001109,-0.018242,-0.866201
1640841565049639936,-1.860636,-1.066117,1.885251,0.499040,0.000388,-0.018691,-0.866377
1640841565052529920,-1.864560,-1.066747,1.886034,0.498579,-0.000636,-0.019324,-0.866628
1640841565054919936,-1.867801,-1.067265,1.886679,0.498198,-0.001476,-0.019853,-0.866835
1640841565057659904,-1.871513,-1.067856,1.887415,0.497761,-0.002429,-0.020479,-0.867069
1640841565059990016,-1.874666,-1.068356,1.888038,0.497391,-0.003228,-0.021038,-0.867266
1640841565062579968,-1.878166,-1.068908,1.888728,0.496981,-0.004100,-0.021698,-0.867480
1640841565064649728,-1.880961,-1.069347,1.889278,0.496654,-0.004788,-0.022247,-0.867650
1640841565068039936,-1.885533,-1.070061,1.890174,0.496110,-0.005902,-0.023157,-0.867931
1640841565069559808,-1.887580,-1.070380,1.890574,0.495861,-0.006400,-0.023560,-0.868059
1640841565072620032,-1.891698,-1.071017,1.891376,0.495349,-0.007402,-0.024351,-0.868321
1640841565074679808,-1.894466,-1.071443,1.891913,0.494999,-0.008078,-0.024874,-0.868500
1640841565078789888,-1.899981,-1.072286,1.892981,0.494296,-0.009439,-0.025915,-0.868856
1640841565079619840,-1.901093,-1.072455,1.893195,0.494155,-0.009717,-0.026127,-0.868927
1640841565082949888,-1.905552,-1.073129,1.894053,0.493592,-0.010841,-0.026988,-0.869207
1640841565084600064,-1.907758,-1.073460,1.894476,0.493316,-0.011404,-0.027415,-0.869343
1640841565087529984,-1.911671,-1.074045,1.895224,0.492831,-0.012412,-0.028163,-0.869580
1640841565089579776,-1.914405,-1.074450,1.895745,0.492496,-0.013121,-0.028669,-0.869744
1640841565092589824,-1.918415,-1.075041,1.896507,0.492006,-0.014166,-0.029372,-0.869981
1640841565095129856,-1.921794,-1.075535,1.897147,0.491594,-0.015049,-0.029941,-0.870179
1640841565097799936,-1.925340,-1.076049,1.897816,0.491159,-0.015976,-0.030531,-0.870388
1640841565100090112,-1.928378,-1.076486,1.898388,0.490781,-0.016769,-0.031042,-0.870568
1640841565102589952,-1.931690,-1.076959,1.899008,0.490363,-0.017633,-0.031609,-0.870767
1640841565104529920,-1.934257,-1.077323,1.899488,0.490036,-0.018303,-0.032051,-0.870921
1640841565107640064,-1.938366,-1.077900,1.900254,0.489511,-0.019383,-0.032754,-0.871166
1640841565110400000,-1.942006,-1.078407,1.900929,0.489048,-0.020349,-0.033360,-0.871381
1640841565112879872,-1.945273,-1.078856,1.901533,0.488637,-0.021228,-0.033881,-0.871571
1640841565114619904,-1.947562,-1.079169,1.901955,0.488351,-0.021846,-0.034237,-0.871701
1640841565117639936,-1.951529,-1.079706,1.902684,0.487859,-0.022908,-0.034851,-0.871926
1640841565119590144,-1.954087,-1.080049,1.903153,0.487542,-0.023579,-0.035254,-0.872069
1640841565122589952,-1.958016,-1.080571,1.903870,0.487051,-0.024574,-0.035899,-0.872289
1640841565124829952,-1.960946,-1.080955,1.904402,0.486681,-0.025294,-0.036398,-0.872454
1640841565127569920,-1.964523,-1.081419,1.905050,0.486221,-0.026156,-0.037019,-0.872660
1640841565129590016,-1.967157,-1.081758,1.905526,0.485874,-0.026784,-0.037480,-0.872814
1640841565132740096,-1.971258,-1.082278,1.906263,0.485321,-0.027757,-0.038201,-0.873060
1640841565134639872,-1.973727,-1.082587,1.906705,0.484985,-0.028342,-0.038635,-0.873209
1640841565137590016,-1.977555,-1.083060,1.907389,0.484465,-0.029248,-0.039306,-0.873438
1640841565139539968,-1.980082,-1.083369,1.907838,0.484126,-0.029846,-0.039746,-0.873585
1640841565142469888,-1.983872,-1.083826,1.908509,0.483630,-0.030743,-0.040403,-0.873799
1640841565144649984,-1.986688,-1.084161,1.909006,0.483268,-0.031411,-0.040894,-0.873953
1640841565147609856,-1.990504,-1.084607,1.909677,0.482779,-0.032314,-0.041573,-0.874158
1640841565149619712,-1.993092,-1.084906,1.910130,0.482444,-0.032926,-0.042047,-0.874297
1640841565152549888,-1.996857,-1.085334,1.910786,0.481950,-0.033813,-0.042761,-0.874501
1640841565154749952,-1.999679,-1.085649,1.911277,0.481574,-0.034473,-0.043307,-0.874656
1640841565157829888,-2.003623,-1.086082,1.911958,0.481043,-0.035387,-0.044072,-0.874873
1640841565159549952,-2.005822,-1.086320,1.912337,0.480745,-0.035890,-0.044494,-0.874995
1640841565162679808,-2.009817,-1.086744,1.913022,0.480199,-0.036791,-0.045242,-0.875219
1640841565164549888,-2.012199,-1.086992,1.913429,0.479874,-0.037323,-0.045676,-0.875352
1640841565167579904,-2.016053,-1.087386,1.914084,0.479353,-0.038191,-0.046368,-0.875564
1640841565169609984,-2.018630,-1.087645,1.914521,0.479011,-0.038784,-0.046829,-0.875701
1640841565172590080,-2.022406,-1.088016,1.915157,0.478519,-0.039675,-0.047507,-0.875893
1640841565176659712,-2.027551,-1.088506,1.916019,0.477856,-0.040903,-0.048434,-0.876148
1640841565178299904,-2.029619,-1.088698,1.916364,0.477588,-0.041392,-0.048808,-0.876250
1640841565179659776,-2.031333,-1.088855,1.916648,0.477363,-0.041791,-0.049117,-0.876336
1640841565182829824,-2.035320,-1.089212,1.917308,0.476831,-0.042691,-0.049835,-0.876542
1640841565184609792,-2.037554,-1.089407,1.917676,0.476526,-0.043182,-0.050234,-0.876661
1640841565187470080,-2.041138,-1.089712,1.918264,0.476031,-0.043962,-0.050865,-0.876855
1640841565189590016,-2.043790,-1.089933,1.918697,0.475662,-0.044540,-0.051321,-0.876999
1640841565192649728,-2.047610,-1.090240,1.919317,0.475128,-0.045383,-0.051961,-0.877208
1640841565194710016,-2.050176,-1.090441,1.919732,0.474770,-0.045951,-0.052383,-0.877347
1640841565197589760,-2.053757,-1.090712,1.920308,0.474273,-0.046740,-0.052965,-0.877539
1640841565199559936,-2.056201,-1.090892,1.920699,0.473938,-0.047273,-0.053362,-0.877668
1640841565202550016,-2.059904,-1.091155,1.921288,0.473433,-0.048067,-0.053968,-0.877860
1640841565204560128,-2.062389,-1.091325,1.921682,0.473096,-0.048593,-0.054384,-0.877987
1640841565207569920,-2.066101,-1.091569,1.922266,0.472587,-0.049373,-0.055030,-0.878177
1640841565211809792,-2.071315,-1.091893,1.923081,0.471856,-0.050459,-0.056008,-0.878447
1640841565212519936,-2.072186,-1.091945,1.923217,0.471731,-0.050640,-0.056180,-0.878493
1640841565214639872,-2.074785,-1.092096,1.923620,0.471355,-0.051177,-0.056701,-0.878630
1640841565217649920,-2.078466,-1.092300,1.924187,0.470816,-0.051931,-0.057455,-0.878826
1640841565219609856,-2.080858,-1.092425,1.924554,0.470461,-0.052416,-0.057945,-0.878954
1640841565222820096,-2.084767,-1.092620,1.925149,0.469879,-0.053196,-0.058736,-0.879166
1640841565225390080,-2.087889,-1.092765,1.925622,0.469415,-0.053814,-0.059361,-0.879335
1640841565227709952,-2.090701,-1.092887,1.926045,0.468999,-0.054373,-0.059924,-0.879484
1640841565229609984,-2.092999,-1.092982,1.926389,0.468663,-0.054835,-0.060385,-0.879603
1640841565232529920,-2.096524,-1.093118,1.926914,0.468152,-0.055552,-0.061097,-0.879781
1640841565234639872,-2.099065,-1.093208,1.927290,0.467784,-0.056076,-0.061610,-0.879908
1640841565237469952,-2.102466,-1.093319,1.927790,0.467289,-0.056782,-0.062292,-0.880077
1640841565239859712,-2.105331,-1.093403,1.928209,0.466865,-0.057381,-0.062858,-0.880223
1640841565242949888,-2.109026,-1.093499,1.928745,0.466306,-0.058155,-0.063574,-0.880417
1640841565244799744,-2.111232,-1.093549,1.929064,0.465968,-0.058618,-0.063994,-0.880535
1640841565247689984,-2.114672,-1.093618,1.929557,0.465438,-0.059342,-0.064634,-0.880720
1640841565249569792,-2.116905,-1.093656,1.929875,0.465095,-0.059812,-0.065041,-0.880840
1640841565252589824,-2.120483,-1.093705,1.930382,0.464549,-0.060567,-0.065679,-0.881029
1640841565254579968,-2.122835,-1.093730,1.930713,0.464194,-0.061062,-0.066085,-0.881152
1640841565257629952,-2.126430,-1.093756,1.931215,0.463653,-0.061814,-0.066683,-0.881339
1640841565260569856,-2.129886,-1.093767,1.931694,0.463138,-0.062529,-0.067226,-0.881518
1640841565262459904,-2.132103,-1.093766,1.931999,0.462809,-0.062982,-0.067557,-0.881633
1640841565264609792,-2.134618,-1.093759,1.932343,0.462434,-0.063493,-0.067927,-0.881765
1640841565267459840,-2.137945,-1.093738,1.932795,0.461930,-0.064173,-0.068427,-0.881941
1640841565269600000,-2.140437,-1.093714,1.933132,0.461544,-0.064689,-0.068825,-0.882075
1640841565272489984,-2.143793,-1.093669,1.933581,0.461007,-0.065397,-0.069405,-0.882258
1640841565275329792,-2.147081,-1.093612,1.934018,0.460473,-0.066090,-0.070003,-0.882438
1640841565277799936,-2.149933,-1.093551,1.934394,0.460009,-0.066679,-0.070525,-0.882594
1640841565279650048,-2.152064,-1.093499,1.934673,0.459667,-0.067105,-0.070906,-0.882709
1640841565282719744,-2.155591,-1.093400,1.935132,0.459111,-0.067779,-0.071514,-0.882898
1640841565284549888,-2.157688,-1.093334,1.935402,0.458784,-0.068167,-0.071866,-0.883009
1640841565287940096,-2.161561,-1.093196,1.935898,0.458181,-0.068872,-0.072515,-0.883215
1640841565289579776,-2.163429,-1.093122,1.936135,0.457887,-0.069211,-0.072834,-0.883315
1640841565292989952,-2.167304,-1.092953,1.936623,0.457267,-0.069924,-0.073514,-0.883523
1640841565294669824,-2.169207,-1.092863,1.936861,0.456957,-0.070277,-0.073855,-0.883627
1640841565297600000,-2.172519,-1.092694,1.937272,0.456409,-0.070890,-0.074453,-0.883811
1640841565299559936,-2.174727,-1.092572,1.937544,0.456037,-0.071297,-0.074852,-0.883937
1640841565302539776,-2.178076,-1.092375,1.937953,0.455467,-0.071912,-0.075452,-0.884130
1640841565304969984,-2.180798,-1.092202,1.938282,0.455000,-0.072418,-0.075930,-0.884288
1640841565308049920,-2.184237,-1.091968,1.938694,0.454412,-0.073079,-0.076516,-0.884485
1640841565309700096,-2.186074,-1.091836,1.938912,0.454101,-0.073447,-0.076818,-0.884589
1640841565312589824,-2.189283,-1.091593,1.939291,0.453565,-0.074119,-0.077325,-0.884763
1640841565317099776,-2.194268,-1.091184,1.939871,0.452739,-0.075202,-0.078068,-0.885030
1640841565319239936,-2.196624,-1.090977,1.940142,0.452346,-0.075711,-0.078404,-0.885157
1640841565319809792,-2.197251,-1.090920,1.940214,0.452241,-0.075845,-0.078492,-0.885192
1640841565322870016,-2.200607,-1.090606,1.940596,0.451672,-0.076552,-0.078956,-0.885380
1640841565324899840,-2.202826,-1.090389,1.940846,0.451291,-0.077014,-0.079256,-0.885508
1640841565328280064,-2.206509,-1.090010,1.941256,0.450651,-0.077786,-0.079748,-0.885722
1640841565329550080,-2.207888,-1.089862,1.941409,0.450409,-0.078079,-0.079931,-0.885803
1640841565332559872,-2.211149,-1.089500,1.941766,0.449835,-0.078783,-0.080358,-0.885993
1640841565334579968,-2.213330,-1.089247,1.942003,0.449452,-0.079259,-0.080636,-0.886120
1640841565337809920,-2.216806,-1.088828,1.942377,0.448845,-0.080015,-0.081054,-0.886322
1640841565339549952,-2.218672,-1.088594,1.942575,0.448524,-0.080416,-0.081261,-0.886429
1640841565342629888,-2.221965,-1.088165,1.942922,0.447967,-0.081108,-0.081596,-0.886617
1640841565345229824,-2.224735,-1.087790,1.943211,0.447503,-0.081677,-0.081854,-0.886775
1640841565347849728,-2.227516,-1.087398,1.943497,0.447035,-0.082241,-0.082105,-0.886936
1640841565349619968,-2.229389,-1.087127,1.943688,0.446716,-0.082617,-0.082275,-0.887046
1640841565352910080,-2.232859,-1.086606,1.944039,0.446113,-0.083310,-0.082598,-0.887254
1640841565355010048,-2.235065,-1.086262,1.944259,0.445724,-0.083749,-0.082810,-0.887389
1640841565357929984,-2.238122,-1.085770,1.944560,0.445182,-0.084359,-0.083106,-0.887575
1640841565359580160,-2.239844,-1.085485,1.944728,0.444878,-0.084703,-0.083273,-0.887679
1640841565362690048,-2.243079,-1.084933,1.945041,0.444313,-0.085354,-0.083584,-0.887870
1640841565364559872,-2.245017,-1.084593,1.945226,0.443978,-0.085746,-0.083771,-0.887983
1640841565367729920,-2.248291,-1.083999,1.945534,0.443415,-0.086405,-0.084092,-0.888170
1640841565372000000,-2.252677,-1.083169,1.945940,0.442659,-0.087277,-0.084539,-0.888419
1640841565372499968,-2.253189,-1.083069,1.945987,0.442571,-0.087378,-0.084592,-0.888448
1640841565375500032,-2.256252,-1.082462,1.946265,0.442038,-0.087979,-0.084914,-0.888623
1640841565377539840,-2.258326,-1.082038,1.946450,0.441675,-0.088384,-0.085133,-0.888743
1640841565379639808,-2.260456,-1.081594,1.946639,0.441299,-0.088800,-0.085356,-0.888867
1640841565382629888,-2.263476,-1.080946,1.946902,0.440758,-0.089392,-0.085666,-0.889046
1640841565384620032,-2.265478,-1.080505,1.947075,0.440395,-0.089787,-0.085867,-0.889167
1640841565387889920,-2.268755,-1.079763,1.947352,0.439799,-0.090441,-0.086188,-0.889364
1640841565389629952,-2.270492,-1.079359,1.947497,0.439484,-0.090793,-0.086356,-0.889468
1640841565392570112,-2.273416,-1.078664,1.947738,0.438962,-0.091397,-0.086636,-0.889637
1640841565394579968,-2.275407,-1.078178,1.947900,0.438609,-0.091816,-0.086821,-0.889749
1640841565397639936,-2.278426,-1.077423,1.948141,0.438076,-0.092462,-0.087085,-0.889919
1640841565402530048,-2.283220,-1.076178,1.948514,0.437219,-0.093514,-0.087436,-0.890196
1640841565403749888,-2.284410,-1.075859,1.948605,0.437003,-0.093778,-0.087509,-0.890267
1640841565404819968,-2.285452,-1.075578,1.948684,0.436814,-0.094009,-0.087571,-0.890330
1640841565409989888,-2.290460,-1.074184,1.949055,0.435898,-0.095117,-0.087832,-0.890635
1640841565410719744,-2.291164,-1.073983,1.949106,0.435769,-0.095271,-0.087866,-0.890679
1640841565412689920,-2.293059,-1.073435,1.949241,0.435422,-0.095683,-0.087956,-0.890796
1640841565414559744,-2.294851,-1.072907,1.949368,0.435093,-0.096070,-0.088040,-0.890906
1640841565417699840,-2.297848,-1.072005,1.949576,0.434548,-0.096714,-0.088181,-0.891089
1640841565420950016,-2.300933,-1.071050,1.949784,0.433992,-0.097377,-0.088334,-0.891272
1640841565422669824,-2.302559,-1.070536,1.949891,0.433702,-0.097727,-0.088418,-0.891366
1640841565425019904,-2.304772,-1.069823,1.950035,0.433307,-0.098202,-0.088533,-0.891495
1640841565427559936,-2.307154,-1.069041,1.950186,0.432879,-0.098709,-0.088653,-0.891635
1640841565429699840,-2.309152,-1.068371,1.950310,0.432514,-0.099129,-0.088747,-0.891756
1640841565432559872,-2.311811,-1.067461,1.950471,0.432019,-0.099678,-0.088861,-0.891923
1640841565434710016,-2.313801,-1.066767,1.950589,0.431644,-0.100080,-0.088938,-0.892052
1640841565437799936,-2.316647,-1.065751,1.950753,0.431104,-0.100639,-0.089040,-0.892240
1640841565439630080,-2.318325,-1.065141,1.950846,0.430785,-0.100960,-0.089096,-0.892353
1640841565443320064,-2.321690,-1.063889,1.951029,0.430148,-0.101586,-0.089202,-0.892578
1640841565444710144,-2.322952,-1.063410,1.951095,0.429910,-0.101819,-0.089241,-0.892663
1640841565447629824,-2.325592,-1.062391,1.951230,0.429412,-0.102311,-0.089319,-0.892838
1640841565449760000,-2.327508,-1.061636,1.951325,0.429052,-0.102679,-0.089376,-0.892963
1640841565452620032,-2.330069,-1.060608,1.951448,0.428570,-0.103189,-0.089449,-0.893129
1640841565454949888,-2.332145,-1.059759,1.951544,0.428179,-0.103613,-0.089503,-0.893262
1640841565457589760,-2.334485,-1.058783,1.951648,0.427738,-0.104096,-0.089551,-0.893412
1640841565459839744,-2.336470,-1.057939,1.951733,0.427363,-0.104506,-0.089577,-0.893541
1640841565462689792,-2.338972,-1.056856,1.951835,0.426890,-0.105019,-0.089588,-0.893706
1640841565464900096,-2.340902,-1.056004,1.951911,0.426523,-0.105420,-0.089580,-0.893835
1640841565467469824,-2.343135,-1.055002,1.951994,0.426096,-0.105893,-0.089553,-0.893985
1640841565469609984,-2.344986,-1.054156,1.952060,0.425739,-0.106299,-0.089517,-0.894111
1640841565472649728,-2.347601,-1.052939,1.952148,0.425229,-0.106897,-0.089445,-0.894289
1640841565474819840,-2.349457,-1.052059,1.952207,0.424866,-0.107332,-0.089381,-0.894416
1640841565477900032,-2.352078,-1.050792,1.952285,0.424355,-0.107945,-0.089276,-0.894595
1640841565479630080,-2.353542,-1.050072,1.952326,0.424071,-0.108281,-0.089212,-0.894696
1640841565482739968,-2.356160,-1.048763,1.952393,0.423568,-0.108862,-0.089087,-0.894876
1640841565484599808,-2.357718,-1.047971,1.952431,0.423270,-0.109199,-0.089006,-0.894984
1640841565487510016,-2.360142,-1.046716,1.952484,0.422804,-0.109715,-0.088867,-0.895155
1640841565489659904,-2.361924,-1.045779,1.952519,0.422459,-0.110092,-0.088753,-0.895283
1640841565492610048,-2.364354,-1.044477,1.952562,0.421981,-0.110605,-0.088582,-0.895462
1640841565494679808,-2.366049,-1.043553,1.952588,0.421642,-0.110961,-0.088455,-0.895590
1640841565497579776,-2.368411,-1.042244,1.952620,0.421164,-0.111451,-0.088268,-0.895773
1640841565499929856,-2.370314,-1.041170,1.952640,0.420773,-0.111840,-0.088113,-0.895923
1640841565502529792,-2.372406,-1.039969,1.952659,0.420336,-0.112259,-0.087939,-0.896093
1640841565504619776,-2.374079,-1.038994,1.952670,0.419986,-0.112592,-0.087798,-0.896229
1640841565507680000,-2.376514,-1.037551,1.952680,0.419476,-0.113076,-0.087595,-0.896427
1640841565509760000,-2.378159,-1.036559,1.952682,0.419136,-0.113407,-0.087458,-0.896557
1640841565512919808,-2.380643,-1.035035,1.952680,0.418628,-0.113915,-0.087255,-0.896750
1640841565514639872,-2.381986,-1.034198,1.952676,0.418354,-0.114194,-0.087145,-0.896853
1640841565518080000,-2.384657,-1.032504,1.952660,0.417806,-0.114752,-0.086926,-0.897058
1640841565519640064,-2.385860,-1.031729,1.952650,0.417556,-0.115005,-0.086826,-0.897152
1640841565522629888,-2.388154,-1.030229,1.952625,0.417069,-0.115488,-0.086632,-0.897335
1640841565524580096,-2.389640,-1.029241,1.952605,0.416748,-0.115803,-0.086499,-0.897457
1640841565528149760,-2.392343,-1.027413,1.952561,0.416159,-0.116379,-0.086232,-0.897681
1640841565530720000,-2.394273,-1.026082,1.952523,0.415739,-0.116796,-0.086011,-0.897843
1640841565532689920,-2.395743,-1.025053,1.952490,0.415421,-0.117118,-0.085823,-0.897966
1640841565534669824,-2.397214,-1.024011,1.952453,0.415102,-0.117443,-0.085620,-0.898090
1640841565537529856,-2.399325,-1.022492,1.952395,0.414643,-0.117917,-0.085308,-0.898270
1640841565539579904,-2.400827,-1.021394,1.952350,0.414313,-0.118259,-0.085074,-0.898400
1640841565542589952,-2.403019,-1.019766,1.952277,0.413824,-0.118766,-0.084721,-0.898592
1640841565545339904,-2.405006,-1.018264,1.952203,0.413373,-0.119230,-0.084384,-0.898769
1640841565548249856,-2.407092,-1.016659,1.952119,0.412897,-0.119717,-0.083997,-0.898960
1640841565549819904,-2.408210,-1.015786,1.952070,0.412642,-0.119976,-0.083770,-0.899063
1640841565552559872,-2.410150,-1.014252,1.951980,0.412203,-0.120419,-0.083337,-0.899246
1640841565554669824,-2.411633,-1.013060,1.951907,0.411867,-0.120757,-0.082979,-0.899387
1640841565557469952,-2.413588,-1.011467,1.951804,0.411422,-0.121206,-0.082482,-0.899576
1640841565560099840,-2.415410,-1.009956,1.951701,0.411001,-0.121634,-0.082006,-0.899755
1640841565562700032,-2.417198,-1.008450,1.951593,0.410582,-0.122064,-0.081530,-0.899931
1640841565565019904,-2.418781,-1.007096,1.951492,0.410208,-0.122447,-0.081100,-0.900088
1640841565567499776,-2.420461,-1.005637,1.951378,0.409812,-0.122852,-0.080632,-0.900256
1640841565569799936,-2.422009,-1.004274,1.951268,0.409448,-0.123220,-0.080190,-0.900410
1640841565572519936,-2.423824,-1.002650,1.951132,0.409025,-0.123644,-0.079657,-0.900592
1640841565574599936,-2.425203,-1.001399,1.951024,0.408703,-0.123962,-0.079243,-0.900731
1640841565577560064,-2.427149,-0.999605,1.950863,0.408245,-0.124409,-0.078649,-0.900929
1640841565580049920,-2.428772,-0.998083,1.950722,0.407856,-0.124784,-0.078145,-0.901097
1640841565582659840,-2.430459,-0.996477,1.950567,0.407442,-0.125177,-0.077617,-0.901275
1640841565584979968,-2.431948,-0.995039,1.950425,0.407069,-0.125524,-0.077145,-0.901436
1640841565587499776,-2.433552,-0.993466,1.950264,0.406660,-0.125889,-0.076629,-0.901614
1640841565589740032,-2.434966,-0.992058,1.950117,0.406294,-0.126198,-0.076166,-0.901775
1640841565592720128,-2.436832,-0.990172,1.949913,0.405807,-0.126583,-0.075540,-0.901993
1640841565594709760,-2.438067,-0.988904,1.949773,0.405482,-0.126831,-0.075115,-0.902140
1640841565597719808,-2.439920,-0.986972,1.949553,0.404995,-0.127203,-0.074459,-0.902361
1640841565599649792,-2.441098,-0.985726,1.949408,0.404686,-0.127446,-0.074030,-0.902500
1640841565602749952,-2.442974,-0.983711,1.949167,0.404197,-0.127858,-0.073324,-0.902719
1640841565604610048,-2.444090,-0.982494,1.949018,0.403909,-0.128124,-0.072890,-0.902845
1640841565607599872,-2.445868,-0.980525,1.948771,0.403455,-0.128582,-0.072175,-0.903040
1640841565610400000,-2.447516,-0.978669,1.948533,0.403022,-0.129004,-0.071495,-0.903227
1640841565612740096,-2.448880,-0.977107,1.948327,0.402650,-0.129332,-0.070918,-0.903392
1640841565614689792,-2.450008,-0.975799,1.948152,0.402333,-0.129593,-0.070427,-0.903534
1640841565617729792,-2.451751,-0.973747,1.947871,0.401834,-0.129988,-0.069636,-0.903761
1640841565619649792,-2.452841,-0.972443,1.947689,0.401517,-0.130235,-0.069115,-0.903906
1640841565622659840,-2.454534,-0.970388,1.947396,0.401023,-0.130629,-0.068259,-0.904134
1640841565625479936,-2.456103,-0.968449,1.947112,0.400566,-0.131011,-0.067406,-0.904345
1640841565627719936,-2.457336,-0.966900,1.946882,0.400208,-0.131322,-0.066704,-0.904510
1640841565629629952,-2.458380,-0.965573,1.946681,0.399908,-0.131588,-0.066097,-0.904649
1640841565632499968,-2.459933,-0.963569,1.946372,0.399466,-0.131985,-0.065186,-0.904852
1640841565634599936,-2.461058,-0.962094,1.946141,0.399148,-0.132268,-0.064522,-0.904999
1640841565637609984,-2.462653,-0.959969,1.945801,0.398689,-0.132663,-0.063560,-0.905211
1640841565640189952,-2.464005,-0.958136,1.945502,0.398286,-0.132988,-0.062708,-0.905401
1640841565643020032,-2.465471,-0.956114,1.945166,0.397833,-0.133329,-0.061744,-0.905616
1640841565645239808,-2.466609,-0.954520,1.944896,0.397473,-0.133583,-0.060973,-0.905789
1640841565647500032,-2.467756,-0.952890,1.944616,0.397106,-0.133827,-0.060181,-0.905967
1640841565649619712,-2.468822,-0.951354,1.944349,0.396763,-0.134043,-0.059434,-0.906134
1640841565652499968,-2.470254,-0.949258,1.943977,0.396304,-0.134314,-0.058424,-0.906361
1640841565654609920,-2.471291,-0.947714,1.943699,0.395974,-0.134500,-0.057687,-0.906525
1640841565657559808,-2.472725,-0.945546,1.943302,0.395519,-0.134753,-0.056658,-0.906750
1640841565659739904,-2.473773,-0.943935,1.943002,0.395188,-0.134942,-0.055895,-0.906914
1640841565662479872,-2.475074,-0.941902,1.942617,0.394776,-0.135187,-0.054936,-0.907116
1640841565664559872,-2.476050,-0.940352,1.942320,0.394464,-0.135375,-0.054213,-0.907267
1640841565667559936,-2.477441,-0.938106,1.941882,0.394014,-0.135645,-0.053189,-0.907483
1640841565669769984,-2.478453,-0.936444,1.941553,0.393679,-0.135839,-0.052455,-0.907641
1640841565672619776,-2.479742,-0.934291,1.941120,0.393243,-0.136082,-0.051535,-0.907847
1640841565675949824,-2.481224,-0.931762,1.940602,0.392732,-0.136358,-0.050468,-0.908087
1640841565679219968,-2.482656,-0.929265,1.940081,0.392230,-0.136624,-0.049389,-0.908323
1640841565679960064,-2.482976,-0.928698,1.939961,0.392118,-0.136684,-0.049137,-0.908376
1640841565682439936,-2.484041,-0.926794,1.939555,0.391742,-0.136886,-0.048265,-0.908554
1640841565684640000,-2.484974,-0.925098,1.939189,0.391411,-0.137063,-0.047465,-0.908712
1640841565688029952,-2.486390,-0.922473,1.938613,0.390903,-0.137332,-0.046196,-0.908956
1640841565689799936,-2.487119,-0.921098,1.938307,0.390638,-0.137469,-0.045522,-0.909083
1640841565695040000,-2.489234,-0.917003,1.937378,0.389852,-0.137854,-0.043520,-0.909460
1640841565695680000,-2.489488,-0.916501,1.937262,0.389755,-0.137899,-0.043277,-0.909506
1640841565697579776,-2.490237,-0.915008,1.936915,0.389467,-0.138028,-0.042561,-0.909644
1640841565702619904,-2.492181,-0.911027,1.935973,0.388664,-0.138380,-0.040607,-0.910023
1640841565703029760,-2.492337,-0.910702,1.935895,0.388597,-0.138410,-0.040442,-0.910055
1640841565704689920,-2.492963,-0.909383,1.935578,0.388321,-0.138531,-0.039767,-0.910184
1640841565708999936,-2.494557,-0.905948,1.934736,0.387614,-0.138840,-0.037956,-0.910515
1640841565710599936,-2.495138,-0.904668,1.934417,0.387360,-0.138950,-0.037266,-0.910635
1640841565712909824,-2.495966,-0.902815,1.933952,0.387004,-0.139102,-0.036253,-0.910804
1640841565714799872,-2.496635,-0.901294,1.933566,0.386718,-0.139221,-0.035410,-0.910941
1640841565717710080,-2.497647,-0.898947,1.932962,0.386283,-0.139396,-0.034087,-0.911149
1640841565719609856,-2.498297,-0.897410,1.932562,0.385999,-0.139507,-0.033207,-0.911285
1640841565722699776,-2.499336,-0.894903,1.931902,0.385528,-0.139680,-0.031748,-0.911510
1640841565724659968,-2.499983,-0.893308,1.931476,0.385222,-0.139788,-0.030810,-0.911655
1640841565727680000,-2.500962,-0.890844,1.930811,0.384737,-0.139950,-0.029364,-0.911882
1640841565730299904,-2.501794,-0.888699,1.930224,0.384302,-0.140089,-0.028124,-0.912083
1640841565732679936,-2.502535,-0.886746,1.929683,0.383900,-0.140209,-0.027013,-0.912268
1640841565734629888,-2.503132,-0.885142,1.929234,0.383570,-0.140299,-0.026108,-0.912419
1640841565737710080,-2.504057,-0.882601,1.928514,0.383063,-0.140415,-0.024678,-0.912654
1640841565739939840,-2.504712,-0.880757,1.927985,0.382714,-0.140472,-0.023634,-0.912819
1640841565742899968,-2.505563,-0.878303,1.927272,0.382276,-0.140514,-0.022235,-0.913032
1640841565744949760,-2.506139,-0.876600,1.926772,0.381979,-0.140531,-0.021263,-0.913176
1640841565747879936,-2.506946,-0.874159,1.926047,0.381552,-0.140553,-0.019876,-0.913383
1640841565749649920,-2.507423,-0.872682,1.925603,0.381285,-0.140573,-0.019045,-0.913509
1640841565752649984,-2.508214,-0.870172,1.924841,0.380812,-0.140625,-0.017649,-0.913726
1640841565755329792,-2.508902,-0.867925,1.924149,0.380374,-0.140683,-0.016413,-0.913923
1640841565757499904,-2.509446,-0.866102,1.923582,0.380016,-0.140730,-0.015416,-0.914081
1640841565759650048,-2.509973,-0.864292,1.923014,0.379664,-0.140772,-0.014428,-0.914238
1640841565763180032,-2.510815,-0.861314,1.922067,0.379097,-0.140823,-0.012801,-0.914489
1640841565764969728,-2.511230,-0.859801,1.921580,0.378815,-0.140842,-0.011969,-0.914614
1640841565767619840,-2.511829,-0.857557,1.920851,0.378405,-0.140861,-0.010723,-0.914796
1640841565769860096,-2.512322,-0.855657,1.920227,0.378066,-0.140871,-0.009652,-0.914947
1640841565772549888,-2.512898,-0.853372,1.919468,0.377665,-0.140879,-0.008342,-0.915124
1640841565775019776,-2.513410,-0.851270,1.918762,0.377301,-0.140887,-0.007122,-0.915284
1640841565777519872,-2.513914,-0.849139,1.918039,0.376930,-0.140900,-0.005877,-0.915443
1640841565779640064,-2.514328,-0.847329,1.917418,0.376612,-0.140920,-0.004818,-0.915577
1640841565782589952,-2.514886,-0.844806,1.916544,0.376159,-0.140963,-0.003347,-0.915763
1640841565784649728,-2.515262,-0.843043,1.915927,0.375836,-0.141001,-0.002322,-0.915893
1640841565787869952,-2.515829,-0.840281,1.914949,0.375322,-0.141057,-0.000722,-0.916098
1640841565789619968,-2.516126,-0.838779,1.914411,0.375039,-0.141081,0.000147,-0.916211
1640841565792640000,-2.516621,-0.836182,1.913472,0.374549,-0.141103,0.001649,-0.916406
1640841565794720000,-2.516948,-0.834392,1.912818,0.374213,-0.141104,0.002689,-0.916541
1640841565797760000,-2.517406,-0.831772,1.911851,0.373733,-0.141082,0.004219,-0.916734
1640841565799689984,-2.517685,-0.830106,1.911229,0.373438,-0.141054,0.005201,-0.916854
1640841565803160064,-2.518162,-0.827109,1.910099,0.372927,-0.140977,0.006988,-0.917061
1640841565804790016,-2.518375,-0.825699,1.909561,0.372691,-0.140933,0.007833,-0.917158
1640841565807449856,-2.518709,-0.823397,1.908676,0.372300,-0.140857,0.009211,-0.917315
1640841565809629952,-2.518969,-0.821509,1.907943,0.371969,-0.140796,0.010337,-0.917447
1640841565812549888,-2.519298,-0.818978,1.906950,0.371500,-0.140721,0.011832,-0.917630
1640841565815249920,-2.519583,-0.816635,1.906020,0.371049,-0.140657,0.013200,-0.917804
1640841565817669888,-2.519822,-0.814533,1.905178,0.370642,-0.140598,0.014415,-0.917959
1640841565819650048,-2.520006,-0.812813,1.904482,0.370315,-0.140547,0.015402,-0.918083
1640841565822660096,-2.520267,-0.810196,1.903413,0.369835,-0.140457,0.016892,-0.918264
1640841565824579840,-2.520421,-0.808526,1.902723,0.369539,-0.140390,0.017838,-0.918375
1640841565827729920,-2.520652,-0.805784,1.901581,0.369061,-0.140259,0.019387,-0.918556
1640841565829669888,-2.520782,-0.804094,1.900870,0.368767,-0.140162,0.020342,-0.918668
1640841565834659840,-2.521072,-0.799746,1.899015,0.367999,-0.139864,0.022806,-0.918964
1640841565836529920,-2.521163,-0.798116,1.898310,0.367706,-0.139746,0.023734,-0.919076
1640841565837809920,-2.521220,-0.797000,1.897824,0.367503,-0.139668,0.024371,-0.919152
1640841565839759872,-2.521300,-0.795299,1.897080,0.367192,-0.139557,0.025342,-0.919267
1640841565842540032,-2.521395,-0.792874,1.896008,0.366744,-0.139414,0.026731,-0.919428
1640841565844979968,-2.521463,-0.790745,1.895058,0.366348,-0.139301,0.027956,-0.919567
1640841565847520000,-2.521516,-0.788529,1.894060,0.365934,-0.139189,0.029237,-0.919709
1640841565849730048,-2.521548,-0.786600,1.893183,0.365574,-0.139093,0.030359,-0.919830
1640841565852539904,-2.521571,-0.784148,1.892057,0.365118,-0.138968,0.031795,-0.919982
1640841565854660096,-2.521575,-0.782298,1.891200,0.364775,-0.138870,0.032888,-0.920094
1640841565857499904,-2.521561,-0.779820,1.890041,0.364317,-0.138731,0.034374,-0.920242
1640841565859639808,-2.521536,-0.777953,1.889159,0.363975,-0.138620,0.035512,-0.920351
1640841565862459904,-2.521485,-0.775493,1.887986,0.363526,-0.138463,0.037041,-0.920492
1640841565864759808,-2.521428,-0.773487,1.887021,0.363161,-0.138328,0.038310,-0.920604
1640841565867589888,-2.521339,-0.771019,1.885822,0.362706,-0.138163,0.039874,-0.920742
1640841565869720064,-2.521257,-0.769163,1.884911,0.362355,-0.138047,0.041034,-0.920846
1640841565872509952,-2.521133,-0.766732,1.883708,0.361886,-0.137907,0.042527,-0.920984
1640841565877100032,-2.520882,-0.762735,1.881702,0.361103,-0.137687,0.044940,-0.921210
1640841565877699840,-2.520846,-0.762212,1.881438,0.361001,-0.137657,0.045253,-0.921239
1640841565879639808,-2.520720,-0.760524,1.880578,0.360674,-0.137558,0.046268,-0.921331
1640841565882550016,-2.520513,-0.757993,1.879279,0.360194,-0.137394,0.047797,-0.921465
1640841565884699904,-2.520345,-0.756124,1.878310,0.359846,-0.137261,0.048929,-0.921562
1640841565887599872,-2.520099,-0.753605,1.876992,0.359382,-0.137065,0.050444,-0.921690
1640841565889649920,-2.519912,-0.751825,1.876053,0.359054,-0.136916,0.051499,-0.921782
1640841565892489984,-2.519635,-0.749362,1.874740,0.358597,-0.136696,0.052933,-0.921911
1640841565895099904,-2.519361,-0.747099,1.873523,0.358174,-0.136481,0.054225,-0.922032
1640841565897670144,-2.519073,-0.744873,1.872315,0.357756,-0.136261,0.055477,-0.922153
1640841565899669760,-2.518837,-0.743143,1.871367,0.357429,-0.136085,0.056439,-0.922247
1640841565902530048,-2.518481,-0.740670,1.870001,0.356961,-0.135828,0.057800,-0.922382
1640841565904870144,-2.518174,-0.738648,1.868875,0.356578,-0.135615,0.058902,-0.922492
1640841565907559936,-2.517802,-0.736327,1.867569,0.356143,-0.135369,0.060154,-0.922615
1640841565909829888,-2.517474,-0.734370,1.866458,0.355781,-0.135162,0.061200,-0.922716
1640841565912900096,-2.517008,-0.731727,1.864944,0.355302,-0.134885,0.062599,-0.922848
1640841565914670080,-2.516728,-0.730204,1.864064,0.355030,-0.134725,0.063400,-0.922921
1640841565917479936,-2.516266,-0.727790,1.862657,0.354600,-0.134466,0.064667,-0.923036
1640841565919669760,-2.515891,-0.725911,1.861552,0.354264,-0.134258,0.065653,-0.923126
1640841565922659840,-2.515360,-0.723348,1.860032,0.353801,-0.133964,0.066998,-0.923249
1640841565924779776,-2.514968,-0.721534,1.858946,0.353470,-0.133753,0.067948,-0.923337
1640841565927650048,-2.514419,-0.719081,1.857464,0.353017,-0.133468,0.069223,-0.923458
1640841565929639936,-2.514025,-0.717382,1.856429,0.352698,-0.133273,0.070097,-0.923541
1640841565932529920,-2.513435,-0.714919,1.854916,0.352230,-0.132998,0.071349,-0.923664
1640841565934609920,-2.512996,-0.713149,1.853819,0.351892,-0.132801,0.072237,-0.923752
1640841565937539840,-2.512358,-0.710659,1.852262,0.351422,-0.132513,0.073477,-0.923874
1640841565939749888,-2.511862,-0.708784,1.851079,0.351079,-0.132278,0.074407,-0.923964
1640841565942509824,-2.511225,-0.706446,1.849591,0.350663,-0.131961,0.075562,-0.924074
1640841565945760000,-2.510448,-0.703699,1.847824,0.350181,-0.131560,0.076914,-0.924202
1640841565947899904,-2.509921,-0.701894,1.846652,0.349860,-0.131285,0.077797,-0.924289
1640841565949600000,-2.509494,-0.700461,1.845716,0.349600,-0.131064,0.078496,-0.924360
1640841565952509952,-2.508745,-0.698014,1.844103,0.349141,-0.130681,0.079681,-0.924486
1640841565954629888,-2.508185,-0.696234,1.842920,0.348800,-0.130401,0.080536,-0.924580
1640841565957690112,-2.507356,-0.693670,1.841201,0.348306,-0.129999,0.081753,-0.924716
1640841565959669760,-2.506807,-0.692014,1.840081,0.347990,-0.129742,0.082529,-0.924802
1640841565962829824,-2.505908,-0.689377,1.838281,0.347495,-0.129339,0.083747,-0.924935
1640841565965009920,-2.505273,-0.687562,1.837030,0.347157,-0.129063,0.084573,-0.925025
1640841565967689984,-2.504475,-0.685335,1.835483,0.346745,-0.128724,0.085573,-0.925135
1640841565969600000,-2.503894,-0.683752,1.834373,0.346451,-0.128482,0.086277,-0.925214
1640841565972460032,-2.503007,-0.681385,1.832702,0.346009,-0.128117,0.087316,-0.925332
1640841565974799872,-2.502265,-0.679453,1.831325,0.345647,-0.127816,0.088150,-0.925430
1640841565977619968,-2.501352,-0.677131,1.829655,0.345213,-0.127452,0.089133,-0.925548
1640841565980859904,-2.500277,-0.674470,1.827722,0.344723,-0.127033,0.090228,-0.925682
1640841565982880000,-2.499593,-0.672815,1.826509,0.344424,-0.126774,0.090889,-0.925765
1640841565984649984,-2.498984,-0.671368,1.825441,0.344162,-0.126547,0.091459,-0.925837
1640841565987510016,-2.497984,-0.669035,1.823705,0.343736,-0.126182,0.092364,-0.925955
1640841565989629952,-2.497229,-0.667310,1.822410,0.343413,-0.125914,0.093030,-0.926045
1640841565992499712,-2.496187,-0.664981,1.820647,0.342966,-0.125550,0.093928,-0.926169
1640841565995249920,-2.495169,-0.662756,1.818946,0.342533,-0.125199,0.094789,-0.926289
1640841565998040064,-2.494117,-0.660505,1.817209,0.342098,-0.124837,0.095667,-0.926408
1640841565999680000,-2.493488,-0.659185,1.816183,0.341848,-0.124620,0.096186,-0.926476
1640841566002879744,-2.492242,-0.656617,1.814169,0.341377,-0.124185,0.097206,-0.926602
1640841566004590080,-2.491565,-0.655249,1.813086,0.341129,-0.123948,0.097753,-0.926667
1640841566007459840,-2.490412,-0.652958,1.811260,0.340711,-0.123546,0.098666,-0.926778
1640841566010479872,-2.489176,-0.650556,1.809325,0.340256,-0.123124,0.099617,-0.926900
1640841566012630016,-2.488282,-0.648851,1.807939,0.339920,-0.122823,0.100282,-0.926991
1640841566014789888,-2.487371,-0.647143,1.806541,0.339577,-0.122518,0.100938,-0.927086
1640841566017499904,-2.486212,-0.645006,1.804776,0.339143,-0.122127,0.101742,-0.927208
1640841566019680000,-2.485265,-0.643292,1.803349,0.338797,-0.121803,0.102371,-0.927309
1640841566022549760,-2.484001,-0.641044,1.801460,0.338347,-0.121363,0.103172,-0.927442
1640841566024799744,-2.482995,-0.639287,1.799970,0.337999,-0.121010,0.103778,-0.927547
1640841566027569920,-2.481738,-0.637131,1.798126,0.337574,-0.120573,0.104500,-0.927678
1640841566029719808,-2.480750,-0.635463,1.796688,0.337243,-0.120235,0.105041,-0.927781
1640841566032989952,-2.479223,-0.632935,1.794487,0.336738,-0.119731,0.105833,-0.927939
1640841566034649856,-2.478438,-0.631657,1.793364,0.336479,-0.119477,0.106219,-0.928022
1640841566037590016,-2.477030,-0.629399,1.791366,0.336013,-0.119016,0.106878,-0.928174
1640841566039640064,-2.476036,-0.627831,1.789965,0.335683,-0.118680,0.107315,-0.928286
1640841566043379968,-2.474194,-0.624981,1.787394,0.335069,-0.118033,0.108066,-0.928503
1640841566044629760,-2.473570,-0.624032,1.786531,0.334863,-0.117812,0.108304,-0.928578
1640841566047549952,-2.472099,-0.621822,1.784505,0.334382,-0.117294,0.108839,-0.928754
1640841566049729792,-2.470986,-0.620178,1.782985,0.334028,-0.116914,0.109219,-0.928885
1640841566052509952,-2.469550,-0.618090,1.781036,0.333584,-0.116444,0.109682,-0.929049
1640841566055249920,-2.468115,-0.616041,1.779106,0.333154,-0.115992,0.110119,-0.929209
1640841566058070016,-2.466619,-0.613941,1.777108,0.332715,-0.115530,0.110552,-0.929372
1640841566059660032,-2.465767,-0.612761,1.775977,0.332469,-0.115269,0.110791,-0.929464
1640841566062479872,-2.464240,-0.610676,1.773962,0.332033,-0.114800,0.111206,-0.929628
1640841566064739840,-2.463002,-0.609011,1.772340,0.331683,-0.114420,0.111530,-0.929761
1640841566067600128,-2.461417,-0.606914,1.770276,0.331238,-0.113933,0.111929,-0.929932
1640841566069669888,-2.460258,-0.605402,1.768776,0.330913,-0.113575,0.112210,-0.930057
1640841566072499968,-2.458655,-0.603344,1.766716,0.330465,-0.113080,0.112582,-0.930232
1640841566074829824,-2.457321,-0.601657,1.765011,0.330095,-0.112670,0.112878,-0.930377
1640841566077969920,-2.455502,-0.599394,1.762703,0.329594,-0.112116,0.113261,-0.930575
1640841566079629824,-2.454531,-0.598203,1.761477,0.329329,-0.111825,0.113456,-0.930680
1640841566082609920,-2.452770,-0.596074,1.759268,0.328856,-0.111308,0.113792,-0.930868
1640841566084689920,-2.451528,-0.594594,1.757719,0.328527,-0.110949,0.114017,-0.931000
1640841566087450112,-2.449864,-0.592639,1.755654,0.328093,-0.110473,0.114311,-0.931173
1640841566089949952,-2.448341,-0.590877,1.753776,0.327701,-0.110036,0.114577,-0.931330
1640841566092630016,-2.446691,-0.588997,1.751753,0.327281,-0.109556,0.114862,-0.931500
1640841566095059968,-2.445180,-0.587300,1.749911,0.326898,-0.109108,0.115115,-0.931655
1640841566097559808,-2.443611,-0.585563,1.748008,0.326500,-0.108631,0.115364,-0.931820
1640841566099689984,-2.442262,-0.584090,1.746380,0.326156,-0.108209,0.115562,-0.931965
1640841566102510080,-2.440460,-0.582149,1.744216,0.325691,-0.107626,0.115799,-0.932165
1640841566104620032,-2.439099,-0.580703,1.742590,0.325339,-0.107176,0.115961,-0.932320
1640841566107559936,-2.437185,-0.578699,1.740316,0.324845,-0.106542,0.116170,-0.932539
1640841566109740032,-2.435752,-0.577221,1.738622,0.324479,-0.106075,0.116319,-0.932701
1640841566112689920,-2.433796,-0.575231,1.736321,0.323990,-0.105455,0.116514,-0.932917
1640841566114619904,-2.432504,-0.573935,1.734809,0.323672,-0.105056,0.116632,-0.933058
1640841566117499904,-2.430561,-0.572012,1.732545,0.323201,-0.104463,0.116781,-0.933269
1640841566119799808,-2.428995,-0.570484,1.730730,0.322826,-0.103990,0.116866,-0.933441
1640841566122889984,-2.426872,-0.568443,1.728281,0.322322,-0.103348,0.116929,-0.933678
1640841566124739840,-2.425590,-0.567227,1.726809,0.322019,-0.102960,0.116946,-0.933824
1640841566127630080,-2.423571,-0.565338,1.724501,0.321541,-0.102348,0.116952,-0.934055
1640841566130720000,-2.421392,-0.563332,1.722023,0.321021,-0.101682,0.116949,-0.934307
1640841566132429824,-2.420176,-0.562227,1.720647,0.320728,-0.101308,0.116950,-0.934448
1640841566134650112,-2.418587,-0.560799,1.718854,0.320344,-0.100821,0.116953,-0.934632
1640841566142940160,-2.412554,-0.555531,1.712110,0.318944,-0.099144,0.116907,-0.935296
1640841566143649792,-2.412030,-0.555084,1.711529,0.318829,-0.099014,0.116895,-0.935350
1640841566144569856,-2.411349,-0.554507,1.710775,0.318681,-0.098846,0.116878,-0.935421
1640841566145819904,-2.410421,-0.553724,1.709749,0.318480,-0.098618,0.116851,-0.935516
1640841566147529728,-2.409146,-0.552657,1.708342,0.318207,-0.098303,0.116811,-0.935647
1640841566149659904,-2.407548,-0.551334,1.706585,0.317866,-0.097895,0.116754,-0.935813
1640841566152570112,-2.405348,-0.549537,1.704176,0.317398,-0.097311,0.116668,-0.936044
1640841566154860032,-2.403603,-0.548131,1.702274,0.317029,-0.096838,0.116598,-0.936227
1640841566157670144,-2.401446,-0.546418,1.699932,0.316574,-0.096257,0.116512,-0.936451
1640841566159680000,-2.399893,-0.545199,1.698251,0.316249,-0.095847,0.116453,-0.936610
1640841566162550016,-2.397658,-0.543469,1.695843,0.315786,-0.095276,0.116373,-0.936834
1640841566164679936,-2.395988,-0.542194,1.694050,0.315445,-0.094860,0.116316,-0.936999
1640841566167459840,-2.393793,-0.540539,1.691702,0.315006,-0.094322,0.116242,-0.937210
1640841566169879808,-2.391868,-0.539108,1.689651,0.314630,-0.093854,0.116175,-0.937392
1640841566172489984,-2.389778,-0.537574,1.687433,0.314233,-0.093347,0.116099,-0.937585
1640841566176559872,-2.386488,-0.535203,1.683958,0.313632,-0.092548,0.115970,-0.937881
1640841566177479936,-2.385739,-0.534670,1.683170,0.313499,-0.092365,0.115939,-0.937947
1640841566179659776,-2.383957,-0.533414,1.681299,0.313190,-0.091929,0.115863,-0.938103
1640841566182530048,-2.381596,-0.531770,1.678829,0.312792,-0.091346,0.115753,-0.938306
1640841566184699904,-2.379799,-0.530535,1.676955,0.312495,-0.090901,0.115661,-0.938460
1640841566187749888,-2.377255,-0.528812,1.674313,0.312076,-0.090273,0.115513,-0.938678
1640841566189679872,-2.375635,-0.527729,1.672637,0.311808,-0.089875,0.115405,-0.938818
1640841566192689920,-2.373093,-0.526051,1.670014,0.311383,-0.089254,0.115213,-0.939042
1640841566194680064,-2.371402,-0.524949,1.668275,0.311100,-0.088841,0.115072,-0.939192
1640841566197569792,-2.368930,-0.523359,1.665742,0.310695,-0.088235,0.114848,-0.939411
1640841566199820032,-2.366993,-0.522130,1.663764,0.310390,-0.087756,0.114662,-0.939579
1640841566202459904,-2.364708,-0.520698,1.661437,0.310048,-0.087183,0.114429,-0.939774
1640841566204630016,-2.362818,-0.519529,1.659518,0.309779,-0.086706,0.114225,-0.939932
1640841566207569920,-2.360242,-0.517956,1.656912,0.309432,-0.086061,0.113922,-0.940142
1640841566209719808,-2.358346,-0.516814,1.655000,0.309187,-0.085595,0.113676,-0.940295
1640841566212489728,-2.355890,-0.515353,1.652531,0.308884,-0.085006,0.113326,-0.940490
1640841566215049984,-2.353606,-0.514013,1.650242,0.308610,-0.084474,0.112980,-0.940670
1640841566217499904,-2.351407,-0.512740,1.648046,0.308353,-0.083974,0.112639,-0.940840
1640841566219650048,-2.349467,-0.511631,1.646113,0.308127,-0.083541,0.112341,-0.940988
1640841566222589952,-2.346800,-0.510124,1.643464,0.307820,-0.082954,0.111942,-0.941188
1640841566224689920,-2.344884,-0.509056,1.641566,0.307605,-0.082540,0.111661,-0.941328
1640841566227650048,-2.342167,-0.507562,1.638884,0.307315,-0.081961,0.111268,-0.941520
1640841566229740032,-2.340239,-0.506515,1.636986,0.307122,-0.081556,0.110990,-0.941650
1640841566232569856,-2.337614,-0.505108,1.634409,0.306882,-0.081012,0.110609,-0.941821
1640841566235399936,-2.334973,-0.503713,1.631824,0.306661,-0.080470,0.110223,-0.941984
1640841566237499904,-2.333003,-0.502685,1.629901,0.306504,-0.080069,0.109933,-0.942103
1640841566239609856,-2.331014,-0.501659,1.627965,0.306350,-0.079666,0.109639,-0.942222
1640841566242550016,-2.328229,-0.500241,1.625261,0.306138,-0.079103,0.109223,-0.942387
1640841566244709888,-2.326173,-0.499207,1.623269,0.305985,-0.078688,0.108911,-0.942507
1640841566247549952,-2.323454,-0.497858,1.620644,0.305790,-0.078143,0.108489,-0.942664
1640841566251629824,-2.319522,-0.495941,1.616861,0.305528,-0.077362,0.107855,-0.942886
1640841566252499712,-2.318680,-0.495536,1.616052,0.305476,-0.077196,0.107717,-0.942933
1640841566254690048,-2.316552,-0.494520,1.614014,0.305349,-0.076774,0.107368,-0.943048
1640841566257699840,-2.313613,-0.493135,1.611205,0.305189,-0.076187,0.106896,-0.943201
1640841566259619840,-2.311730,-0.492258,1.609409,0.305095,-0.075805,0.106604,-0.943295
1640841566262480128,-2.308911,-0.490963,1.606729,0.304968,-0.075227,0.106186,-0.943430
1640841566264659968,-2.306753,-0.489983,1.604681,0.304878,-0.074783,0.105867,-0.943530
1640841566268029952,-2.303398,-0.488483,1.601507,0.304748,-0.074102,0.105347,-0.943684
1640841566269799936,-2.301628,-0.487701,1.599837,0.304682,-0.073752,0.105048,-0.943766
1640841566272499968,-2.298917,-0.486518,1.597283,0.304584,-0.073228,0.104548,-0.943894
1640841566278519808,-2.292824,-0.483917,1.591570,0.304390,-0.072072,0.103296,-0.944183
1640841566279099904,-2.292234,-0.483669,1.591017,0.304374,-0.071958,0.103169,-0.944211
1640841566279810048,-2.291510,-0.483367,1.590341,0.304355,-0.071818,0.103012,-0.944245
1640841566282739968,-2.288515,-0.482125,1.587547,0.304290,-0.071227,0.102357,-0.944382
1640841566286809856,-2.284328,-0.480421,1.583654,0.304229,-0.070372,0.101429,-0.944566
1640841566287529984,-2.283584,-0.480121,1.582964,0.304221,-0.070218,0.101261,-0.944598
1640841566289680128,-2.281358,-0.479233,1.580901,0.304202,-0.069757,0.100753,-0.944693
1640841566292599808,-2.278322,-0.478036,1.578094,0.304185,-0.069133,0.100040,-0.944820
1640841566294609920,-2.276224,-0.477219,1.576158,0.304180,-0.068709,0.099536,-0.944905
1640841566298050048,-2.272616,-0.475835,1.572838,0.304185,-0.067995,0.098668,-0.945046
1640841566300150016,-2.270404,-0.474998,1.570807,0.304200,-0.067570,0.098142,-0.945127
1640841566303229696,-2.267146,-0.473781,1.567822,0.304235,-0.066959,0.097380,-0.945238
1640841566304659968,-2.265628,-0.473220,1.566434,0.304255,-0.066679,0.097030,-0.945287
1640841566307539968,-2.262560,-0.472100,1.563634,0.304303,-0.066117,0.096330,-0.945383
1640841566309799936,-2.260143,-0.471229,1.561433,0.304344,-0.065677,0.095785,-0.945456
1640841566312529920,-2.257212,-0.470186,1.558769,0.304397,-0.065143,0.095130,-0.945542
1640841566314759936,-2.254809,-0.469341,1.556590,0.304446,-0.064708,0.094600,-0.945609
1640841566317869824,-2.251445,-0.468175,1.553544,0.304532,-0.064111,0.093870,-0.945695
1640841566319699968,-2.249457,-0.467495,1.551749,0.304596,-0.063769,0.093446,-0.945739
1640841566322520064,-2.246384,-0.466455,1.548979,0.304715,-0.063256,0.092799,-0.945799
1640841566324610048,-2.244099,-0.465691,1.546923,0.304816,-0.062881,0.092320,-0.945838
1640841566327549952,-2.240872,-0.464627,1.544025,0.304970,-0.062357,0.091635,-0.945890
1640841566330109952,-2.238052,-0.463709,1.541498,0.305111,-0.061896,0.091020,-0.945934
1640841566332859904,-2.235011,-0.462733,1.538779,0.305265,-0.061389,0.090335,-0.945983
1640841566334709760,-2.232959,-0.462082,1.536947,0.305370,-0.061040,0.089864,-0.946017
1640841566337760000,-2.229563,-0.461018,1.533922,0.305548,-0.060452,0.089078,-0.946071
1640841566339639808,-2.227464,-0.460368,1.532055,0.305661,-0.060080,0.088594,-0.946104
1640841566342680064,-2.224058,-0.459326,1.529031,0.305852,-0.059466,0.087813,-0.946154
1640841566344699904,-2.221787,-0.458641,1.527020,0.305985,-0.059052,0.087293,-0.946185
1640841566347659776,-2.218448,-0.457646,1.524067,0.306191,-0.058440,0.086524,-0.946227
1640841566350099968,-2.215686,-0.456834,1.521630,0.306372,-0.057934,0.085879,-0.946258
1640841566352509952,-2.212950,-0.456039,1.519219,0.306561,-0.057435,0.085229,-0.946286
1640841566354679808,-2.210480,-0.455329,1.517046,0.306739,-0.056986,0.084631,-0.946309
1640841566357779968,-2.206938,-0.454326,1.513938,0.307004,-0.056343,0.083753,-0.946340
1640841566359660032,-2.204784,-0.453723,1.512050,0.307171,-0.055950,0.083206,-0.946358
1640841566362669824,-2.201325,-0.452766,1.509024,0.307444,-0.055316,0.082303,-0.946385
1640841566364859904,-2.198801,-0.452077,1.506820,0.307646,-0.054847,0.081624,-0.946405
1640841566367480064,-2.195772,-0.451260,1.504179,0.307894,-0.054282,0.080793,-0.946429
1640841566369720064,-2.193175,-0.450568,1.501920,0.308115,-0.053797,0.080076,-0.946445
1640841566372509952,-2.189931,-0.449715,1.499102,0.308405,-0.053194,0.079184,-0.946460
1640841566374609920,-2.187483,-0.449078,1.496978,0.308635,-0.052741,0.078515,-0.946466
1640841566377760000,-2.183799,-0.448133,1.493789,0.308996,-0.052059,0.077513,-0.946469
1640841566379859968,-2.181337,-0.447509,1.491661,0.309249,-0.051602,0.076846,-0.946466
1640841566382669824,-2.178032,-0.446683,1.488811,0.309599,-0.050988,0.075957,-0.946456
1640841566384849920,-2.175462,-0.446047,1.486597,0.309877,-0.050512,0.075266,-0.946446
1640841566387499776,-2.172330,-0.445282,1.483903,0.310217,-0.049937,0.074426,-0.946431
1640841566390650112,-2.168595,-0.444383,1.480698,0.310618,-0.049266,0.073422,-0.946413
1640841566392560128,-2.166325,-0.443843,1.478752,0.310857,-0.048867,0.072811,-0.946403
1640841566394789888,-2.163668,-0.443218,1.476479,0.311135,-0.048403,0.072099,-0.946390
1640841566397670144,-2.160229,-0.442418,1.473541,0.311494,-0.047804,0.071187,-0.946371
1640841566400470016,-2.156876,-0.441649,1.470682,0.311849,-0.047214,0.070316,-0.946349
1640841566402409984,-2.154547,-0.441121,1.468699,0.312101,-0.046797,0.069720,-0.946331
1640841566404620032,-2.151889,-0.440525,1.466439,0.312395,-0.046318,0.069044,-0.946307
1640841566408160000,-2.147620,-0.439580,1.462815,0.312890,-0.045542,0.067949,-0.946260
1640841566410149888,-2.145214,-0.439054,1.460777,0.313183,-0.045104,0.067319,-0.946229
1640841566412869888,-2.141918,-0.438343,1.457988,0.313601,-0.044503,0.066433,-0.946182
1640841566414919936,-2.139429,-0.437811,1.455885,0.313923,-0.044050,0.065750,-0.946144
1640841566417609984,-2.136155,-0.437120,1.453124,0.314345,-0.043450,0.064839,-0.946095
1640841566420229888,-2.132960,-0.436454,1.450433,0.314745,-0.042860,0.063939,-0.946050
1640841566422469888,-2.130222,-0.435890,1.448130,0.315076,-0.042352,0.063162,-0.946015
1640841566424710144,-2.127479,-0.435331,1.445827,0.315404,-0.041839,0.062377,-0.945980
1640841566427579904,-2.123958,-0.434622,1.442874,0.315827,-0.041178,0.061360,-0.945935
1640841566429719808,-2.121327,-0.434098,1.440671,0.316151,-0.040682,0.060592,-0.945898
1640841566432699904,-2.117655,-0.433376,1.437601,0.316619,-0.039992,0.059511,-0.945839
1640841566435379968,-2.114346,-0.432733,1.434839,0.317054,-0.039377,0.058537,-0.945780
1640841566437489920,-2.111736,-0.432232,1.432663,0.317405,-0.038899,0.057771,-0.945729
1640841566439699968,-2.108997,-0.431711,1.430384,0.317779,-0.038407,0.056976,-0.945672
1640841566442659840,-2.105322,-0.431021,1.427330,0.318287,-0.037764,0.055922,-0.945590
1640841566444849920,-2.102598,-0.430515,1.425069,0.318664,-0.037297,0.055148,-0.945527
1640841566447629824,-2.099134,-0.429880,1.422198,0.319140,-0.036713,0.054169,-0.945446
1640841566449679872,-2.096576,-0.429415,1.420080,0.319486,-0.036287,0.053448,-0.945386
1640841566452499968,-2.093050,-0.428782,1.417167,0.319954,-0.035704,0.052457,-0.945306
1640841566454909952,-2.090032,-0.428246,1.414676,0.320351,-0.035205,0.051616,-0.945236
1640841566457489920,-2.086795,-0.427678,1.412008,0.320782,-0.034666,0.050726,-0.945158
1640841566459790080,-2.083905,-0.427176,1.409630,0.321175,-0.034179,0.049948,-0.945084
1640841566462669824,-2.080281,-0.426554,1.406652,0.321684,-0.033558,0.048994,-0.944983
1640841566464740096,-2.077672,-0.426110,1.404510,0.322060,-0.033110,0.048316,-0.944906
1640841566468160000,-2.073354,-0.425385,1.400972,0.322694,-0.032374,0.047197,-0.944771
1640841566469799936,-2.071280,-0.425041,1.399275,0.323002,-0.032027,0.046656,-0.944705
1640841566472529920,-2.067824,-0.424472,1.396450,0.323518,-0.031457,0.045747,-0.944592
1640841566475100160,-2.064566,-0.423942,1.393791,0.324005,-0.030921,0.044887,-0.944484
1640841566477569792,-2.061430,-0.423437,1.391235,0.324474,-0.030395,0.044061,-0.944379
1640841566479840000,-2.058544,-0.422977,1.388886,0.324904,-0.029896,0.043308,-0.944282
1640841566482669824,-2.054942,-0.422409,1.385957,0.325440,-0.029253,0.042376,-0.944160
1640841566485100032,-2.051844,-0.421925,1.383443,0.325901,-0.028690,0.041578,-0.944053
1640841566487689984,-2.048539,-0.421414,1.380763,0.326397,-0.028089,0.040726,-0.943937
1640841566489750016,-2.045907,-0.421011,1.378632,0.326796,-0.027615,0.040043,-0.943842
1640841566492499712,-2.042390,-0.420477,1.375787,0.327336,-0.026990,0.039124,-0.943712
1640841566494679808,-2.039598,-0.420058,1.373532,0.327768,-0.026499,0.038390,-0.943606
1640841566497560064,-2.035906,-0.419508,1.370554,0.328343,-0.025848,0.037416,-0.943463
1640841566499779840,-2.033057,-0.419088,1.368259,0.328789,-0.025343,0.036662,-0.943351
1640841566502830080,-2.029138,-0.418516,1.365106,0.329403,-0.024640,0.035620,-0.943196
1640841566505090048,-2.026232,-0.418096,1.362771,0.329855,-0.024116,0.034839,-0.943080
1640841566510190080,-2.019663,-0.417158,1.357503,0.330857,-0.022931,0.033031,-0.942824
1640841566510739968,-2.018954,-0.417058,1.356935,0.330964,-0.022804,0.032831,-0.942797
1640841566512480000,-2.016710,-0.416742,1.355139,0.331298,-0.022399,0.032193,-0.942711
1640841566514720000,-2.013818,-0.416338,1.352827,0.331726,-0.021875,0.031360,-0.942601
1640841566517599744,-2.010098,-0.415823,1.349856,0.332277,-0.021192,0.030274,-0.942458
1640841566520129792,-2.006826,-0.415373,1.347247,0.332767,-0.020580,0.029309,-0.942329
1640841566522939904,-2.003190,-0.414878,1.344351,0.333318,-0.019891,0.028228,-0.942182
1640841566524699904,-2.000910,-0.414570,1.342538,0.333667,-0.019460,0.027549,-0.942088
1640841566527469824,-1.997321,-0.414089,1.339685,0.334219,-0.018789,0.026481,-0.941936
1640841566529669888,-1.994467,-0.413709,1.337421,0.334660,-0.018268,0.025634,-0.941813
1640841566532899840,-1.990276,-0.413155,1.334098,0.335310,-0.017524,0.024401,-0.941629
1640841566534839808,-1.987756,-0.412825,1.332103,0.335702,-0.017084,0.023667,-0.941516
1640841566537760000,-1.983961,-0.412332,1.329103,0.336293,-0.016422,0.022574,-0.941344
1640841566539909888,-1.981166,-0.411970,1.326895,0.336728,-0.015930,0.021781,-0.941215
1640841566542739968,-1.977484,-0.411498,1.323991,0.337302,-0.015275,0.020754,-0.941044
1640841566544780032,-1.974829,-0.411160,1.321899,0.337718,-0.014798,0.020024,-0.940918
1640841566547510016,-1.971273,-0.410709,1.319101,0.338279,-0.014159,0.019060,-0.940746
1640841566550700032,-1.967116,-0.410187,1.315834,0.338944,-0.013413,0.017950,-0.940540
1640841566552640000,-1.964587,-0.409871,1.313849,0.339354,-0.012962,0.017280,-0.940411
1640841566555749888,-1.960531,-0.409367,1.310669,0.340016,-0.012242,0.016203,-0.940200
1640841566557449728,-1.958313,-0.409093,1.308932,0.340378,-0.011849,0.015607,-0.940085
1640841566559739904,-1.955324,-0.408726,1.306594,0.340864,-0.011322,0.014792,-0.939928
1640841566562429952,-1.951812,-0.408296,1.303850,0.341430,-0.010704,0.013807,-0.939745
1640841566565079808,-1.948351,-0.407876,1.301149,0.341983,-0.010093,0.012817,-0.939564
1640841566567689984,-1.944941,-0.407463,1.298491,0.342529,-0.009480,0.011843,-0.939385
1640841566569870080,-1.942092,-0.407120,1.296273,0.342987,-0.008956,0.011044,-0.939232
1640841566573029888,-1.937962,-0.406626,1.293061,0.343657,-0.008179,0.009914,-0.939007
1640841566574649856,-1.935844,-0.406373,1.291416,0.344001,-0.007778,0.009342,-0.938890
1640841566577519872,-1.932091,-0.405927,1.288504,0.344607,-0.007077,0.008328,-0.938683
1640841566579919872,-1.928953,-0.405555,1.286072,0.345108,-0.006506,0.007471,-0.938511
1640841566582939904,-1.925003,-0.405090,1.283014,0.345733,-0.005805,0.006381,-0.938293
1640841566584780032,-1.922595,-0.404807,1.281153,0.346112,-0.005383,0.005712,-0.938160
1640841566587780096,-1.918671,-0.404348,1.278122,0.346730,-0.004699,0.004616,-0.937942
1640841566590299904,-1.915374,-0.403963,1.275580,0.347251,-0.004123,0.003693,-0.937756
1640841566592419840,-1.912600,-0.403640,1.273443,0.347691,-0.003638,0.002916,-0.937598
1640841566594739968,-1.909564,-0.403288,1.271107,0.348172,-0.003109,0.002064,-0.937423
1640841566597549824,-1.905888,-0.402862,1.268281,0.348755,-0.002474,0.001032,-0.937210
1640841566600239872,-1.902368,-0.402456,1.265579,0.349312,-0.001877,0.000043,-0.937005
1640841566602840064,-1.898967,-0.402064,1.262971,0.349848,-0.001310,-0.000912,-0.936805
1640841566604709888,-1.896521,-0.401782,1.261097,0.350234,-0.000908,-0.001595,-0.936661
1640841566610220032,-1.889314,-0.400955,1.255587,0.351372,0.000247,-0.003577,-0.936229
1640841566611029760,-1.888255,-0.400833,1.254778,0.351540,0.000413,-0.003863,-0.936165
1640841566612480000,-1.886359,-0.400616,1.253331,0.351841,0.000710,-0.004373,-0.936049
1640841566614670080,-1.883496,-0.400288,1.251148,0.352297,0.001157,-0.005135,-0.935873
1640841566617459968,-1.879849,-0.399871,1.248371,0.352879,0.001725,-0.006097,-0.935647
1640841566619699968,-1.876922,-0.399536,1.246145,0.353347,0.002184,-0.006862,-0.935465
1640841566622449920,-1.873329,-0.399125,1.243415,0.353922,0.002749,-0.007794,-0.935238
1640841566624689920,-1.870404,-0.398791,1.241195,0.354390,0.003208,-0.008548,-0.935053
1640841566627539968,-1.866682,-0.398365,1.238375,0.354982,0.003787,-0.009500,-0.934817
1640841566630039808,-1.863419,-0.397992,1.235905,0.355499,0.004286,-0.010328,-0.934610
1640841566633139968,-1.859375,-0.397529,1.232847,0.356135,0.004891,-0.011346,-0.934353
1640841566634820096,-1.857183,-0.397278,1.231192,0.356477,0.005214,-0.011894,-0.934214
1640841566637459968,-1.853741,-0.396883,1.228596,0.357014,0.005720,-0.012749,-0.933995
1640841566639770112,-1.850731,-0.396537,1.226328,0.357483,0.006165,-0.013492,-0.933802
1640841566642669824,-1.846953,-0.396102,1.223485,0.358071,0.006727,-0.014421,-0.933559
1640841566644719872,-1.844284,-0.395795,1.221479,0.358486,0.007124,-0.015079,-0.933386
1640841566647519744,-1.840640,-0.395374,1.218744,0.359049,0.007661,-0.015987,-0.933150
1640841566650179840,-1.837180,-0.394973,1.216150,0.359578,0.008160,-0.016865,-0.932927
1640841566653679872,-1.832631,-0.394445,1.212744,0.360267,0.008803,-0.018033,-0.932633
1640841566654739968,-1.831254,-0.394285,1.211714,0.360474,0.008997,-0.018387,-0.932545
1640841566657489920,-1.827683,-0.393868,1.209046,0.361007,0.009499,-0.019304,-0.932315
1640841566659739904,-1.824763,-0.393526,1.206867,0.361440,0.009911,-0.020046,-0.932127
1640841566662540032,-1.821131,-0.393100,1.204161,0.361978,0.010424,-0.020963,-0.931893
1640841566665239808,-1.817632,-0.392688,1.201556,0.362497,0.010912,-0.021845,-0.931665
1640841566669220096,-1.812478,-0.392077,1.197727,0.363271,0.011608,-0.023152,-0.931323
1640841566669879808,-1.811624,-0.391976,1.197093,0.363401,0.011719,-0.023371,-0.931266
1640841566672469760,-1.808274,-0.391576,1.194609,0.363917,0.012143,-0.024236,-0.931037
1640841566674769920,-1.805301,-0.391221,1.192407,0.364377,0.012505,-0.025005,-0.930832
1640841566677619968,-1.801620,-0.390778,1.189684,0.364944,0.012942,-0.025938,-0.930578
1640841566679739904,-1.798884,-0.390448,1.187662,0.365357,0.013262,-0.026606,-0.930393
1640841566682919936,-1.794784,-0.389950,1.184637,0.365967,0.013732,-0.027569,-0.930118
1640841566684999936,-1.792104,-0.389623,1.182662,0.366363,0.014029,-0.028179,-0.929939
1640841566687500032,-1.788886,-0.389228,1.180294,0.366841,0.014372,-0.028897,-0.929724
1640841566689679872,-1.786082,-0.388882,1.178232,0.367264,0.014655,-0.029515,-0.929533
1640841566692529920,-1.782419,-0.388428,1.175543,0.367825,0.015004,-0.030313,-0.929280
1640841566694769920,-1.779543,-0.388070,1.173434,0.368269,0.015269,-0.030930,-0.929079
1640841566697659904,-1.775836,-0.387605,1.170719,0.368843,0.015609,-0.031707,-0.928820
1640841566699849728,-1.773030,-0.387251,1.168667,0.369274,0.015872,-0.032279,-0.928624
1640841566702710016,-1.769368,-0.386786,1.165993,0.369829,0.016222,-0.033006,-0.928371
1640841566706149888,-1.764970,-0.386223,1.162785,0.370484,0.016647,-0.033863,-0.928072
1640841566707480064,-1.763271,-0.386004,1.161548,0.370733,0.016811,-0.034194,-0.927958
1640841566709740032,-1.760386,-0.385630,1.159449,0.371149,0.017085,-0.034758,-0.927765
1640841566712590080,-1.756752,-0.385157,1.156808,0.371664,0.017423,-0.035476,-0.927526
1640841566715069952,-1.753593,-0.384742,1.154515,0.372108,0.017709,-0.036110,-0.927318
1640841566717509888,-1.750489,-0.384331,1.152266,0.372544,0.017981,-0.036743,-0.927112
1640841566720099840,-1.747198,-0.383892,1.149883,0.373012,0.018259,-0.037427,-0.926892
1640841566722789888,-1.743783,-0.383434,1.147415,0.373502,0.018537,-0.038147,-0.926659
1640841566724689920,-1.741374,-0.383108,1.145676,0.373850,0.018728,-0.038657,-0.926494
1640841566727449856,-1.737878,-0.382632,1.143156,0.374354,0.018996,-0.039393,-0.926254
1640841566729750016,-1.734969,-0.382232,1.141061,0.374770,0.019212,-0.039998,-0.926055
1640841566732819968,-1.731090,-0.381695,1.138272,0.375319,0.019492,-0.040790,-0.925792
1640841566734829824,-1.728554,-0.381341,1.136451,0.375674,0.019668,-0.041304,-0.925622
1640841566737619968,-1.725037,-0.380846,1.133929,0.376161,0.019903,-0.042019,-0.925387
1640841566739729920,-1.722381,-0.380469,1.132027,0.376524,0.020072,-0.042566,-0.925211
1640841566744649984,-1.716200,-0.379581,1.127609,0.377366,0.020442,-0.043853,-0.924799
1640841566745270016,-1.715422,-0.379468,1.127054,0.377473,0.020487,-0.044014,-0.924747
1640841566747639808,-1.712450,-0.379035,1.124935,0.377883,0.020655,-0.044626,-0.924547
1640841566749779968,-1.709771,-0.378641,1.123027,0.378259,0.020803,-0.045167,-0.924363
1640841566752879872,-1.705895,-0.378067,1.120270,0.378812,0.021009,-0.045928,-0.924095
1640841566754729984,-1.703585,-0.377721,1.118630,0.379143,0.021121,-0.046367,-0.923934
1640841566757649920,-1.699944,-0.377172,1.116047,0.379662,0.021274,-0.047035,-0.923684
1640841566759670016,-1.697428,-0.376789,1.114266,0.380016,0.021358,-0.047478,-0.923513
1640841566762739968,-1.693611,-0.376202,1.111567,0.380549,0.021461,-0.048128,-0.923258
1640841566764770048,-1.691090,-0.375811,1.109787,0.380899,0.021517,-0.048547,-0.923091
1640841566767539968,-1.687656,-0.375273,1.107365,0.381377,0.021587,-0.049109,-0.922862
1640841566769729792,-1.684945,-0.374845,1.105456,0.381758,0.021642,-0.049550,-0.922679
1640841566772509696,-1.681508,-0.374296,1.103039,0.382247,0.021715,-0.050109,-0.922445
1640841566774849792,-1.678620,-0.373831,1.101012,0.382659,0.021777,-0.050576,-0.922247
1640841566777469952,-1.675391,-0.373305,1.098748,0.383119,0.021844,-0.051091,-0.922026
1640841566780089856,-1.672168,-0.372776,1.096492,0.383574,0.021904,-0.051596,-0.921807
1640841566782779904,-1.668863,-0.372227,1.094182,0.384036,0.021963,-0.052108,-0.921585
1640841566784819968,-1.666361,-0.371807,1.092436,0.384384,0.022009,-0.052496,-0.921417
1640841566787539968,-1.663030,-0.371243,1.090115,0.384843,0.022075,-0.053018,-0.921194
1640841566789710080,-1.660377,-0.370790,1.088269,0.385205,0.022134,-0.053443,-0.921016
1640841566793599744,-1.655630,-0.369968,1.084972,0.385848,0.022258,-0.054227,-0.920698
1640841566795729920,-1.653036,-0.369514,1.083173,0.386195,0.022328,-0.054667,-0.920525
1640841566797489920,-1.650895,-0.369136,1.081691,0.386480,0.022382,-0.055032,-0.920383
1640841566799779840,-1.648114,-0.368641,1.079767,0.386845,0.022442,-0.055510,-0.920199
1640841566802479872,-1.644839,-0.368052,1.077507,0.387272,0.022499,-0.056074,-0.919984
1640841566804899840,-1.641910,-0.367520,1.075487,0.387653,0.022542,-0.056581,-0.919791
1640841566807539968,-1.638720,-0.366934,1.073292,0.388068,0.022586,-0.057136,-0.919581
1640841566809939968,-1.635825,-0.366397,1.071302,0.388448,0.022627,-0.057643,-0.919387
1640841566812480000,-1.632766,-0.365823,1.069204,0.388852,0.022668,-0.058179,-0.919182
1640841566814699776,-1.630097,-0.365318,1.067376,0.389205,0.022696,-0.058644,-0.919003
1640841566817499904,-1.626737,-0.364675,1.065078,0.389647,0.022717,-0.059222,-0.918777
1640841566819699968,-1.624101,-0.364165,1.063278,0.389992,0.022717,-0.059667,-0.918602
1640841566822459904,-1.620801,-0.363520,1.061029,0.390420,0.022695,-0.060211,-0.918386
1640841566824679936,-1.618151,-0.362997,1.059226,0.390763,0.022666,-0.060634,-0.918213
1640841566827659776,-1.614600,-0.362288,1.056814,0.391224,0.022619,-0.061182,-0.917981
1640841566829720064,-1.612150,-0.361793,1.055152,0.391544,0.022586,-0.061546,-0.917821
1640841566832890112,-1.608387,-0.361026,1.052605,0.392041,0.022536,-0.062084,-0.917574
1640841566834720000,-1.606219,-0.360579,1.051140,0.392328,0.022503,-0.062388,-0.917431
1640841566837469696,-1.602967,-0.359901,1.048946,0.392757,0.022440,-0.062840,-0.917218
1640841566839779840,-1.600240,-0.359327,1.047109,0.393114,0.022369,-0.063221,-0.917041
1640841566842809856,-1.596670,-0.358567,1.044710,0.393578,0.022255,-0.063723,-0.916810
1640841566844780032,-1.594353,-0.358069,1.043155,0.393879,0.022175,-0.064048,-0.916660
1640841566847559936,-1.591090,-0.357359,1.040969,0.394307,0.022062,-0.064500,-0.916447
1640841566852160000,-1.585705,-0.356170,1.037372,0.395028,0.021901,-0.065222,-0.916089
1640841566852630016,-1.585156,-0.356048,1.037006,0.395102,0.021886,-0.065294,-0.916053
1640841566854640128,-1.582810,-0.355521,1.035443,0.395418,0.021827,-0.065597,-0.915896
1640841566857600000,-1.579362,-0.354739,1.033150,0.395876,0.021745,-0.066035,-0.915668
1640841566859920128,-1.576665,-0.354120,1.031360,0.396226,0.021684,-0.066371,-0.915494
1640841566862479872,-1.573695,-0.353432,1.029393,0.396601,0.021616,-0.066739,-0.915307
1640841566864659968,-1.571171,-0.352840,1.027723,0.396918,0.021555,-0.067052,-0.915148
1640841566867899904,-1.567427,-0.351953,1.025252,0.397395,0.021455,-0.067525,-0.914908
1640841566869689856,-1.565362,-0.351459,1.023892,0.397666,0.021393,-0.067794,-0.914772
1640841566872480000,-1.562151,-0.350682,1.021781,0.398100,0.021288,-0.068224,-0.914554
1640841566874789888,-1.559497,-0.350033,1.020039,0.398459,0.021196,-0.068587,-0.914372
1640841566877519872,-1.556367,-0.349259,1.017989,0.398874,0.021087,-0.069021,-0.914162
1640841566879969792,-1.553564,-0.348558,1.016157,0.399227,0.020993,-0.069410,-0.913980
1640841566882439936,-1.550744,-0.347846,1.014318,0.399569,0.020899,-0.069800,-0.913803
1640841566884739840,-1.548123,-0.347177,1.012611,0.399882,0.020808,-0.070158,-0.913640
1640841566887480064,-1.545007,-0.346373,1.010586,0.400258,0.020688,-0.070576,-0.913447
1640841566889999872,-1.542148,-0.345626,1.008732,0.400612,0.020564,-0.070949,-0.913265
1640841566892519936,-1.539294,-0.344874,1.006886,0.400975,0.020427,-0.071314,-0.913080
1640841566894789888,-1.536729,-0.344190,1.005229,0.401305,0.020294,-0.071638,-0.912913
1640841566897509888,-1.533661,-0.343364,1.003252,0.401699,0.020129,-0.072025,-0.912713
1640841566899840000,-1.531039,-0.342650,1.001566,0.402030,0.019984,-0.072357,-0.912544
1640841566902669824,-1.527861,-0.341775,0.999527,0.402423,0.019806,-0.072761,-0.912343
1640841566904679936,-1.525609,-0.341149,0.998084,0.402698,0.019678,-0.073041,-0.912202
1640841566907480064,-1.522477,-0.340269,0.996083,0.403080,0.019492,-0.073410,-0.912007
1640841566909829888,-1.519855,-0.339524,0.994411,0.403404,0.019329,-0.073690,-0.911845
1640841566912499968,-1.516882,-0.338670,0.992519,0.403775,0.019135,-0.073980,-0.911661
1640841566914809856,-1.514315,-0.337925,0.990889,0.404100,0.018961,-0.074212,-0.911502
1640841566917879808,-1.510912,-0.336926,0.988733,0.404535,0.018723,-0.074505,-0.911290
1640841566919800064,-1.508788,-0.336296,0.987391,0.404809,0.018570,-0.074685,-0.911157
1640841566922560000,-1.505741,-0.335383,0.985469,0.405204,0.018348,-0.074943,-0.910965
1640841566924769792,-1.503306,-0.334646,0.983937,0.405520,0.018170,-0.075151,-0.910811
1640841566927419904,-1.500393,-0.333755,0.982107,0.405897,0.017958,-0.075403,-0.910626
1640841566929730048,-1.497860,-0.332972,0.980520,0.406224,0.017778,-0.075626,-0.910465
1640841566932519936,-1.494806,-0.332018,0.978611,0.406615,0.017567,-0.075899,-0.910272
1640841566935030016,-1.492066,-0.331152,0.976902,0.406962,0.017388,-0.076148,-0.910099
1640841566937680128,-1.489179,-0.330230,0.975106,0.407326,0.017210,-0.076413,-0.909918
1640841566939839744,-1.486831,-0.329472,0.973648,0.407620,0.017075,-0.076629,-0.909770
1640841566942519808,-1.483924,-0.328525,0.971848,0.407983,0.016922,-0.076900,-0.909588
1640841566944699904,-1.481564,-0.327748,0.970390,0.408276,0.016805,-0.077123,-0.909440
1640841566947569920,-1.478465,-0.326717,0.968479,0.408662,0.016656,-0.077425,-0.909243
1640841566949920000,-1.475933,-0.325866,0.966923,0.408980,0.016535,-0.077682,-0.909080
1640841566952569856,-1.473084,-0.324897,0.965175,0.409340,0.016395,-0.077983,-0.908895
1640841566955219968,-1.470242,-0.323921,0.963436,0.409700,0.016254,-0.078297,-0.908709
1640841566957509888,-1.467792,-0.323070,0.961941,0.410009,0.016131,-0.078576,-0.908547
1640841566959709952,-1.465443,-0.322247,0.960510,0.410302,0.016012,-0.078852,-0.908393
1640841566962469888,-1.462502,-0.321207,0.958724,0.410665,0.015861,-0.079203,-0.908201
1640841566964759808,-1.460068,-0.320336,0.957249,0.410964,0.015735,-0.079494,-0.908043
1640841566967469824,-1.457193,-0.319298,0.955511,0.411316,0.015583,-0.079831,-0.907857
1640841566970409984,-1.454083,-0.318161,0.953637,0.411697,0.015414,-0.080181,-0.907656
1640841566972819968,-1.451540,-0.317221,0.952108,0.412010,0.015271,-0.080453,-0.907492
1640841566974749952,-1.449507,-0.316463,0.950889,0.412262,0.015154,-0.080665,-0.907361
1640841566977730048,-1.446375,-0.315285,0.949017,0.412651,0.014969,-0.080985,-0.907158
1640841566979679744,-1.444331,-0.314507,0.947797,0.412907,0.014844,-0.081192,-0.907025
1640841566982909952,-1.440953,-0.313209,0.945787,0.413333,0.014631,-0.081530,-0.906805
1640841566986029824,-1.437699,-0.311943,0.943858,0.413744,0.014418,-0.081841,-0.906592
1640841566987759872,-1.435898,-0.311235,0.942793,0.413972,0.014296,-0.082004,-0.906476
1640841566989959936,-1.433613,-0.310330,0.941445,0.414261,0.014139,-0.082198,-0.906329
1640841566992470016,-1.431012,-0.309290,0.939914,0.414591,0.013957,-0.082402,-0.906162
1640841566994729984,-1.428675,-0.308347,0.938542,0.414890,0.013790,-0.082572,-0.906012
1640841566997479936,-1.425837,-0.307190,0.936881,0.415257,0.013586,-0.082765,-0.905830
1640841567000189952,-1.423048,-0.306041,0.935254,0.415625,0.013383,-0.082942,-0.905647
1640841567002759936,-1.420410,-0.304943,0.933719,0.415980,0.013191,-0.083100,-0.905473
1640841567005100032,-1.418013,-0.303935,0.932328,0.416306,0.013017,-0.083235,-0.905313
1640841567009709824,-1.413307,-0.301929,0.929609,0.416955,0.012674,-0.083473,-0.904997
1640841567010579712,-1.412421,-0.301548,0.929098,0.417078,0.012610,-0.083515,-0.904938
1640841567012499712,-1.410469,-0.300702,0.927976,0.417348,0.012469,-0.083606,-0.904807
1640841567014710016,-1.408225,-0.299723,0.926689,0.417657,0.012311,-0.083714,-0.904656
1640841567017609728,-1.405289,-0.298428,0.925009,0.418056,0.012113,-0.083870,-0.904460
1640841567019889920,-1.402986,-0.297402,0.923696,0.418362,0.011967,-0.084012,-0.904307
1640841567022990080,-1.399863,-0.295996,0.921921,0.418770,0.011783,-0.084231,-0.904101
1640841567026719744,-1.396117,-0.294288,0.919801,0.419255,0.011585,-0.084510,-0.903852
1640841567027429888,-1.395406,-0.293961,0.919399,0.419348,0.011551,-0.084562,-0.903805
1640841567029959936,-1.392874,-0.292789,0.917973,0.419683,0.011435,-0.084740,-0.903634
1640841567032499968,-1.390339,-0.291604,0.916549,0.420023,0.011324,-0.084910,-0.903462
1640841567034939904,-1.387909,-0.290458,0.915188,0.420349,0.011216,-0.085069,-0.903296
1640841567037539840,-1.385326,-0.289228,0.913747,0.420695,0.011092,-0.085238,-0.903121
1640841567039759872,-1.383126,-0.288170,0.912523,0.420986,0.010973,-0.085385,-0.902973
1640841567042549760,-1.380367,-0.286831,0.910993,0.421348,0.010810,-0.085574,-0.902788
1640841567044760064,-1.378187,-0.285763,0.909787,0.421633,0.010675,-0.085728,-0.902642
1640841567047520000,-1.375471,-0.284420,0.908291,0.421992,0.010506,-0.085922,-0.902458
1640841567049959936,-1.373076,-0.283224,0.906975,0.422313,0.010362,-0.086096,-0.902293
1640841567052499968,-1.370589,-0.281971,0.905613,0.422652,0.010219,-0.086278,-0.902118
1640841567054779904,-1.368361,-0.280838,0.904398,0.422958,0.010095,-0.086438,-0.901960
1640841567057609984,-1.365603,-0.279422,0.902897,0.423338,0.009939,-0.086626,-0.901766
1640841567059820032,-1.363455,-0.278308,0.901733,0.423633,0.009814,-0.086761,-0.901616
1640841567062449920,-1.360904,-0.276974,0.900355,0.423982,0.009656,-0.086907,-0.901440
1640841567065100032,-1.358340,-0.275621,0.898974,0.424335,0.009487,-0.087041,-0.901262
1640841567068039936,-1.355503,-0.274107,0.897453,0.424732,0.009284,-0.087176,-0.901064
1640841567069700096,-1.353905,-0.273248,0.896598,0.424961,0.009162,-0.087247,-0.900951
1640841567072460032,-1.351253,-0.271810,0.895185,0.425351,0.008945,-0.087358,-0.900758
1640841567075789824,-1.348064,-0.270060,0.893492,0.425834,0.008679,-0.087481,-0.900521
1640841567077539840,-1.346392,-0.269135,0.892608,0.426089,0.008548,-0.087541,-0.900395
1640841567080989952,-1.343104,-0.267298,0.890875,0.426592,0.008330,-0.087650,-0.900149
1640841567083309824,-1.340899,-0.266053,0.889718,0.426928,0.008208,-0.087716,-0.899984
1640841567086040064,-1.338311,-0.264578,0.888364,0.427320,0.008081,-0.087789,-0.899792
1640841567087440128,-1.336986,-0.263818,0.887674,0.427519,0.008019,-0.087825,-0.899694
1640841567089779968,-1.334776,-0.262541,0.886524,0.427851,0.007918,-0.087884,-0.899531
1640841567092499968,-1.332214,-0.261047,0.885197,0.428235,0.007799,-0.087956,-0.899343
1640841567094799872,-1.330053,-0.259775,0.884081,0.428560,0.007696,-0.088026,-0.899182
1640841567097580032,-1.327447,-0.258228,0.882741,0.428954,0.007568,-0.088129,-0.898985
1640841567099879936,-1.325296,-0.256939,0.881639,0.429283,0.007456,-0.088235,-0.898819
1640841567103340032,-1.322070,-0.254987,0.879993,0.429781,0.007286,-0.088425,-0.898563
1640841567104729856,-1.320777,-0.254197,0.879336,0.429981,0.007220,-0.088507,-0.898460
1640841567107489792,-1.318215,-0.252622,0.878037,0.430377,0.007097,-0.088675,-0.898255
1640841567109819904,-1.316058,-0.251283,0.876948,0.430707,0.007006,-0.088814,-0.898084
1640841567112560128,-1.313527,-0.249699,0.875675,0.431091,0.006912,-0.088972,-0.897885
1640841567115289856,-1.311012,-0.248110,0.874416,0.431472,0.006825,-0.089121,-0.897688
1640841567117539840,-1.308945,-0.246792,0.873384,0.431785,0.006754,-0.089238,-0.897526
1640841567119869952,-1.306809,-0.245420,0.872322,0.432111,0.006676,-0.089350,-0.897359
1640841567122629888,-1.304285,-0.243784,0.871073,0.432499,0.006574,-0.089477,-0.897160
1640841567124689920,-1.302405,-0.242556,0.870146,0.432791,0.006490,-0.089569,-0.897010
1640841567127569920,-1.299784,-0.240828,0.868858,0.433204,0.006357,-0.089699,-0.896799
1640841567129809920,-1.297751,-0.239476,0.867863,0.433530,0.006239,-0.089803,-0.896631
1640841567132659968,-1.295171,-0.237745,0.866605,0.433951,0.006074,-0.089940,-0.896416
1640841567134820096,-1.293220,-0.236426,0.865658,0.434271,0.005950,-0.090041,-0.896251
1640841567137539840,-1.290769,-0.234754,0.864473,0.434676,0.005804,-0.090158,-0.896044
1640841567139719936,-1.288810,-0.233406,0.863529,0.435000,0.005706,-0.090239,-0.895879
1640841567142520064,-1.286300,-0.231665,0.862325,0.435415,0.005604,-0.090326,-0.895669
1640841567145009920,-1.284073,-0.230107,0.861261,0.435784,0.005523,-0.090393,-0.895484
1640841567147559936,-1.281799,-0.228502,0.860179,0.436162,0.005440,-0.090457,-0.895294
1640841567150759936,-1.278953,-0.226475,0.858832,0.436638,0.005318,-0.090540,-0.895054
1640841567152410112,-1.277489,-0.225423,0.858142,0.436885,0.005247,-0.090587,-0.894929
1640841567154799872,-1.275374,-0.223893,0.857148,0.437243,0.005138,-0.090661,-0.894747
1640841567157459968,-1.273025,-0.222180,0.856049,0.437641,0.005019,-0.090755,-0.894544
1640841567159729920,-1.271025,-0.220710,0.855117,0.437981,0.004926,-0.090848,-0.894368
1640841567162579968,-1.268521,-0.218854,0.853955,0.438406,0.004825,-0.090980,-0.894147
1640841567164759808,-1.266611,-0.217426,0.853073,0.438731,0.004759,-0.091085,-0.893978
1640841567167559936,-1.264163,-0.215581,0.851947,0.439147,0.004687,-0.091219,-0.893760
1640841567170230016,-1.261836,-0.213811,0.850882,0.439542,0.004630,-0.091337,-0.893554
1640841567172479744,-1.259879,-0.212312,0.849990,0.439874,0.004588,-0.091430,-0.893381
1640841567176299776,-1.256568,-0.209748,0.848489,0.440442,0.004515,-0.091585,-0.893086
1640841567177680128,-1.255375,-0.208817,0.847950,0.440650,0.004484,-0.091644,-0.892978
1640841567179729920,-1.253606,-0.207428,0.847154,0.440960,0.004433,-0.091738,-0.892815
1640841567182560000,-1.251170,-0.205501,0.846063,0.441393,0.004350,-0.091877,-0.892587
1640841567184969984,-1.249101,-0.203850,0.845141,0.441763,0.004271,-0.091999,-0.892392
1640841567187899904,-1.246592,-0.201832,0.844028,0.442211,0.004170,-0.092144,-0.892156
1640841567189740032,-1.245020,-0.200558,0.843333,0.442490,0.004105,-0.092230,-0.892009
1640841567192430080,-1.242728,-0.198686,0.842325,0.442896,0.004008,-0.092346,-0.891795
1640841567194759936,-1.240748,-0.197056,0.841458,0.443249,0.003925,-0.092438,-0.891611
1640841567197479936,-1.238443,-0.195143,0.840453,0.443665,0.003827,-0.092536,-0.891394
1640841567199769856,-1.236506,-0.193524,0.839613,0.444021,0.003745,-0.092609,-0.891210
1640841567202509824,-1.234196,-0.191576,0.838615,0.444454,0.003648,-0.092686,-0.890986
1640841567205039872,-1.232069,-0.189768,0.837701,0.444858,0.003557,-0.092745,-0.890779
1640841567207650048,-1.229880,-0.187893,0.836765,0.445274,0.003461,-0.092794,-0.890566
1640841567209829888,-1.228056,-0.186319,0.835989,0.445619,0.003378,-0.092824,-0.890391
1640841567212579840,-1.225761,-0.184323,0.835017,0.446053,0.003270,-0.092853,-0.890171
1640841567214769920,-1.223939,-0.182726,0.834249,0.446399,0.003181,-0.092874,-0.889996
1640841567217440000,-1.221723,-0.180769,0.833319,0.446823,0.003071,-0.092906,-0.889780
1640841567219810048,-1.219760,-0.179023,0.832500,0.447203,0.002971,-0.092946,-0.889585
1640841567223039744,-1.217094,-0.176629,0.831393,0.447728,0.002837,-0.093022,-0.889314
1640841567224689920,-1.215736,-0.175401,0.830831,0.447996,0.002774,-0.093066,-0.889174
1640841567227529984,-1.213403,-0.173277,0.829872,0.448457,0.002682,-0.093147,-0.888934
1640841567229809920,-1.211536,-0.171563,0.829107,0.448821,0.002630,-0.093210,-0.888743
1640841567232430080,-1.209396,-0.169584,0.828236,0.449236,0.002589,-0.093281,-0.888527
1640841567234789888,-1.207473,-0.167793,0.827457,0.449607,0.002559,-0.093343,-0.888332
1640841567237439744,-1.205320,-0.165772,0.826589,0.450024,0.002521,-0.093414,-0.888114
1640841567240329984,-1.202978,-0.163556,0.825650,0.450483,0.002460,-0.093493,-0.887872
1640841567243019776,-1.200806,-0.161482,0.824784,0.450914,0.002390,-0.093569,-0.887646
1640841567244809984,-1.199364,-0.160096,0.824212,0.451201,0.002341,-0.093620,-0.887495
1640841567247719936,-1.197025,-0.157832,0.823289,0.451668,0.002261,-0.093704,-0.887249
1640841567249709824,-1.195430,-0.156277,0.822663,0.451986,0.002211,-0.093762,-0.887081
1640841567252480000,-1.193215,-0.154103,0.821797,0.452429,0.002149,-0.093842,-0.886847
1640841567254880000,-1.191302,-0.152210,0.821054,0.452814,0.002099,-0.093908,-0.886643
1640841567257710080,-1.189053,-0.149966,0.820185,0.453271,0.002036,-0.093978,-0.886402
1640841567259990016,-1.187246,-0.148150,0.819490,0.453645,0.001979,-0.094027,-0.886206
1640841567262480128,-1.185277,-0.146158,0.818738,0.454057,0.001909,-0.094071,-0.885991
1640841567264740096,-1.183495,-0.144342,0.818060,0.454434,0.001839,-0.094098,-0.885794
1640841567267419904,-1.181388,-0.142179,0.817263,0.454882,0.001750,-0.094113,-0.885563
1640841567270249728,-1.179169,-0.139883,0.816429,0.455355,0.001650,-0.094106,-0.885321
1640841567272559872,-1.177363,-0.138000,0.815754,0.455741,0.001566,-0.094088,-0.885124
1640841567278829824,-1.172486,-0.132850,0.813948,0.456803,0.001338,-0.094032,-0.884583
1640841567279629824,-1.171866,-0.132188,0.813720,0.456940,0.001310,-0.094028,-0.884513
1640841567280349952,-1.171308,-0.131592,0.813516,0.457065,0.001286,-0.094025,-0.884449
1640841567282719744,-1.169476,-0.129625,0.812847,0.457477,0.001210,-0.094019,-0.884236
1640841567284679936,-1.167965,-0.127992,0.812298,0.457822,0.001155,-0.094015,-0.884058
1640841567287689984,-1.165651,-0.125472,0.811461,0.458358,0.001087,-0.094005,-0.883782
1640841567289860096,-1.163987,-0.123647,0.810863,0.458748,0.001055,-0.093990,-0.883581
1640841567293110016,-1.161503,-0.120902,0.809977,0.459337,0.001029,-0.093957,-0.883278
1640841567294909952,-1.160131,-0.119374,0.809490,0.459664,0.001021,-0.093935,-0.883110
1640841567297649920,-1.158049,-0.117040,0.808755,0.460162,0.001012,-0.093902,-0.882855
1640841567299729920,-1.156472,-0.115261,0.808202,0.460538,0.001002,-0.093880,-0.882661
1640841567302419968,-1.154438,-0.112950,0.807492,0.461022,0.000984,-0.093860,-0.882411
1640841567304790016,-1.152651,-0.110905,0.806873,0.461446,0.000966,-0.093852,-0.882189
1640841567307610112,-1.150531,-0.108461,0.806142,0.461952,0.000950,-0.093859,-0.881924
1640841567309769984,-1.148912,-0.106581,0.805588,0.462340,0.000945,-0.093880,-0.881718
1640841567312599808,-1.146797,-0.104108,0.804868,0.462850,0.000949,-0.093925,-0.881446
1640841567314729984,-1.145210,-0.102238,0.804331,0.463233,0.000958,-0.093969,-0.881240
1640841567317420032,-1.143210,-0.099868,0.803659,0.463715,0.000975,-0.094033,-0.880980
1640841567319789824,-1.141454,-0.097771,0.803072,0.464135,0.000992,-0.094094,-0.880752
1640841567322549760,-1.139414,-0.095318,0.802395,0.464620,0.001014,-0.094168,-0.880488
1640841567324829696,-1.137734,-0.093283,0.801841,0.465019,0.001035,-0.094228,-0.880271
1640841567327450112,-1.135809,-0.090936,0.801210,0.465478,0.001063,-0.094295,-0.880021
1640841567329860096,-1.134043,-0.088767,0.800635,0.465903,0.001094,-0.094352,-0.879790
1640841567332699904,-1.131968,-0.086201,0.799964,0.466406,0.001132,-0.094411,-0.879517
1640841567334720000,-1.130496,-0.084369,0.799491,0.466766,0.001154,-0.094450,-0.879322
1640841567338019840,-1.128099,-0.081362,0.798727,0.467353,0.001167,-0.094505,-0.879004
1640841567339809792,-1.126803,-0.079725,0.798316,0.467670,0.001158,-0.094531,-0.878833
1640841567342589952,-1.124795,-0.077173,0.797683,0.468162,0.001123,-0.094563,-0.878567
1640841567344770048,-1.123224,-0.075163,0.797192,0.468549,0.001085,-0.094577,-0.878360
1640841567347419904,-1.121321,-0.072711,0.796600,0.469024,0.001037,-0.094574,-0.878107
1640841567349900032,-1.119544,-0.070408,0.796052,0.469474,0.000997,-0.094548,-0.877869
1640841567352470016,-1.117709,-0.068011,0.795489,0.469947,0.000966,-0.094497,-0.877621
1640841567356039936,-1.115167,-0.064665,0.794717,0.470608,0.000927,-0.094406,-0.877277
1640841567357410048,-1.114195,-0.063376,0.794424,0.470860,0.000909,-0.094371,-0.877146
1640841567359789824,-1.112509,-0.061131,0.793918,0.471294,0.000870,-0.094318,-0.876918
1640841567362560000,-1.110553,-0.058507,0.793335,0.471794,0.000813,-0.094267,-0.876655
1640841567364729856,-1.109025,-0.056444,0.792882,0.472184,0.000764,-0.094232,-0.876448
1640841567367450112,-1.107114,-0.053849,0.792321,0.472673,0.000701,-0.094193,-0.876189
1640841567370259968,-1.105147,-0.051156,0.791747,0.473180,0.000642,-0.094152,-0.875920
1640841567372869888,-1.103325,-0.048645,0.791220,0.473652,0.000593,-0.094115,-0.875669
1640841567374869760,-1.101933,-0.046714,0.790820,0.474013,0.000563,-0.094089,-0.875476
1640841567378719744,-1.099261,-0.042980,0.790059,0.474702,0.000524,-0.094044,-0.875108
1640841567379840000,-1.098486,-0.041890,0.789839,0.474900,0.000519,-0.094033,-0.875002
1640841567382579968,-1.096594,-0.039216,0.789307,0.475381,0.000515,-0.094010,-0.874743
1640841567384800000,-1.095065,-0.037041,0.788880,0.475769,0.000517,-0.093996,-0.874533
1640841567387640064,-1.093115,-0.034249,0.788340,0.476267,0.000520,-0.093982,-0.874264
1640841567390199808,-1.091362,-0.031723,0.787858,0.476718,0.000518,-0.093972,-0.874019
1640841567392469760,-1.089812,-0.029474,0.787435,0.477122,0.000511,-0.093966,-0.873799
1640841567394860032,-1.088185,-0.027099,0.786994,0.477547,0.000500,-0.093960,-0.873567
1640841567397440000,-1.086432,-0.024526,0.786523,0.478007,0.000486,-0.093953,-0.873317
1640841567402289920,-1.083152,-0.019664,0.785651,0.478862,0.000459,-0.093932,-0.872850
1640841567404290048,-1.081804,-0.017649,0.785297,0.479212,0.000441,-0.093920,-0.872659
1640841567405040128,-1.081300,-0.016892,0.785165,0.479343,0.000432,-0.093915,-0.872588
1640841567408179968,-1.079192,-0.013715,0.784616,0.479891,0.000379,-0.093891,-0.872290
1640841567410589952,-1.077579,-0.011266,0.784200,0.480310,0.000317,-0.093868,-0.872061
1640841567412509952,-1.076297,-0.009310,0.783871,0.480645,0.000257,-0.093845,-0.871879
1640841567414779904,-1.074785,-0.006991,0.783486,0.481041,0.000178,-0.093809,-0.871665
1640841567417510144,-1.072971,-0.004192,0.783028,0.481519,0.000078,-0.093751,-0.871407
1640841567419919872,-1.071374,-0.001712,0.782628,0.481944,-0.000009,-0.093683,-0.871180
1640841567422479872,-1.069683,0.000930,0.782208,0.482396,-0.000101,-0.093595,-0.870939
1640841567425099776,-1.067957,0.003644,0.781783,0.482859,-0.000200,-0.093494,-0.870693
1640841567427459840,-1.066406,0.006097,0.781404,0.483274,-0.000298,-0.093400,-0.870473
1640841567429789952,-1.064879,0.008526,0.781034,0.483681,-0.000405,-0.093306,-0.870257
1640841567432619776,-1.063029,0.011486,0.780589,0.484172,-0.000548,-0.093191,-0.869996
1640841567435649792,-1.061055,0.014668,0.780119,0.484696,-0.000705,-0.093061,-0.869718
1640841567437530112,-1.059833,0.016648,0.779830,0.485023,-0.000799,-0.092972,-0.869545
1640841567439940096,-1.058271,0.019194,0.779464,0.485444,-0.000911,-0.092847,-0.869323
1640841567442779904,-1.056435,0.022204,0.779037,0.485944,-0.001029,-0.092682,-0.869061
1640841567444839936,-1.055106,0.024394,0.778731,0.486308,-0.001107,-0.092553,-0.868871
1640841567447559936,-1.053357,0.027294,0.778331,0.486789,-0.001201,-0.092376,-0.868621
1640841567450549760,-1.051440,0.030494,0.777896,0.487315,-0.001298,-0.092177,-0.868347
1640841567452539904,-1.050167,0.032630,0.777611,0.487664,-0.001360,-0.092044,-0.868165
1640841567454789888,-1.048731,0.035052,0.777290,0.488057,-0.001429,-0.091896,-0.867959
1640841567458809856,-1.046175,0.039395,0.776727,0.488758,-0.001553,-0.091639,-0.867592
1640841567461050112,-1.044755,0.041824,0.776417,0.489148,-0.001624,-0.091504,-0.867386
1640841567462880000,-1.043597,0.043814,0.776166,0.489468,-0.001683,-0.091398,-0.867217
1640841567465039872,-1.042234,0.046168,0.775873,0.489846,-0.001753,-0.091277,-0.867016
1640841567467459840,-1.040710,0.048813,0.775548,0.490272,-0.001833,-0.091147,-0.866788
1640841567469809920,-1.039233,0.051388,0.775235,0.490688,-0.001910,-0.091027,-0.866566
1640841567472469760,-1.037567,0.054312,0.774886,0.491159,-0.001999,-0.090893,-0.866312
1640841567474989824,-1.035992,0.057091,0.774558,0.491604,-0.002086,-0.090762,-0.866073
1640841567477989888,-1.034123,0.060409,0.774174,0.492130,-0.002195,-0.090597,-0.865792
1640841567479899904,-1.032935,0.062528,0.773931,0.492461,-0.002269,-0.090482,-0.865615
1640841567482679808,-1.031212,0.065620,0.773583,0.492939,-0.002384,-0.090301,-0.865362
1640841567484829952,-1.029882,0.068018,0.773316,0.493310,-0.002481,-0.090151,-0.865166
1640841567487449856,-1.028265,0.070948,0.772994,0.493766,-0.002610,-0.089958,-0.864925
1640841567489799936,-1.026818,0.073584,0.772709,0.494184,-0.002737,-0.089777,-0.864705
1640841567492669696,-1.025056,0.076812,0.772365,0.494703,-0.002904,-0.089545,-0.864431
1640841567495859968,-1.023104,0.080412,0.771988,0.495283,-0.003098,-0.089274,-0.864127
1640841567497560064,-1.022065,0.082336,0.771790,0.495590,-0.003203,-0.089123,-0.863966
1640841567499960064,-1.020603,0.085058,0.771512,0.496016,-0.003350,-0.088902,-0.863744
1640841567502799872,-1.018877,0.088288,0.771187,0.496507,-0.003517,-0.088626,-0.863489
1640841567504770048,-1.017682,0.090534,0.770965,0.496845,-0.003630,-0.088424,-0.863315
1640841567507529984,-1.016012,0.093690,0.770656,0.497321,-0.003783,-0.088123,-0.863071
1640841567509899776,-1.014582,0.096406,0.770394,0.497740,-0.003911,-0.087846,-0.862857
1640841567512589824,-1.012962,0.099498,0.770100,0.498226,-0.004052,-0.087516,-0.862610
1640841567515529984,-1.011197,0.102887,0.769783,0.498760,-0.004206,-0.087146,-0.862338
1640841567517529856,-1.009998,0.105199,0.769570,0.499120,-0.004311,-0.086895,-0.862154
1640841567519739904,-1.008677,0.107758,0.769337,0.499509,-0.004429,-0.086625,-0.861955
1640841567522589952,-1.006977,0.111068,0.769040,0.500000,-0.004582,-0.086288,-0.861704
1640841567524789760,-1.005668,0.113629,0.768813,0.500373,-0.004697,-0.086033,-0.861512
1640841567527579904,-1.004011,0.116886,0.768529,0.500844,-0.004835,-0.085713,-0.861269
1640841567530200064,-1.002459,0.119952,0.768265,0.501288,-0.004952,-0.085414,-0.861040
1640841567532480000,-1.001112,0.122626,0.768038,0.501676,-0.005044,-0.085152,-0.860840
1640841567534739968,-0.999779,0.125284,0.767816,0.502060,-0.005128,-0.084892,-0.860641
1640841567537459968,-0.998178,0.128489,0.767551,0.502520,-0.005219,-0.084577,-0.860403
1640841567539830016,-0.996787,0.131289,0.767323,0.502917,-0.005293,-0.084300,-0.860197
1640841567542569984,-0.995182,0.134534,0.767063,0.503374,-0.005375,-0.083977,-0.859961
1640841567545819904,-0.993283,0.138395,0.766758,0.503915,-0.005479,-0.083590,-0.859682
1640841567547680000,-0.992198,0.140609,0.766586,0.504226,-0.005546,-0.083367,-0.859521
1640841567549989888,-0.990854,0.143365,0.766374,0.504614,-0.005640,-0.083087,-0.859319
1640841567552620032,-0.989326,0.146509,0.766136,0.505060,-0.005762,-0.082762,-0.859088
1640841567555330048,-0.987756,0.149757,0.765893,0.505519,-0.005901,-0.082417,-0.858850
1640841567557489920,-0.986507,0.152351,0.765702,0.505884,-0.006019,-0.082131,-0.858662
1640841567560109824,-0.984995,0.155505,0.765473,0.506321,-0.006164,-0.081766,-0.858438
1640841567562700032,-0.983503,0.158630,0.765249,0.506749,-0.006313,-0.081387,-0.858220
1640841567564809984,-0.982291,0.161182,0.765068,0.507097,-0.006438,-0.081065,-0.858044
1640841567568659968,-0.980083,0.165848,0.764744,0.507738,-0.006684,-0.080450,-0.857721
1640841567569759744,-0.979454,0.167185,0.764652,0.507923,-0.006759,-0.080269,-0.857628
1640841567572489984,-0.977894,0.170506,0.764426,0.508387,-0.006951,-0.079810,-0.857394
1640841567575279872,-0.976303,0.173909,0.764199,0.508866,-0.007154,-0.079331,-0.857153
1640841567577489920,-0.975045,0.176610,0.764020,0.509246,-0.007316,-0.078946,-0.856961
1640841567580229888,-0.973489,0.179966,0.763802,0.509717,-0.007513,-0.078465,-0.856724
1640841567582439936,-0.972236,0.182678,0.763628,0.510095,-0.007666,-0.078075,-0.856533
1640841567585719808,-0.970381,0.186712,0.763372,0.510651,-0.007881,-0.077491,-0.856253
1640841567587569920,-0.969336,0.188992,0.763230,0.510960,-0.007994,-0.077160,-0.856097
1640841567589779968,-0.968091,0.191720,0.763062,0.511325,-0.008119,-0.076763,-0.855914
1640841567592460032,-0.966582,0.195035,0.762860,0.511761,-0.008260,-0.076279,-0.855695
1640841567596119808,-0.964528,0.199573,0.762588,0.512356,-0.008445,-0.075611,-0.855396
1640841567597979904,-0.963486,0.201885,0.762452,0.512662,-0.008543,-0.075268,-0.855242
1640841567599750144,-0.962495,0.204087,0.762323,0.512958,-0.008641,-0.074940,-0.855093
1640841567602520064,-0.960948,0.207540,0.762124,0.513425,-0.008800,-0.074422,-0.854856
1640841567604859904,-0.959643,0.210462,0.761958,0.513821,-0.008937,-0.073979,-0.854655
1640841567607719936,-0.958052,0.214040,0.761757,0.514303,-0.009103,-0.073431,-0.854411
1640841567611810048,-0.955781,0.219170,0.761475,0.514977,-0.009328,-0.072634,-0.854070
1640841567613560064,-0.954811,0.221370,0.761355,0.515262,-0.009422,-0.072289,-0.853926
1640841567614739968,-0.954158,0.222855,0.761276,0.515454,-0.009485,-0.072056,-0.853830
1640841567617440000,-0.952665,0.226257,0.761095,0.515894,-0.009633,-0.071521,-0.853607
1640841567620960000,-0.950724,0.230702,0.760862,0.516474,-0.009837,-0.070823,-0.853312
1640841567622380032,-0.949942,0.232498,0.760769,0.516711,-0.009924,-0.070541,-0.853191
1640841567625120000,-0.948435,0.235968,0.760592,0.517170,-0.010094,-0.069991,-0.852956
1640841567628009984,-0.946848,0.239636,0.760407,0.517658,-0.010277,-0.069402,-0.852706
1640841567629819904,-0.945856,0.241936,0.760293,0.517964,-0.010392,-0.069026,-0.852549
1640841567632509952,-0.944384,0.245360,0.760124,0.518420,-0.010561,-0.068457,-0.852316
1640841567634769920,-0.943149,0.248241,0.759985,0.518802,-0.010701,-0.067972,-0.852121
1640841567637609984,-0.941600,0.251868,0.759811,0.519280,-0.010873,-0.067357,-0.851876
1640841567639840000,-0.940385,0.254720,0.759676,0.519653,-0.011004,-0.066872,-0.851685
1640841567642969856,-0.938683,0.258729,0.759490,0.520175,-0.011183,-0.066184,-0.851418
1640841567644960000,-0.937603,0.261283,0.759372,0.520507,-0.011294,-0.065739,-0.851248
1640841567648789760,-0.935527,0.266205,0.759150,0.521151,-0.011505,-0.064853,-0.850919
1640841567649849856,-0.934953,0.267569,0.759089,0.521331,-0.011563,-0.064600,-0.850828
1640841567652639744,-0.933445,0.271164,0.758930,0.521807,-0.011713,-0.063923,-0.850585
1640841567654860032,-0.932247,0.274029,0.758804,0.522188,-0.011831,-0.063375,-0.850390
1640841567658919936,-0.930060,0.279277,0.758579,0.522884,-0.012037,-0.062370,-0.850033
1640841567660909824,-0.928989,0.281853,0.758470,0.523224,-0.012133,-0.061883,-0.849859
1640841567662540032,-0.928113,0.283966,0.758381,0.523501,-0.012209,-0.061486,-0.849716
1640841567665279744,-0.926643,0.287521,0.758234,0.523963,-0.012330,-0.060824,-0.849477
1640841567667480064,-0.925464,0.290380,0.758117,0.524330,-0.012420,-0.060297,-0.849287
1640841567669799936,-0.924222,0.293397,0.757995,0.524712,-0.012507,-0.059743,-0.849089
1640841567672539904,-0.922758,0.296966,0.757852,0.525158,-0.012599,-0.059091,-0.848857
1640841567674899712,-0.921498,0.300043,0.757731,0.525541,-0.012667,-0.058528,-0.848658
1640841567677959936,-0.919867,0.304039,0.757575,0.526040,-0.012738,-0.057794,-0.848398
1640841567679800064,-0.918887,0.306444,0.757483,0.526343,-0.012771,-0.057349,-0.848240
1640841567682419968,-0.917494,0.309873,0.757353,0.526782,-0.012806,-0.056709,-0.848010
1640841567684979968,-0.916134,0.313227,0.757227,0.527214,-0.012830,-0.056081,-0.847783
1640841567687599872,-0.914745,0.316664,0.757099,0.527659,-0.012851,-0.055440,-0.847548
1640841567690070016,-0.913436,0.319907,0.756981,0.528077,-0.012870,-0.054842,-0.847326
1640841567692719872,-0.912034,0.323391,0.756855,0.528523,-0.012891,-0.054206,-0.847088
1640841567694819840,-0.910924,0.326155,0.756756,0.528876,-0.012907,-0.053701,-0.846900
1640841567697540096,-0.909487,0.329738,0.756630,0.529331,-0.012920,-0.053036,-0.846658
1640841567700569856,-0.907889,0.333734,0.756491,0.529836,-0.012921,-0.052272,-0.846389
1640841567702419968,-0.906915,0.336177,0.756407,0.530145,-0.012913,-0.051792,-0.846225
1640841567704969984,-0.905573,0.339546,0.756293,0.530572,-0.012891,-0.051122,-0.845999
1640841567707619840,-0.904179,0.343050,0.756175,0.531019,-0.012855,-0.050419,-0.845761
1640841567710809856,-0.902504,0.347274,0.756035,0.531562,-0.012793,-0.049577,-0.845470
1640841567712460032,-0.901638,0.349461,0.755964,0.531845,-0.012755,-0.049145,-0.845318
1640841567714819840,-0.900400,0.352590,0.755862,0.532248,-0.012691,-0.048532,-0.845101
1640841567717519872,-0.898986,0.356174,0.755747,0.532703,-0.012609,-0.047838,-0.844855
1640841567720489984,-0.897431,0.360119,0.755623,0.533192,-0.012508,-0.047085,-0.844591
1640841567722439936,-0.896411,0.362712,0.755542,0.533506,-0.012432,-0.046592,-0.844420
1640841567724999936,-0.895073,0.366118,0.755437,0.533913,-0.012316,-0.045938,-0.844200
1640841567727639808,-0.893695,0.369634,0.755329,0.534329,-0.012171,-0.045247,-0.843977
1640841567730029824,-0.892447,0.372818,0.755233,0.534704,-0.012011,-0.044600,-0.843776
1640841567732489728,-0.891164,0.376099,0.755135,0.535089,-0.011823,-0.043915,-0.843571
1640841567735200000,-0.889752,0.379716,0.755028,0.535512,-0.011601,-0.043156,-0.843344
1640841567740880128,-0.886794,0.387304,0.754808,0.536402,-0.011155,-0.041641,-0.842861
1640841567741550080,-0.886445,0.388200,0.754783,0.536507,-0.011108,-0.041473,-0.842803
1640841567742629888,-0.885883,0.389645,0.754742,0.536677,-0.011033,-0.041203,-0.842709
1640841567744879872,-0.884713,0.392655,0.754656,0.537029,-0.010883,-0.040646,-0.842514
1640841567747510016,-0.883345,0.396176,0.754558,0.537439,-0.010710,-0.039982,-0.842286
1640841567749809920,-0.882150,0.399257,0.754473,0.537795,-0.010555,-0.039371,-0.842090
1640841567752480000,-0.880762,0.402836,0.754374,0.538205,-0.010364,-0.038610,-0.841865
1640841567755349760,-0.879271,0.406684,0.754270,0.538644,-0.010153,-0.037740,-0.841627
1640841567757449984,-0.878181,0.409502,0.754194,0.538966,-0.010001,-0.037084,-0.841452
1640841567760019968,-0.876846,0.412952,0.754103,0.539364,-0.009824,-0.036272,-0.841234
1640841567762480128,-0.875569,0.416255,0.754016,0.539750,-0.009670,-0.035499,-0.841021
1640841567764799744,-0.874365,0.419372,0.753934,0.540118,-0.009534,-0.034769,-0.840817
1640841567767709952,-0.872854,0.423284,0.753833,0.540578,-0.009373,-0.033844,-0.840561
1640841567770399744,-0.871457,0.426901,0.753740,0.540998,-0.009225,-0.032970,-0.840326
1640841567772489984,-0.870372,0.429713,0.753669,0.541320,-0.009107,-0.032279,-0.840147
1640841567774829824,-0.869158,0.432861,0.753589,0.541675,-0.008967,-0.031500,-0.839950
1640841567777890048,-0.867569,0.436981,0.753486,0.542132,-0.008764,-0.030487,-0.839694
1640841567779859968,-0.866545,0.439633,0.753420,0.542421,-0.008617,-0.029844,-0.839532
1640841567782529792,-0.865159,0.443229,0.753331,0.542808,-0.008394,-0.028996,-0.839314
1640841567784819968,-0.863969,0.446315,0.753256,0.543135,-0.008185,-0.028284,-0.839129
1640841567788579840,-0.862015,0.451382,0.753133,0.543667,-0.007843,-0.027115,-0.838826
1640841567790380032,-0.861079,0.453808,0.753074,0.543920,-0.007692,-0.026544,-0.838682
1640841567792450048,-0.860002,0.456599,0.753007,0.544211,-0.007528,-0.025879,-0.838515
1640841567794849792,-0.858753,0.459835,0.752930,0.544548,-0.007343,-0.025099,-0.838322
1640841567797539840,-0.857353,0.463463,0.752843,0.544928,-0.007136,-0.024220,-0.838103
1640841567799879936,-0.856134,0.466619,0.752768,0.545260,-0.006949,-0.023459,-0.837910
1640841567803579904,-0.854206,0.471610,0.752651,0.545784,-0.006638,-0.022264,-0.837604
1640841567805189888,-0.853366,0.473783,0.752600,0.546010,-0.006500,-0.021749,-0.837471
1640841567807510016,-0.852155,0.476913,0.752527,0.546332,-0.006298,-0.021014,-0.837281
1640841567810190080,-0.850756,0.480529,0.752442,0.546697,-0.006063,-0.020178,-0.837066
1640841567812509952,-0.849543,0.483659,0.752370,0.547007,-0.005861,-0.019462,-0.836881
1640841567814960128,-0.848262,0.486965,0.752293,0.547332,-0.005651,-0.018711,-0.836687
1640841567819449856,-0.845911,0.493022,0.752153,0.547934,-0.005280,-0.017333,-0.836325
1640841567820549888,-0.845335,0.494506,0.752119,0.548084,-0.005193,-0.016992,-0.836234
1640841567823289856,-0.843898,0.498202,0.752033,0.548462,-0.004984,-0.016140,-0.836005
1640841567824819968,-0.843095,0.500266,0.751986,0.548675,-0.004872,-0.015661,-0.835875
1640841567827440128,-0.841718,0.503800,0.751904,0.549040,-0.004691,-0.014834,-0.835651
1640841567829839872,-0.840456,0.507036,0.751829,0.549375,-0.004535,-0.014069,-0.835445
1640841567832599808,-0.839004,0.510757,0.751743,0.549758,-0.004371,-0.013180,-0.835209
1640841567835019776,-0.837728,0.514019,0.751668,0.550094,-0.004241,-0.012387,-0.835000
1640841567838680064,-0.835797,0.518951,0.751554,0.550604,-0.004076,-0.011155,-0.834682
1640841567839859968,-0.835173,0.520541,0.751517,0.550769,-0.004031,-0.010749,-0.834579
1640841567842419968,-0.833820,0.523989,0.751436,0.551130,-0.003947,-0.009852,-0.834352
1640841567844899840,-0.832506,0.527328,0.751358,0.551482,-0.003882,-0.008972,-0.834130
1640841567847610112,-0.831070,0.530976,0.751273,0.551869,-0.003824,-0.008007,-0.833883
1640841567849959936,-0.829822,0.534138,0.751199,0.552208,-0.003783,-0.007173,-0.833667
1640841567852640000,-0.828398,0.537743,0.751113,0.552597,-0.003742,-0.006228,-0.833417
1640841567855010048,-0.827136,0.540929,0.751038,0.552943,-0.003705,-0.005393,-0.833194
1640841567857559808,-0.825777,0.544356,0.750956,0.553317,-0.003659,-0.004494,-0.832951
1640841567859830016,-0.824566,0.547405,0.750883,0.553652,-0.003608,-0.003690,-0.832732
1640841567862479872,-0.823150,0.550963,0.750797,0.554042,-0.003536,-0.002750,-0.832476
1640841567864819968,-0.821897,0.554103,0.750720,0.554385,-0.003466,-0.001923,-0.832251
1640841567867549952,-0.820434,0.557764,0.750630,0.554777,-0.003378,-0.000973,-0.831992
1640841567869839872,-0.819205,0.560834,0.750555,0.555098,-0.003303,-0.000191,-0.831778
1640841567872819968,-0.817603,0.564826,0.750455,0.555506,-0.003207,0.000807,-0.831506
1640841567878119936,-0.814746,0.571918,0.750276,0.556230,-0.003057,0.002557,-0.831019
1640841567878870016,-0.814341,0.572921,0.750251,0.556334,-0.003039,0.002804,-0.830948
1640841567879799808,-0.813839,0.574164,0.750219,0.556464,-0.003017,0.003112,-0.830860
1640841567882989824,-0.812113,0.578425,0.750109,0.556917,-0.002954,0.004175,-0.830552
1640841567884849920,-0.811105,0.580908,0.750044,0.557184,-0.002920,0.004801,-0.830370
1640841567887499776,-0.809667,0.584443,0.749952,0.557564,-0.002875,0.005699,-0.830109
1640841567889789696,-0.808422,0.587496,0.749871,0.557890,-0.002835,0.006483,-0.829885
1640841567892480000,-0.806957,0.591079,0.749775,0.558268,-0.002789,0.007411,-0.829623
1640841567894840064,-0.805670,0.594219,0.749689,0.558597,-0.002756,0.008231,-0.829394
1640841567897600000,-0.804162,0.597889,0.749589,0.558979,-0.002732,0.009192,-0.829126
1640841567900049920,-0.802822,0.601143,0.749499,0.559317,-0.002726,0.010047,-0.828888
1640841567902449920,-0.801506,0.604328,0.749410,0.559649,-0.002733,0.010886,-0.828654
1640841567904899840,-0.800161,0.607576,0.749318,0.559991,-0.002746,0.011743,-0.828411
1640841567907449856,-0.798758,0.610954,0.749221,0.560352,-0.002759,0.012636,-0.828154
1640841567909920000,-0.797397,0.614222,0.749126,0.560708,-0.002768,0.013502,-0.827899
1640841567912459776,-0.795994,0.617579,0.749027,0.561081,-0.002771,0.014399,-0.827631
1640841567915599872,-0.794258,0.621724,0.748904,0.561547,-0.002769,0.015522,-0.827295
1640841567917449984,-0.793232,0.624164,0.748831,0.561822,-0.002767,0.016197,-0.827095
1640841567919889920,-0.791878,0.627378,0.748733,0.562184,-0.002765,0.017104,-0.826831
1640841567922509824,-0.790421,0.630826,0.748627,0.562570,-0.002764,0.018097,-0.826547
1640841567924769792,-0.789162,0.633796,0.748534,0.562900,-0.002762,0.018964,-0.826303
1640841567927579904,-0.787594,0.637485,0.748417,0.563307,-0.002754,0.020042,-0.826000
1640841567930019840,-0.786230,0.640684,0.748315,0.563657,-0.002742,0.020970,-0.825738
1640841567932489984,-0.784846,0.643918,0.748210,0.564010,-0.002724,0.021904,-0.825473
1640841567934840064,-0.783527,0.646992,0.748109,0.564347,-0.002703,0.022789,-0.825219
1640841567939159808,-0.781097,0.652631,0.747920,0.564975,-0.002654,0.024426,-0.824742
1640841567940039936,-0.780601,0.653778,0.747881,0.565105,-0.002644,0.024762,-0.824643
1640841567942449920,-0.779241,0.656917,0.747774,0.565467,-0.002612,0.025690,-0.824366
1640841567945519872,-0.777504,0.660910,0.747636,0.565931,-0.002559,0.026869,-0.824011
1640841567947520000,-0.776371,0.663507,0.747544,0.566229,-0.002510,0.027621,-0.823782
1640841567950820096,-0.774497,0.667785,0.747392,0.566702,-0.002394,0.028816,-0.823415
1640841567952459776,-0.773564,0.669908,0.747315,0.566931,-0.002321,0.029391,-0.823237
1640841567955610112,-0.771768,0.673981,0.747166,0.567364,-0.002156,0.030476,-0.822900
1640841567957939968,-0.770437,0.676988,0.747055,0.567684,-0.002017,0.031272,-0.822650
1640841567959810048,-0.769366,0.679398,0.746964,0.567942,-0.001897,0.031912,-0.822448
1640841567962439936,-0.767859,0.682783,0.746836,0.568310,-0.001718,0.032813,-0.822158
1640841567964839936,-0.766480,0.685867,0.746717,0.568652,-0.001548,0.033632,-0.821889
1640841567967549952,-0.764920,0.689343,0.746582,0.569046,-0.001352,0.034546,-0.821579
1640841567969839872,-0.763599,0.692275,0.746466,0.569386,-0.001184,0.035303,-0.821311
1640841567972569856,-0.762021,0.695766,0.746326,0.569798,-0.000986,0.036194,-0.820987
1640841567976140032,-0.759951,0.700320,0.746141,0.570341,-0.000733,0.037358,-0.820558
1640841567977679872,-0.759057,0.702281,0.746060,0.570574,-0.000627,0.037868,-0.820373
1640841567979840000,-0.757800,0.705028,0.745946,0.570897,-0.000481,0.038594,-0.820114
1640841567982470144,-0.756267,0.708366,0.745805,0.571287,-0.000310,0.039493,-0.819799
1640841567984819968,-0.754894,0.711344,0.745678,0.571634,-0.000165,0.040302,-0.819518
1640841567987899904,-0.753091,0.715239,0.745510,0.572089,0.000015,0.041363,-0.819148
1640841567989819904,-0.751964,0.717662,0.745404,0.572374,0.000119,0.042021,-0.818915
1640841567992709888,-0.750265,0.721303,0.745242,0.572807,0.000268,0.043000,-0.818562
1640841567994799872,-0.749033,0.723931,0.745124,0.573123,0.000374,0.043706,-0.818303
1640841567997409792,-0.747492,0.727207,0.744976,0.573524,0.000512,0.044590,-0.817974
1640841567999859712,-0.746041,0.730275,0.744834,0.573907,0.000651,0.045428,-0.817659
1640841568002579968,-0.744427,0.733675,0.744676,0.574335,0.000818,0.046365,-0.817306
1640841568005289984,-0.742816,0.737055,0.744516,0.574762,0.000994,0.047299,-0.816952
1640841568007449856,-0.741528,0.739743,0.744388,0.575097,0.001139,0.048039,-0.816673
1640841568010210048,-0.739879,0.743171,0.744222,0.575516,0.001329,0.048973,-0.816322
1640841568013389824,-0.737975,0.747110,0.744028,0.575986,0.001554,0.050034,-0.815926
1640841568014829824,-0.737110,0.748890,0.743940,0.576196,0.001661,0.050511,-0.815748
1640841568017499904,-0.735504,0.752185,0.743775,0.576584,0.001869,0.051398,-0.815418
1640841568019879936,-0.734069,0.755115,0.743626,0.576932,0.002069,0.052192,-0.815121
1640841568023030016,-0.732165,0.758984,0.743427,0.577397,0.002356,0.053249,-0.814722
1640841568024950016,-0.731002,0.761337,0.743304,0.577684,0.002538,0.053890,-0.814476
1640841568027609856,-0.729387,0.764589,0.743133,0.578083,0.002795,0.054763,-0.814133
1640841568029809920,-0.728048,0.767273,0.742990,0.578415,0.003006,0.055467,-0.813849
1640841568032419840,-0.726456,0.770450,0.742819,0.578809,0.003252,0.056274,-0.813513
1640841568034849792,-0.724970,0.773400,0.742658,0.579174,0.003482,0.057008,-0.813200
1640841568037560064,-0.723309,0.776683,0.742477,0.579577,0.003745,0.057819,-0.812855
1640841568039899904,-0.721871,0.779510,0.742319,0.579920,0.003983,0.058521,-0.812559
1640841568047259904,-0.717327,0.788358,0.741813,0.580967,0.004779,0.060728,-0.811645
1640841568048280064,-0.716695,0.789579,0.741742,0.581111,0.004889,0.061026,-0.811519
1640841568048600064,-0.716496,0.789962,0.741720,0.581156,0.004924,0.061118,-0.811479
1640841568049809920,-0.715745,0.791408,0.741635,0.581327,0.005054,0.061466,-0.811329
1640841568052409856,-0.714128,0.794510,0.741452,0.581696,0.005329,0.062200,-0.811007
1640841568054970112,-0.712531,0.797555,0.741269,0.582062,0.005598,0.062911,-0.810688
1640841568057499904,-0.710950,0.800556,0.741088,0.582425,0.005862,0.063612,-0.810371
1640841568060539904,-0.709044,0.804152,0.740867,0.582863,0.006182,0.064460,-0.809986
1640841568062429952,-0.707856,0.806381,0.740729,0.583137,0.006382,0.064995,-0.809745
1640841568064920064,-0.706287,0.809311,0.740546,0.583496,0.006646,0.065707,-0.809426
1640841568067419904,-0.704708,0.812245,0.740360,0.583853,0.006910,0.066429,-0.809108
1640841568069819904,-0.703189,0.815053,0.740180,0.584191,0.007158,0.067128,-0.808804
1640841568072509952,-0.701481,0.818191,0.739977,0.584562,0.007430,0.067916,-0.808467
1640841568075039744,-0.699871,0.821133,0.739784,0.584909,0.007685,0.068660,-0.808151
1640841568077619968,-0.698225,0.824125,0.739586,0.585266,0.007949,0.069419,-0.807825
1640841568080199936,-0.696574,0.827107,0.739386,0.585629,0.008222,0.070177,-0.807494
1640841568082459904,-0.695124,0.829712,0.739209,0.585953,0.008471,0.070839,-0.807199
1640841568085019904,-0.693478,0.832654,0.739007,0.586322,0.008761,0.071582,-0.806861
1640841568087450112,-0.691911,0.835438,0.738814,0.586673,0.009046,0.072281,-0.806541
1640841568089939712,-0.690301,0.838282,0.738615,0.587029,0.009345,0.072986,-0.806215
1640841568092499968,-0.688642,0.841197,0.738409,0.587389,0.009660,0.073699,-0.805884
1640841568095259904,-0.686848,0.844328,0.738184,0.587767,0.010012,0.074451,-0.805535
1640841568097410048,-0.685447,0.846760,0.738008,0.588055,0.010299,0.075025,-0.805268
1640841568099809792,-0.683879,0.849466,0.737810,0.588369,0.010636,0.075652,-0.804976
1640841568102560000,-0.682078,0.852557,0.737581,0.588718,0.011046,0.076353,-0.804648
1640841568104950016,-0.680508,0.855234,0.737381,0.589016,0.011421,0.076953,-0.804368
1640841568112009984,-0.675848,0.863090,0.736780,0.589886,0.012600,0.078732,-0.803540
1640841568112599808,-0.675457,0.863743,0.736729,0.589959,0.012702,0.078883,-0.803470
1640841568113390080,-0.674933,0.864617,0.736661,0.590057,0.012840,0.079086,-0.803376
1640841568115749888,-0.673365,0.867221,0.736456,0.590349,0.013251,0.079694,-0.803095
1640841568117399808,-0.672266,0.869037,0.736312,0.590553,0.013541,0.080119,-0.802897
1640841568119899904,-0.670597,0.871779,0.736093,0.590860,0.013979,0.080760,-0.802600
1640841568122909952,-0.668583,0.875069,0.735827,0.591225,0.014502,0.081521,-0.802245
1640841568125249792,-0.667012,0.877616,0.735618,0.591506,0.014904,0.082100,-0.801971
1640841568127499776,-0.665497,0.880057,0.735416,0.591774,0.015285,0.082645,-0.801711
1640841568130019840,-0.663797,0.882781,0.735188,0.592072,0.015704,0.083235,-0.801421
1640841568132499968,-0.662119,0.885452,0.734962,0.592363,0.016105,0.083794,-0.801140
1640841568134850048,-0.660525,0.887974,0.734747,0.592638,0.016480,0.084307,-0.800875
1640841568137600000,-0.658654,0.890913,0.734492,0.592965,0.016921,0.084908,-0.800560
1640841568139959808,-0.657044,0.893426,0.734273,0.593254,0.017313,0.085442,-0.800281
1640841568143089920,-0.654902,0.896744,0.733979,0.593649,0.017857,0.086191,-0.799896
1640841568145249792,-0.653420,0.899024,0.733775,0.593924,0.018240,0.086722,-0.799626
1640841568147609856,-0.651796,0.901507,0.733550,0.594219,0.018655,0.087301,-0.799334
1640841568149779968,-0.650299,0.903782,0.733343,0.594480,0.019023,0.087819,-0.799074
1640841568152489984,-0.648425,0.906611,0.733081,0.594791,0.019462,0.088442,-0.798763
1640841568155549952,-0.646302,0.909790,0.732784,0.595129,0.019940,0.089122,-0.798424
1640841568157459968,-0.644973,0.911767,0.732597,0.595337,0.020234,0.089540,-0.798215
1640841568160079872,-0.643146,0.914468,0.732339,0.595626,0.020642,0.090112,-0.797925
1640841568162599936,-0.641383,0.917055,0.732089,0.595909,0.021043,0.090666,-0.797640
1640841568166710016,-0.638497,0.921249,0.731677,0.596377,0.021726,0.091575,-0.797168
1640841568167399936,-0.638012,0.921950,0.731608,0.596455,0.021845,0.091727,-0.797089
1640841568170019840,-0.636164,0.924606,0.731343,0.596751,0.022310,0.092306,-0.796788
1640841568172839936,-0.634169,0.927450,0.731055,0.597064,0.022827,0.092921,-0.796467
1640841568178040064,-0.630474,0.932658,0.730519,0.597625,0.023786,0.094011,-0.795890
1640841568178619904,-0.630061,0.933236,0.730459,0.597686,0.023891,0.094127,-0.795827
1640841568179889920,-0.629154,0.934499,0.730327,0.597819,0.024119,0.094378,-0.795691
1640841568182659840,-0.627173,0.937244,0.730037,0.598104,0.024608,0.094906,-0.795398
1640841568184859904,-0.625595,0.939414,0.729805,0.598330,0.024991,0.095310,-0.795169
1640841568188009984,-0.623329,0.942506,0.729471,0.598655,0.025534,0.095865,-0.794840
1640841568189809920,-0.622030,0.944264,0.729278,0.598843,0.025844,0.096171,-0.794651
1640841568192790016,-0.619875,0.947162,0.728958,0.599160,0.026359,0.096666,-0.794335
1640841568194840064,-0.618388,0.949146,0.728737,0.599379,0.026716,0.096998,-0.794117
1640841568198089728,-0.616024,0.952275,0.728383,0.599726,0.027287,0.097517,-0.793772
1640841568201259776,-0.613709,0.955309,0.728035,0.600059,0.027853,0.098020,-0.793439
1640841568202540032,-0.612772,0.956528,0.727894,0.600190,0.028085,0.098223,-0.793306
1640841568205179904,-0.610835,0.959033,0.727601,0.600456,0.028564,0.098643,-0.793036
1640841568207490048,-0.609136,0.961214,0.727343,0.600685,0.028974,0.099006,-0.792802
1640841568210279936,-0.607077,0.963835,0.727030,0.600959,0.029443,0.099435,-0.792524
1640841568212460032,-0.605465,0.965872,0.726784,0.601173,0.029790,0.099765,-0.792307
1640841568214909952,-0.603647,0.968151,0.726505,0.601412,0.030164,0.100136,-0.792065
1640841568217659904,-0.601601,0.970694,0.726191,0.601682,0.030573,0.100559,-0.791791
1640841568220300032,-0.599632,0.973122,0.725887,0.601941,0.030965,0.100980,-0.791524
1640841568222550016,-0.597948,0.975181,0.725627,0.602164,0.031301,0.101353,-0.791294
1640841568224809984,-0.596253,0.977238,0.725364,0.602390,0.031634,0.101736,-0.791059
1640841568227889920,-0.593935,0.980026,0.725004,0.602702,0.032076,0.102270,-0.790735
1640841568229840128,-0.592464,0.981782,0.724774,0.602903,0.032343,0.102610,-0.790527
1640841568232489728,-0.590460,0.984155,0.724461,0.603178,0.032694,0.103073,-0.790243
1640841568234870016,-0.588654,0.986274,0.724177,0.603423,0.033004,0.103487,-0.789988
1640841568237489920,-0.586661,0.988595,0.723864,0.603689,0.033346,0.103940,-0.789712
1640841568239889920,-0.584831,0.990708,0.723575,0.603925,0.033667,0.104348,-0.789463
1640841568242550016,-0.582796,0.993036,0.723253,0.604179,0.034031,0.104792,-0.789194
1640841568245119744,-0.580824,0.995272,0.722940,0.604421,0.034384,0.105208,-0.788939
1640841568247529984,-0.578970,0.997357,0.722645,0.604648,0.034709,0.105582,-0.788701
1640841568253489920,-0.574364,1.002460,0.721909,0.605226,0.035452,0.106426,-0.788110
1640841568254190080,-0.573821,1.003055,0.721822,0.605297,0.035533,0.106517,-0.788040
1640841568254839808,-0.573317,1.003606,0.721741,0.605362,0.035607,0.106601,-0.787975
1640841568257409792,-0.571318,1.005777,0.721420,0.605622,0.035903,0.106926,-0.787718
1640841568260689920,-0.568759,1.008528,0.721008,0.605946,0.036301,0.107343,-0.787394
1640841568262769920,-0.567132,1.010260,0.720745,0.606146,0.036564,0.107611,-0.787191
1640841568264930048,-0.565438,1.012050,0.720471,0.606350,0.036837,0.107893,-0.786982
1640841568267500032,-0.563417,1.014167,0.720143,0.606589,0.037155,0.108234,-0.786737
1640841568269870080,-0.561549,1.016106,0.719839,0.606805,0.037431,0.108552,-0.786514
1640841568272389888,-0.559557,1.018156,0.719515,0.607034,0.037706,0.108890,-0.786277
1640841568276779776,-0.556074,1.021693,0.718946,0.607444,0.038146,0.109466,-0.785859
1640841568279129856,-0.554203,1.023570,0.718639,0.607676,0.038365,0.109759,-0.785628
1640841568279820032,-0.553652,1.024119,0.718549,0.607746,0.038427,0.109843,-0.785559
1640841568282809856,-0.551263,1.026485,0.718156,0.608058,0.038689,0.110200,-0.785255
1640841568284790016,-0.549677,1.028042,0.717895,0.608268,0.038859,0.110437,-0.785050
1640841568287439872,-0.547548,1.030111,0.717544,0.608547,0.039084,0.110765,-0.784776
1640841568289959936,-0.545518,1.032065,0.717209,0.608807,0.039300,0.111100,-0.784517
1640841568292440064,-0.543516,1.033975,0.716877,0.609054,0.039515,0.111454,-0.784264
1640841568297380096,-0.539511,1.037738,0.716213,0.609541,0.039923,0.112169,-0.783762
1640841568298990080,-0.538201,1.038953,0.715995,0.609706,0.040043,0.112388,-0.783597
1640841568300189952,-0.537223,1.039855,0.715833,0.609831,0.040126,0.112542,-0.783473
1640841568302409984,-0.535411,1.041515,0.715531,0.610069,0.040269,0.112814,-0.783241
1640841568304899840,-0.533374,1.043364,0.715191,0.610343,0.040416,0.113107,-0.782978
1640841568311089920,-0.528287,1.047901,0.714341,0.611031,0.040762,0.113869,-0.782313
1640841568312719872,-0.526942,1.049081,0.714116,0.611211,0.040857,0.114084,-0.782136
1640841568313459968,-0.526331,1.049615,0.714014,0.611292,0.040901,0.114182,-0.782056
1640841568314970112,-0.525082,1.050701,0.713804,0.611456,0.040995,0.114379,-0.781894
1640841568317459712,-0.523018,1.052480,0.713458,0.611725,0.041159,0.114690,-0.781629
1640841568319900160,-0.520991,1.054210,0.713117,0.611985,0.041336,0.114965,-0.781377
1640841568322439936,-0.518875,1.055996,0.712762,0.612251,0.041535,0.115217,-0.781120
1640841568324899840,-0.516821,1.057712,0.712416,0.612508,0.041740,0.115434,-0.780876
1640841568329229824,-0.513193,1.060699,0.711805,0.612958,0.042114,0.115772,-0.780452
1640841568331749888,-0.511075,1.062418,0.711447,0.613221,0.042333,0.115955,-0.780207
1640841568332509952,-0.510435,1.062934,0.711339,0.613301,0.042397,0.116009,-0.780132
1640841568334859776,-0.508453,1.064519,0.711005,0.613550,0.042589,0.116181,-0.779900
1640841568337420032,-0.506288,1.066232,0.710639,0.613828,0.042780,0.116378,-0.779641
1640841568339849984,-0.504229,1.067844,0.710291,0.614100,0.042936,0.116583,-0.779388
1640841568342569728,-0.501918,1.069633,0.709901,0.614413,0.043082,0.116831,-0.779097
1640841568346940160,-0.498192,1.072470,0.709270,0.614922,0.043297,0.117224,-0.778624
1640841568347929856,-0.497346,1.073106,0.709127,0.615036,0.043348,0.117305,-0.778518
1640841568350249984,-0.495360,1.074589,0.708791,0.615302,0.043481,0.117474,-0.778275
1640841568352449792,-0.493472,1.075983,0.708471,0.615552,0.043617,0.117616,-0.778049
1640841568354919936,-0.491348,1.077535,0.708112,0.615831,0.043772,0.117766,-0.777796
1640841568357420032,-0.489193,1.079092,0.707747,0.616116,0.043922,0.117924,-0.777539
1640841568359969792,-0.486990,1.080664,0.707374,0.616411,0.044056,0.118105,-0.777269
1640841568363040000,-0.484330,1.082537,0.706924,0.616778,0.044178,0.118373,-0.776931
1640841568365110016,-0.482532,1.083787,0.706620,0.617032,0.044239,0.118579,-0.776694
1640841568367509760,-0.480444,1.085223,0.706266,0.617334,0.044302,0.118817,-0.776414
1640841568369859840,-0.478394,1.086617,0.705919,0.617636,0.044372,0.119027,-0.776138
1640841568372409856,-0.476165,1.088114,0.705542,0.617967,0.044460,0.119225,-0.775839
1640841568374889728,-0.473992,1.089555,0.705175,0.618287,0.044556,0.119396,-0.775552
1640841568377729792,-0.471497,1.091188,0.704753,0.618645,0.044676,0.119579,-0.775231
1640841568379989760,-0.469508,1.092473,0.704417,0.618920,0.044776,0.119723,-0.774983
1640841568382799872,-0.467028,1.094054,0.703999,0.619252,0.044906,0.119904,-0.774683
1640841568386349824,-0.463886,1.096025,0.703469,0.619668,0.045076,0.120138,-0.774304
1640841568387449856,-0.462911,1.096629,0.703305,0.619798,0.045131,0.120212,-0.774185
1640841568389859840,-0.460770,1.097943,0.702944,0.620092,0.045252,0.120375,-0.773918
1640841568392529920,-0.458393,1.099382,0.702544,0.620425,0.045389,0.120551,-0.773615
1640841568394969856,-0.456216,1.100682,0.702178,0.620736,0.045515,0.120702,-0.773335
1640841568397729792,-0.453747,1.102136,0.701763,0.621091,0.045659,0.120850,-0.773017
1640841568399899904,-0.451802,1.103266,0.701437,0.621372,0.045772,0.120945,-0.772770
1640841568402479872,-0.449485,1.104594,0.701048,0.621706,0.045907,0.121032,-0.772480
1640841568404879872,-0.447325,1.105815,0.700686,0.622014,0.046033,0.121095,-0.772215
1640841568407399936,-0.445051,1.107082,0.700306,0.622333,0.046166,0.121148,-0.771941
1640841568410769920,-0.442003,1.108752,0.699797,0.622750,0.046349,0.121208,-0.771585
1640841568412439808,-0.440489,1.109569,0.699544,0.622952,0.046442,0.121235,-0.771412
1640841568415209984,-0.437974,1.110910,0.699125,0.623286,0.046599,0.121275,-0.771126
1640841568417929984,-0.435498,1.112208,0.698713,0.623618,0.046755,0.121304,-0.770844
1640841568419869952,-0.433728,1.113123,0.698419,0.623861,0.046867,0.121316,-0.770638
1640841568422569984,-0.431260,1.114381,0.698010,0.624211,0.047023,0.121320,-0.770345
1640841568424969984,-0.429062,1.115484,0.697646,0.624530,0.047161,0.121317,-0.770079
1640841568427879936,-0.426390,1.116802,0.697204,0.624918,0.047323,0.121316,-0.769754
1640841568429910016,-0.424522,1.117710,0.696896,0.625185,0.047432,0.121324,-0.769529
1640841568432459776,-0.422172,1.118835,0.696509,0.625517,0.047566,0.121343,-0.769247
1640841568434840064,-0.419973,1.119871,0.696147,0.625825,0.047691,0.121369,-0.768985
1640841568437479936,-0.417529,1.121004,0.695746,0.626166,0.047834,0.121405,-0.768693
1640841568439869952,-0.415312,1.122014,0.695383,0.626474,0.047969,0.121442,-0.768427
1640841568442609920,-0.412765,1.123155,0.694966,0.626831,0.048135,0.121490,-0.768118
1640841568444869888,-0.410660,1.124083,0.694623,0.627128,0.048276,0.121536,-0.767860
1640841568447849984,-0.407878,1.125286,0.694170,0.627523,0.048461,0.121613,-0.767513
1640841568449929984,-0.405932,1.126113,0.693854,0.627801,0.048586,0.121680,-0.767267
1640841568452420096,-0.403597,1.127089,0.693476,0.628137,0.048731,0.121777,-0.766968
1640841568454949888,-0.401221,1.128064,0.693092,0.628479,0.048878,0.121885,-0.766661
1640841568457440000,-0.398877,1.129009,0.692713,0.628814,0.049034,0.121991,-0.766359
1640841568462479872,-0.394119,1.130874,0.691949,0.629479,0.049411,0.122165,-0.765762
1640841568463500032,-0.393153,1.131244,0.691794,0.629611,0.049497,0.122192,-0.765643
1640841568464859904,-0.391865,1.131733,0.691588,0.629787,0.049614,0.122223,-0.765485
1640841568467480064,-0.389379,1.132662,0.691191,0.630127,0.049844,0.122268,-0.765184
1640841568469859840,-0.387116,1.133491,0.690830,0.630437,0.050050,0.122295,-0.764910
1640841568472489728,-0.384610,1.134391,0.690432,0.630784,0.050269,0.122310,-0.764608
1640841568474939904,-0.382271,1.135214,0.690061,0.631108,0.050472,0.122315,-0.764326
1640841568477440000,-0.379879,1.136038,0.689684,0.631438,0.050683,0.122318,-0.764039
1640841568479929856,-0.377492,1.136844,0.689307,0.631765,0.050904,0.122323,-0.763753
1640841568482659840,-0.374870,1.137710,0.688896,0.632120,0.051162,0.122330,-0.763441
1640841568484839936,-0.372771,1.138388,0.688567,0.632401,0.051377,0.122331,-0.763193
1640841568487449856,-0.370255,1.139184,0.688174,0.632736,0.051641,0.122321,-0.762899
1640841568490579968,-0.367230,1.140116,0.687703,0.633136,0.051962,0.122284,-0.762552
1640841568492419840,-0.365448,1.140653,0.687427,0.633371,0.052151,0.122245,-0.762350
1640841568494819840,-0.363120,1.141341,0.687067,0.633677,0.052396,0.122179,-0.762089
1640841568497399808,-0.360613,1.142064,0.686680,0.634007,0.052653,0.122100,-0.761810
1640841568499909888,-0.358168,1.142752,0.686305,0.634330,0.052894,0.122026,-0.761536
1640841568502439936,-0.355700,1.143429,0.685927,0.634659,0.053126,0.121960,-0.761257
1640841568504829952,-0.353363,1.144055,0.685570,0.634972,0.053331,0.121905,-0.760989
1640841568507510016,-0.350738,1.144739,0.685171,0.635330,0.053543,0.121847,-0.760686
1640841568510010112,-0.348285,1.145362,0.684799,0.635669,0.053720,0.121791,-0.760399
1640841568512499712,-0.345837,1.145966,0.684429,0.636012,0.053877,0.121734,-0.760109
1640841568514880000,-0.343492,1.146530,0.684076,0.636343,0.054013,0.121680,-0.759832
1640841568517459968,-0.340946,1.147125,0.683694,0.636700,0.054148,0.121626,-0.759531
1640841568520000000,-0.338434,1.147695,0.683319,0.637049,0.054274,0.121581,-0.759237
1640841568523269888,-0.335193,1.148405,0.682837,0.637491,0.054430,0.121534,-0.758862
1640841568524910080,-0.333565,1.148751,0.682596,0.637713,0.054507,0.121511,-0.758674
1640841568527469824,-0.331019,1.149278,0.682220,0.638065,0.054627,0.121473,-0.758376
1640841568529909760,-0.328589,1.149765,0.681863,0.638408,0.054743,0.121428,-0.758085
1640841568532399872,-0.326104,1.150247,0.681499,0.638768,0.054863,0.121373,-0.757782
1640841568534849792,-0.323654,1.150707,0.681141,0.639127,0.054985,0.121315,-0.757480
1640841568537600000,-0.320899,1.151205,0.680741,0.639529,0.055127,0.121255,-0.757140
1640841568540129792,-0.318361,1.151646,0.680374,0.639893,0.055263,0.121210,-0.756830
1640841568542459904,-0.316018,1.152039,0.680036,0.640218,0.055394,0.121183,-0.756549
1640841568544979712,-0.313481,1.152449,0.679672,0.640563,0.055540,0.121158,-0.756250
1640841568548049920,-0.310383,1.152927,0.679230,0.640981,0.055722,0.121115,-0.755890
1640841568549880064,-0.308533,1.153201,0.678967,0.641231,0.055832,0.121073,-0.755677
1640841568552519936,-0.305861,1.153581,0.678589,0.641596,0.055989,0.120985,-0.755369
1640841568554939904,-0.303407,1.153915,0.678243,0.641933,0.056132,0.120881,-0.755089
1640841568557519872,-0.300786,1.154255,0.677875,0.642295,0.056282,0.120751,-0.754791
1640841568559949824,-0.298313,1.154560,0.677530,0.642636,0.056421,0.120615,-0.754512
1640841568562379776,-0.295837,1.154850,0.677186,0.642975,0.056556,0.120471,-0.754235
1640841568564879872,-0.293285,1.155134,0.676833,0.643321,0.056697,0.120318,-0.753954
1640841568567419904,-0.290687,1.155406,0.676476,0.643667,0.056848,0.120162,-0.753672
1640841568569860096,-0.288188,1.155653,0.676133,0.643991,0.057006,0.120016,-0.753407
1640841568572480000,-0.285500,1.155902,0.675767,0.644329,0.057192,0.119866,-0.753128
1640841568575389952,-0.282509,1.156158,0.675362,0.644696,0.057409,0.119698,-0.752824
1640841568578249984,-0.279564,1.156390,0.674966,0.645057,0.057619,0.119518,-0.752527
1640841568580229888,-0.277522,1.156538,0.674692,0.645311,0.057752,0.119378,-0.752321
1640841568582510080,-0.275168,1.156697,0.674378,0.645609,0.057892,0.119200,-0.752083
1640841568584839936,-0.272758,1.156847,0.674058,0.645918,0.058024,0.119009,-0.751838
1640841568587539968,-0.269961,1.157003,0.673689,0.646278,0.058169,0.118786,-0.751552
1640841568589929728,-0.267482,1.157127,0.673364,0.646596,0.058296,0.118597,-0.751298
1640841568592659968,-0.264645,1.157250,0.672994,0.646958,0.058441,0.118397,-0.751007
1640841568594980096,-0.262230,1.157341,0.672681,0.647265,0.058563,0.118236,-0.750759
1640841568597820160,-0.259270,1.157434,0.672299,0.647643,0.058707,0.118047,-0.750451
1640841568599859968,-0.257141,1.157489,0.672026,0.647917,0.058803,0.117912,-0.750228
1640841568602399744,-0.254486,1.157543,0.671688,0.648261,0.058914,0.117743,-0.749948
1640841568604819968,-0.251952,1.157579,0.671367,0.648592,0.059016,0.117580,-0.749680
1640841568607470080,-0.249174,1.157602,0.671017,0.648953,0.059130,0.117397,-0.749387
1640841568609969920,-0.246549,1.157609,0.670689,0.649292,0.059245,0.117220,-0.749113
1640841568612419840,-0.243973,1.157600,0.670369,0.649620,0.059367,0.117043,-0.748846
1640841568614949888,-0.241309,1.157575,0.670040,0.649956,0.059504,0.116858,-0.748573
1640841568617559808,-0.238557,1.157534,0.669702,0.650301,0.059654,0.116668,-0.748290
1640841568620059904,-0.235917,1.157478,0.669380,0.650631,0.059805,0.116490,-0.748019
1640841568622439936,-0.233401,1.157411,0.669076,0.650945,0.059955,0.116324,-0.747760
1640841568624839936,-0.230859,1.157329,0.668770,0.651260,0.060115,0.116157,-0.747499
1640841568627490048,-0.228050,1.157222,0.668434,0.651604,0.060305,0.115965,-0.747213
1640841568629900032,-0.225491,1.157110,0.668131,0.651912,0.060492,0.115777,-0.746958
1640841568632419840,-0.222812,1.156978,0.667816,0.652228,0.060706,0.115562,-0.746699
1640841568635069952,-0.219991,1.156822,0.667486,0.652553,0.060946,0.115312,-0.746434
1640841568637430016,-0.217475,1.156668,0.667194,0.652839,0.061164,0.115070,-0.746203
1640841568639989760,-0.214742,1.156487,0.666879,0.653150,0.061391,0.114789,-0.745956
1640841568642989824,-0.211536,1.156254,0.666513,0.653517,0.061636,0.114441,-0.745668
1640841568644870144,-0.209523,1.156096,0.666285,0.653748,0.061784,0.114216,-0.745487
1640841568647640064,-0.206555,1.155849,0.665950,0.654089,0.062007,0.113881,-0.745220
1640841568650119936,-0.203894,1.155611,0.665653,0.654394,0.062222,0.113585,-0.744980
1640841568652910080,-0.200897,1.155326,0.665322,0.654734,0.062487,0.113258,-0.744709
1640841568654959872,-0.198692,1.155104,0.665079,0.654983,0.062689,0.113020,-0.744509
1640841568657389824,-0.196075,1.154828,0.664794,0.655278,0.062927,0.112734,-0.744273
1640841568659839744,-0.193434,1.154536,0.664508,0.655575,0.063151,0.112438,-0.744037
1640841568662479872,-0.190584,1.154204,0.664203,0.655898,0.063370,0.112107,-0.743784
1640841568665400064,-0.187427,1.153818,0.663868,0.656256,0.063591,0.111731,-0.743506
1640841568668289792,-0.184299,1.153415,0.663539,0.656612,0.063799,0.111350,-0.743231
1640841568669910016,-0.182544,1.153180,0.663356,0.656812,0.063915,0.111135,-0.743076
1640841568672950016,-0.179246,1.152722,0.663015,0.657190,0.064134,0.110732,-0.742783
1640841568674860032,-0.177172,1.152423,0.662802,0.657429,0.064271,0.110479,-0.742597
1640841568677430016,-0.174378,1.152007,0.662519,0.657754,0.064452,0.110143,-0.742343
1640841568680019968,-0.171559,1.151572,0.662235,0.658086,0.064630,0.109809,-0.742083
1640841568682679808,-0.168661,1.151108,0.661946,0.658432,0.064805,0.109475,-0.741811
1640841568685230080,-0.165878,1.150647,0.661672,0.658766,0.064969,0.109163,-0.741546
1640841568687500032,-0.163399,1.150223,0.661430,0.659064,0.065113,0.108892,-0.741308
1640841568689979904,-0.160688,1.149746,0.661168,0.659389,0.065270,0.108606,-0.741047
1640841568692440064,-0.157996,1.149259,0.660910,0.659710,0.065427,0.108331,-0.740788
1640841568695249920,-0.154917,1.148684,0.660619,0.660073,0.065609,0.108023,-0.740493
1640841568697799936,-0.152120,1.148146,0.660357,0.660403,0.065773,0.107740,-0.740225
1640841568700310016,-0.149364,1.147601,0.660102,0.660729,0.065933,0.107448,-0.739963
1640841568702409984,-0.147055,1.147134,0.659890,0.661003,0.066065,0.107189,-0.739744
1640841568704919808,-0.144294,1.146562,0.659640,0.661331,0.066224,0.106865,-0.739484
1640841568707539968,-0.141408,1.145948,0.659381,0.661671,0.066397,0.106512,-0.739214
1640841568709899776,-0.138807,1.145381,0.659151,0.661975,0.066563,0.106186,-0.738974
1640841568712450048,-0.135993,1.144754,0.658905,0.662299,0.066755,0.105826,-0.738719
1640841568716539904,-0.131474,1.143716,0.658515,0.662809,0.067085,0.105233,-0.738315
1640841568718040064,-0.129814,1.143325,0.658374,0.662994,0.067211,0.105010,-0.738170
1640841568720559872,-0.127025,1.142656,0.658140,0.663303,0.067424,0.104628,-0.737927
1640841568722519808,-0.124853,1.142126,0.657959,0.663541,0.067590,0.104324,-0.737741
1640841568724999936,-0.122103,1.141442,0.657734,0.663842,0.067798,0.103935,-0.737506
1640841568728899840,-0.117773,1.140337,0.657384,0.664316,0.068121,0.103317,-0.737136
1640841568730139904,-0.116396,1.139978,0.657274,0.664468,0.068221,0.103122,-0.737017
1640841568734230016,-0.111846,1.138768,0.656918,0.664975,0.068540,0.102487,-0.736618
1640841568735839744,-0.110054,1.138281,0.656780,0.665176,0.068658,0.102241,-0.736460
1640841568737449984,-0.108260,1.137788,0.656643,0.665376,0.068771,0.101998,-0.736302
1640841568739899904,-0.105529,1.137026,0.656436,0.665680,0.068929,0.101631,-0.736063
1640841568742539776,-0.102583,1.136190,0.656218,0.666006,0.069083,0.101241,-0.735808
1640841568744900096,-0.099947,1.135428,0.656025,0.666296,0.069209,0.100892,-0.735582
1640841568747539968,-0.096996,1.134560,0.655813,0.666620,0.069341,0.100501,-0.735329
1640841568750449920,-0.093741,1.133585,0.655583,0.666978,0.069479,0.100064,-0.735051
1640841568751579904,-0.092476,1.133201,0.655495,0.667117,0.069531,0.099891,-0.734943
1640841568754870016,-0.088790,1.132066,0.655242,0.667526,0.069679,0.099389,-0.734626
1640841568757489920,-0.085852,1.131145,0.655044,0.667855,0.069787,0.098996,-0.734370
1640841568760029952,-0.083002,1.130236,0.654856,0.668179,0.069881,0.098630,-0.734115
1640841568760599808,-0.082362,1.130030,0.654815,0.668252,0.069900,0.098550,-0.734058
1640841568764839936,-0.077598,1.128475,0.654510,0.668801,0.070036,0.097980,-0.733621
1640841568767539968,-0.074561,1.127462,0.654321,0.669150,0.070124,0.097629,-0.733342
1640841568770020096,-0.071769,1.126518,0.654150,0.669466,0.070215,0.097309,-0.733086
1640841568770609920,-0.071105,1.126291,0.654110,0.669541,0.070239,0.097233,-0.733026
1640841568774979840,-0.066181,1.124587,0.653820,0.670081,0.070443,0.096660,-0.732588
1640841568777929984,-0.062853,1.123412,0.653630,0.670440,0.070591,0.096274,-0.732296
1640841568780289792,-0.060189,1.122458,0.653481,0.670729,0.070701,0.095975,-0.732061
1640841568782119936,-0.058121,1.121709,0.653368,0.670956,0.070774,0.095752,-0.731875
1640841568784969728,-0.054901,1.120528,0.653196,0.671314,0.070869,0.095412,-0.731582
1640841568787409920,-0.052141,1.119503,0.653052,0.671621,0.070946,0.095116,-0.731330
1640841568790129920,-0.049063,1.118344,0.652896,0.671961,0.071043,0.094763,-0.731055
1640841568793049856,-0.045756,1.117081,0.652734,0.672318,0.071170,0.094349,-0.730768
1640841568795279872,-0.043229,1.116103,0.652613,0.672588,0.071277,0.094017,-0.730552
1640841568797689856,-0.040496,1.115035,0.652485,0.672877,0.071396,0.093654,-0.730320
1640841568799939840,-0.037944,1.114026,0.652369,0.673146,0.071504,0.093320,-0.730104
1640841568800480000,-0.037331,1.113782,0.652342,0.673211,0.071529,0.093241,-0.730053
1640841568804920064,-0.032289,1.111752,0.652124,0.673744,0.071713,0.092626,-0.729621
1640841568807549952,-0.029301,1.110529,0.652001,0.674061,0.071811,0.092276,-0.729363
1640841568811889920,-0.024365,1.108478,0.651806,0.674580,0.071973,0.091683,-0.728941
1640841568812620032,-0.023534,1.108129,0.651774,0.674668,0.072002,0.091578,-0.728871
1640841568814980096,-0.020848,1.106992,0.651675,0.674948,0.072096,0.091233,-0.728645
1640841568817929984,-0.017489,1.105555,0.651555,0.675298,0.072214,0.090786,-0.728365
1640841568819929856,-0.015210,1.104569,0.651476,0.675536,0.072291,0.090476,-0.728175
1640841568820529920,-0.014526,1.104272,0.651454,0.675608,0.072314,0.090382,-0.728118
1640841568824940032,-0.009498,1.102063,0.651292,0.676135,0.072467,0.089694,-0.727699
1640841568827579904,-0.006486,1.100721,0.651201,0.676453,0.072544,0.089289,-0.727445
1640841568829910016,-0.003826,1.099524,0.651124,0.676736,0.072601,0.088942,-0.727219
1640841568830409984,-0.003255,1.099265,0.651108,0.676797,0.072612,0.088869,-0.727170
1640841568835500032,0.002559,1.096605,0.650955,0.677423,0.072685,0.088177,-0.726663
1640841568837499904,0.004845,1.095544,0.650899,0.677673,0.072695,0.087930,-0.726459
1640841568840009984,0.007715,1.094202,0.650833,0.677987,0.072700,0.087615,-0.726204
1640841568840849920,0.008676,1.093749,0.650812,0.678092,0.072702,0.087502,-0.726120
1640841568845339904,0.013813,1.091307,0.650706,0.678648,0.072722,0.086830,-0.725679
1640841568847620096,0.016423,1.090050,0.650657,0.678930,0.072735,0.086464,-0.725457
1640841568850359808,0.019561,1.088526,0.650603,0.679270,0.072752,0.086023,-0.725189
1640841568851830016,0.021245,1.087702,0.650576,0.679454,0.072761,0.085790,-0.725044
1640841568855089920,0.024980,1.085859,0.650522,0.679861,0.072785,0.085283,-0.724719
1640841568857459968,0.027697,1.084505,0.650487,0.680156,0.072808,0.084919,-0.724483
1640841568860189952,0.030828,1.082932,0.650451,0.680491,0.072845,0.084500,-0.724213
1640841568861069824,0.031837,1.082421,0.650440,0.680598,0.072860,0.084365,-0.724127
1640841568865069824,0.036426,1.080081,0.650399,0.681080,0.072933,0.083747,-0.723738
1640841568865550080,0.036977,1.079798,0.650395,0.681138,0.072941,0.083672,-0.723692
1640841568870630144,0.042808,1.076776,0.650360,0.681750,0.073017,0.082879,-0.723199
1640841568871490048,0.043796,1.076259,0.650356,0.681855,0.073025,0.082744,-0.723115
1640841568874980096,0.047804,1.074147,0.650344,0.682282,0.073044,0.082192,-0.722773
1640841568878639872,0.052009,1.071906,0.650340,0.682731,0.073039,0.081609,-0.722415
1640841568880189952,0.053790,1.070949,0.650341,0.682922,0.073030,0.081360,-0.722264
1640841568880969984,0.054687,1.070465,0.650343,0.683018,0.073023,0.081234,-0.722188
1640841568885120000,0.059458,1.067874,0.650356,0.683528,0.072976,0.080555,-0.721785
1640841568887079936,0.061712,1.066639,0.650367,0.683769,0.072948,0.080227,-0.721597
1640841568890139904,0.065231,1.064695,0.650388,0.684143,0.072900,0.079700,-0.721305
1640841568892629760,0.068095,1.063101,0.650411,0.684447,0.072857,0.079260,-0.721070
1640841568894979840,0.070799,1.061585,0.650436,0.684733,0.072809,0.078841,-0.720849
1640841568895500032,0.071397,1.061248,0.650442,0.684797,0.072797,0.078749,-0.720800
1640841568900249856,0.076864,1.058148,0.650506,0.685377,0.072652,0.077915,-0.720354
1640841568900999936,0.077727,1.057654,0.650517,0.685469,0.072622,0.077787,-0.720283
1640841568904999936,0.082331,1.055005,0.650585,0.685964,0.072433,0.077123,-0.719902
1640841568907899904,0.085670,1.053066,0.650642,0.686329,0.072271,0.076654,-0.719621
1640841568910019840,0.088111,1.051639,0.650687,0.686600,0.072143,0.076313,-0.719411
1640841568910789888,0.088998,1.051118,0.650704,0.686700,0.072095,0.076190,-0.719334
1640841568915040000,0.093893,1.048226,0.650805,0.687257,0.071823,0.075506,-0.718901
1640841568915559936,0.094492,1.047870,0.650819,0.687325,0.071790,0.075422,-0.718848
1640841568919950080,0.099548,1.044844,0.650938,0.687902,0.071505,0.074709,-0.718399
1640841568920509696,0.100193,1.044455,0.650955,0.687974,0.071469,0.074617,-0.718342
1640841568924979968,0.105342,1.041334,0.651092,0.688549,0.071186,0.073878,-0.717896
1640841568925740032,0.106218,1.040800,0.651117,0.688647,0.071137,0.073751,-0.717820
1640841568930049792,0.111183,1.037752,0.651265,0.689206,0.070842,0.073019,-0.717388
1640841568930660096,0.111886,1.037317,0.651287,0.689286,0.070797,0.072914,-0.717326
1640841568934919936,0.116793,1.034268,0.651448,0.689853,0.070477,0.072175,-0.716887
1640841568935399936,0.117346,1.033922,0.651467,0.689917,0.070441,0.072092,-0.716837
1640841568943379968,0.126539,1.028119,0.651805,0.690978,0.069904,0.070755,-0.716001
1640841568943869952,0.127103,1.027759,0.651827,0.691042,0.069875,0.070675,-0.715949
1640841568945309952,0.128762,1.026699,0.651894,0.691231,0.069793,0.070439,-0.715799
1640841568945769984,0.129292,1.026359,0.651915,0.691291,0.069767,0.070363,-0.715750
1640841568950039808,0.134210,1.023192,0.652122,0.691848,0.069520,0.069636,-0.715307
1640841568950820096,0.135109,1.022610,0.652161,0.691950,0.069474,0.069498,-0.715227
1640841568955149824,0.140095,1.019362,0.652386,0.692511,0.069203,0.068699,-0.714786
1640841568955780096,0.140820,1.018887,0.652420,0.692593,0.069162,0.068580,-0.714723
1640841568960150016,0.145852,1.015573,0.652662,0.693151,0.068872,0.067738,-0.714290
1640841568960709888,0.146496,1.015146,0.652694,0.693222,0.068834,0.067628,-0.714235
1640841568964979968,0.151411,1.011874,0.652946,0.693759,0.068530,0.066787,-0.713822
1640841568965560064,0.152079,1.011428,0.652981,0.693832,0.068486,0.066672,-0.713766
1640841568970160128,0.157372,1.007866,0.653268,0.694410,0.068102,0.065745,-0.713326
1640841568971030016,0.158373,1.007188,0.653324,0.694520,0.068021,0.065567,-0.713243
1640841568975100160,0.163055,1.004003,0.653593,0.695042,0.067607,0.064733,-0.712850
1640841568975899904,0.163975,1.003374,0.653647,0.695146,0.067521,0.064570,-0.712771
1640841568979960064,0.168643,1.000166,0.653930,0.695683,0.067069,0.063757,-0.712364
1640841568980559872,0.169333,0.999690,0.653973,0.695764,0.067001,0.063640,-0.712302
1640841568985499904,0.175011,0.995748,0.654334,0.696436,0.066422,0.062698,-0.711782
1640841568986479872,0.176137,0.994962,0.654408,0.696570,0.066302,0.062514,-0.711678
1640841568989929984,0.180100,0.992182,0.654673,0.697041,0.065854,0.061867,-0.711315
1640841568990319872,0.180548,0.991866,0.654704,0.697094,0.065801,0.061794,-0.711274
1640841568995089920,0.186025,0.987990,0.655086,0.697738,0.065124,0.060893,-0.710783
1640841568995759872,0.186794,0.987443,0.655141,0.697829,0.065027,0.060766,-0.710714
1640841569000029952,0.191694,0.983941,0.655498,0.698411,0.064430,0.059961,-0.710264
1640841569000809984,0.192588,0.983298,0.655565,0.698519,0.064326,0.059814,-0.710180
1640841569005359872,0.197806,0.979532,0.655963,0.699151,0.063751,0.058963,-0.709681
1640841569005920000,0.198448,0.979066,0.656013,0.699229,0.063683,0.058859,-0.709619
1640841569010040064,0.203169,0.975627,0.656388,0.699791,0.063191,0.058085,-0.709172
1640841569010710016,0.203937,0.975065,0.656450,0.699881,0.063112,0.057958,-0.709101
1640841569015069952,0.208929,0.971396,0.656863,0.700458,0.062605,0.057125,-0.708643
1640841569015719936,0.209673,0.970846,0.656925,0.700544,0.062531,0.056999,-0.708575
1640841569020379904,0.215005,0.966891,0.657383,0.701162,0.062012,0.056080,-0.708083
1640841569021509888,0.216297,0.965927,0.657497,0.701314,0.061890,0.055853,-0.707961
1640841569024950016,0.220230,0.962983,0.657848,0.701778,0.061526,0.055143,-0.707588
1640841569025430016,0.220779,0.962571,0.657897,0.701843,0.061476,0.055042,-0.707536
1640841569030050048,0.226056,0.958589,0.658384,0.702466,0.061002,0.054037,-0.707037
1640841569030700032,0.226798,0.958026,0.658453,0.702552,0.060936,0.053891,-0.706967
1640841569035229952,0.231967,0.954090,0.658948,0.703153,0.060482,0.052851,-0.706487
1640841569036649984,0.233587,0.952851,0.659106,0.703341,0.060342,0.052522,-0.706337
1640841569040079872,0.237497,0.949847,0.659493,0.703794,0.060009,0.051738,-0.705971
1640841569041110016,0.238671,0.948942,0.659612,0.703931,0.059911,0.051507,-0.705861
1640841569045019904,0.243123,0.945494,0.660067,0.704450,0.059537,0.050639,-0.705437
1640841569045809920,0.244023,0.944795,0.660161,0.704555,0.059460,0.050463,-0.705351
1640841569050609920,0.249483,0.940532,0.660738,0.705190,0.058968,0.049376,-0.704835
1640841569052559872,0.251700,0.938792,0.660978,0.705446,0.058752,0.048917,-0.704628
1640841569056219904,0.255858,0.935514,0.661435,0.705929,0.058331,0.048046,-0.704239
1640841569056659968,0.256358,0.935118,0.661490,0.705988,0.058280,0.047941,-0.704192
1640841569059919872,0.260059,0.932183,0.661907,0.706428,0.057907,0.047183,-0.703833
1640841569060459776,0.260671,0.931696,0.661977,0.706502,0.057846,0.047061,-0.703772
1640841569065999872,0.266953,0.926675,0.662706,0.707275,0.057237,0.045857,-0.703123
1640841569067219968,0.268335,0.925565,0.662869,0.707447,0.057101,0.045597,-0.702979
1640841569070070016,0.271562,0.922965,0.663256,0.707844,0.056768,0.044987,-0.702645
1640841569070880000,0.272479,0.922224,0.663367,0.707956,0.056670,0.044812,-0.702552
1640841569075039744,0.277184,0.918408,0.663944,0.708527,0.056148,0.043905,-0.702075
1640841569075729920,0.277964,0.917773,0.664042,0.708622,0.056059,0.043753,-0.701996
1640841569079949824,0.282731,0.913880,0.664643,0.709204,0.055521,0.042819,-0.701508
1640841569080659968,0.283533,0.913223,0.664746,0.709303,0.055432,0.042662,-0.701425
1640841569084989952,0.288418,0.909204,0.665380,0.709909,0.054897,0.041698,-0.700912
1640841569085719808,0.289241,0.908525,0.665489,0.710011,0.054809,0.041536,-0.700825
1640841569090169856,0.294255,0.904371,0.666158,0.710625,0.054282,0.040548,-0.700301
1640841569090649856,0.294795,0.903922,0.666231,0.710690,0.054226,0.040442,-0.700245
1640841569094959872,0.299645,0.899877,0.666896,0.711265,0.053736,0.039489,-0.699753
1640841569095399936,0.300139,0.899463,0.666965,0.711323,0.053687,0.039391,-0.699704
1640841569100179968,0.305510,0.894953,0.667721,0.711947,0.053168,0.038290,-0.699170
1640841569100819712,0.306228,0.894347,0.667823,0.712030,0.053101,0.038137,-0.699099
1640841569105079808,0.311008,0.890307,0.668515,0.712582,0.052657,0.037089,-0.698626
1640841569105880064,0.311905,0.889546,0.668646,0.712686,0.052574,0.036887,-0.698537
1640841569110319872,0.316878,0.885312,0.669385,0.713262,0.052112,0.035748,-0.698043
1640841569112109824,0.318882,0.883600,0.669687,0.713494,0.051922,0.035282,-0.697844
1640841569115139840,0.322270,0.880695,0.670205,0.713886,0.051593,0.034490,-0.697506
1640841569117120000,0.324483,0.878793,0.670547,0.714142,0.051372,0.033971,-0.697286
1640841569119969792,0.327665,0.876048,0.671045,0.714509,0.051041,0.033224,-0.696971
1640841569120499968,0.328257,0.875537,0.671139,0.714577,0.050979,0.033085,-0.696912
1640841569125809920,0.334178,0.870401,0.672087,0.715256,0.050327,0.031701,-0.696327
1640841569126679808,0.335147,0.869557,0.672245,0.715368,0.050218,0.031475,-0.696230
1640841569129979904,0.338821,0.866350,0.672848,0.715795,0.049801,0.030623,-0.695859
1640841569131279872,0.340267,0.865085,0.673088,0.715965,0.049636,0.030289,-0.695710
1640841569135379968,0.344824,0.861083,0.673855,0.716510,0.049111,0.029246,-0.695231
1640841569136379904,0.345934,0.860105,0.674044,0.716644,0.048981,0.028995,-0.695112
1640841569140059904,0.350018,0.856499,0.674748,0.717143,0.048489,0.028088,-0.694669
1640841569140780032,0.350816,0.855793,0.674887,0.717242,0.048390,0.027913,-0.694581
1640841569144979968,0.355470,0.851661,0.675706,0.717820,0.047799,0.026919,-0.694065
1640841569145979904,0.356577,0.850676,0.675903,0.717957,0.047658,0.026686,-0.693941
1640841569149879808,0.360891,0.846825,0.676681,0.718494,0.047123,0.025788,-0.693456
1640841569150439936,0.361510,0.846271,0.676793,0.718570,0.047049,0.025660,-0.693386
1640841569155119872,0.366678,0.841632,0.677745,0.719208,0.046469,0.024590,-0.692803
1640841569155830016,0.367461,0.840927,0.677891,0.719305,0.046384,0.024427,-0.692714
1640841569160100096,0.372168,0.836679,0.678779,0.719904,0.045868,0.023446,-0.692159
1640841569160879872,0.373027,0.835901,0.678943,0.720017,0.045770,0.023266,-0.692054
1640841569164999936,0.377561,0.831788,0.679817,0.720623,0.045241,0.022310,-0.691490
1640841569166029824,0.378693,0.830758,0.680038,0.720775,0.045106,0.022070,-0.691348
1640841569170259968,0.383340,0.826519,0.680954,0.721390,0.044556,0.021083,-0.690773
1640841569171379968,0.384569,0.825395,0.681199,0.721548,0.044412,0.020820,-0.690625
1640841569175049984,0.388593,0.821706,0.682010,0.722061,0.043953,0.019959,-0.690143
1640841569175699968,0.389305,0.821051,0.682155,0.722152,0.043874,0.019806,-0.690058
1640841569181319936,0.395455,0.815383,0.683423,0.722948,0.043225,0.018471,-0.689301
1640841569181959936,0.396154,0.814736,0.683569,0.723041,0.043155,0.018318,-0.689213
1640841569186109952,0.400687,0.810536,0.684525,0.723644,0.042704,0.017321,-0.688633
1640841569186830080,0.401473,0.809807,0.684692,0.723749,0.042626,0.017147,-0.688532
1640841569189969920,0.404897,0.806621,0.685428,0.724203,0.042279,0.016388,-0.688094
1640841569190559744,0.405540,0.806022,0.685567,0.724288,0.042213,0.016245,-0.688013
1640841569195909888,0.411363,0.800580,0.686842,0.725054,0.041584,0.014965,-0.687272
1640841569196549888,0.412059,0.799928,0.686996,0.725146,0.041506,0.014815,-0.687184
1640841569200019712,0.415829,0.796389,0.687839,0.725648,0.041072,0.014023,-0.686696
1640841569200579840,0.416437,0.795817,0.687976,0.725730,0.041000,0.013899,-0.686616
1640841569204919808,0.421145,0.791381,0.689046,0.726370,0.040432,0.012966,-0.685991
1640841569205329920,0.421589,0.790961,0.689148,0.726431,0.040378,0.012880,-0.685931
1640841569210599936,0.427295,0.785561,0.690472,0.727219,0.039681,0.011797,-0.685156
1640841569211489792,0.428257,0.784648,0.690698,0.727353,0.039564,0.011617,-0.685024
1640841569215149824,0.432211,0.780888,0.691634,0.727904,0.039087,0.010883,-0.684478
1640841569215799808,0.432913,0.780220,0.691802,0.728002,0.039002,0.010755,-0.684380
1640841569220209920,0.437670,0.775680,0.692948,0.728675,0.038407,0.009913,-0.683711
1640841569222429952,0.440061,0.773392,0.693531,0.729019,0.038090,0.009515,-0.683367
1640841569224989952,0.442816,0.770751,0.694209,0.729421,0.037705,0.009081,-0.682965
1640841569225829888,0.443720,0.769884,0.694433,0.729554,0.037574,0.008943,-0.682832
1640841569229920000,0.448115,0.765658,0.695531,0.730200,0.036938,0.008282,-0.682184
1640841569231010048,0.449285,0.764530,0.695826,0.730370,0.036776,0.008101,-0.682013
1640841569235149824,0.453725,0.760245,0.696956,0.730998,0.036212,0.007367,-0.681378
1640841569235849984,0.454475,0.759520,0.697148,0.731102,0.036124,0.007236,-0.681272
1640841569239919872,0.458831,0.755300,0.698276,0.731710,0.035642,0.006468,-0.680653
1640841569240389888,0.459334,0.754812,0.698407,0.731781,0.035588,0.006379,-0.680580
1640841569245059840,0.464324,0.749963,0.699720,0.732491,0.035059,0.005502,-0.679851
1640841569245949952,0.465274,0.749038,0.699972,0.732627,0.034957,0.005336,-0.679711
1640841569249889792,0.469475,0.744941,0.701098,0.733224,0.034487,0.004598,-0.679096
1640841569250340096,0.469955,0.744473,0.701227,0.733292,0.034431,0.004514,-0.679026
1640841569255030016,0.474947,0.739590,0.702585,0.733993,0.033822,0.003644,-0.678304
1640841569256290048,0.476286,0.738277,0.702953,0.734182,0.033653,0.003415,-0.678110
1640841569260089856,0.480322,0.734316,0.704072,0.734755,0.033136,0.002746,-0.677517
1640841569260659968,0.480927,0.733722,0.704240,0.734843,0.033058,0.002649,-0.677426
1640841569264999936,0.485528,0.729193,0.705534,0.735513,0.032456,0.001932,-0.676730
1640841569265590016,0.486154,0.728577,0.705711,0.735605,0.032373,0.001835,-0.676635
1640841569269969920,0.490788,0.724003,0.707035,0.736285,0.031733,0.001113,-0.675926
1640841569270390016,0.491232,0.723564,0.707163,0.736350,0.031669,0.001042,-0.675859
1640841569274989824,0.496091,0.718756,0.708572,0.737055,0.030939,0.000235,-0.675125
1640841569275620096,0.496756,0.718098,0.708766,0.737151,0.030835,0.000123,-0.675025
1640841569279980032,0.501351,0.713537,0.710120,0.737819,0.030101,-0.000622,-0.674326
1640841569280529920,0.501930,0.712962,0.710292,0.737905,0.030007,-0.000709,-0.674237
1640841569284960000,0.506591,0.708326,0.711685,0.738603,0.029241,-0.001355,-0.673505
1640841569285549824,0.507211,0.707709,0.711872,0.738697,0.029137,-0.001436,-0.673406
1640841569290479872,0.512387,0.702547,0.713444,0.739486,0.028229,-0.002094,-0.672577
1640841569292419840,0.514420,0.700516,0.714067,0.739796,0.027851,-0.002355,-0.672250
1640841569294899968,0.517018,0.697919,0.714869,0.740192,0.027356,-0.002693,-0.671833
1640841569295359744,0.517500,0.697437,0.715018,0.740265,0.027264,-0.002756,-0.671756
1640841569299919872,0.522269,0.692661,0.716507,0.740987,0.026357,-0.003385,-0.670993
1640841569300489984,0.522864,0.692063,0.716694,0.741077,0.026246,-0.003463,-0.670898
1640841569304960000,0.527530,0.687381,0.718171,0.741771,0.025421,-0.004076,-0.670159
1640841569306039808,0.528655,0.686250,0.718530,0.741937,0.025237,-0.004222,-0.669981
1640841569310040064,0.532821,0.682059,0.719868,0.742541,0.024626,-0.004755,-0.669331
1640841569310720000,0.533529,0.681347,0.720096,0.742643,0.024530,-0.004843,-0.669221
1640841569314939904,0.537915,0.676927,0.721524,0.743282,0.023861,-0.005374,-0.668531
1640841569315439872,0.538434,0.676404,0.721694,0.743360,0.023763,-0.005434,-0.668448
1640841569320339968,0.543517,0.671273,0.723369,0.744130,0.022693,-0.006023,-0.667622
1640841569321250048,0.544460,0.670320,0.723683,0.744271,0.022513,-0.006139,-0.667470
1640841569324979968,0.548321,0.666416,0.724973,0.744833,0.021872,-0.006634,-0.666859
1640841569325510144,0.548869,0.665862,0.725157,0.744911,0.021789,-0.006704,-0.666774
1640841569329870080,0.553373,0.661300,0.726680,0.745551,0.021116,-0.007264,-0.666075
1640841569330319872,0.553837,0.660830,0.726838,0.745617,0.021044,-0.007317,-0.666003
1640841569335089920,0.558755,0.655842,0.728522,0.746313,0.020216,-0.007848,-0.665242
1640841569335660032,0.559342,0.655246,0.728724,0.746396,0.020112,-0.007910,-0.665151
1640841569340090112,0.563899,0.650618,0.730305,0.747041,0.019294,-0.008431,-0.664444
1640841569341699840,0.565553,0.648937,0.730883,0.747275,0.019001,-0.008650,-0.664187
1640841569345530112,0.569484,0.644939,0.732265,0.747827,0.018337,-0.009273,-0.663576
1640841569346479872,0.570458,0.643948,0.732609,0.747963,0.018182,-0.009454,-0.663424
1640841569349910016,0.573971,0.640370,0.733858,0.748456,0.017621,-0.010098,-0.662874
1640841569350429952,0.574504,0.639828,0.734048,0.748531,0.017530,-0.010180,-0.662790
1640841569355510016,0.579696,0.634535,0.735915,0.749272,0.016543,-0.010773,-0.661968
1640841569356649984,0.580860,0.633348,0.736336,0.749439,0.016306,-0.010881,-0.661784
1640841569361519872,0.585825,0.628281,0.738146,0.750147,0.015275,-0.011408,-0.660996
1640841569362219776,0.586538,0.627553,0.738408,0.750248,0.015127,-0.011501,-0.660883
1640841569364879872,0.589245,0.624789,0.739405,0.750631,0.014570,-0.011878,-0.660455
1640841569365309952,0.589682,0.624342,0.739566,0.750692,0.014480,-0.011941,-0.660385
1640841569370859776,0.595318,0.618581,0.741663,0.751489,0.013322,-0.012692,-0.659489
1640841569371869952,0.596343,0.617533,0.742047,0.751634,0.013110,-0.012800,-0.659326
1640841569375469824,0.599990,0.613802,0.743420,0.752155,0.012357,-0.013117,-0.658740
1640841569376240128,0.600770,0.613005,0.743715,0.752266,0.012196,-0.013178,-0.658614
1640841569379889920,0.604460,0.609227,0.745118,0.752794,0.011437,-0.013481,-0.658019
1640841569380509952,0.605087,0.608586,0.745358,0.752883,0.011309,-0.013538,-0.657917
1640841569385040128,0.609658,0.603904,0.747113,0.753533,0.010382,-0.013990,-0.657180
1640841569386309888,0.610938,0.602593,0.747607,0.753713,0.010125,-0.014123,-0.656974
1640841569390099968,0.614754,0.598684,0.749089,0.754246,0.009362,-0.014515,-0.656365
1640841569390599936,0.615257,0.598169,0.749286,0.754316,0.009262,-0.014565,-0.656285
1640841569394969856,0.619647,0.593668,0.751007,0.754920,0.008400,-0.014993,-0.655592
1640841569395490048,0.620169,0.593133,0.751213,0.754991,0.008299,-0.015045,-0.655510
1640841569399960064,0.624650,0.588539,0.752987,0.755610,0.007459,-0.015520,-0.654796
1640841569400589824,0.625281,0.587892,0.753238,0.755698,0.007344,-0.015593,-0.654694
1640841569405589760,0.630281,0.582764,0.755240,0.756398,0.006474,-0.016213,-0.653878
1640841569406899968,0.631590,0.581422,0.755767,0.756581,0.006254,-0.016376,-0.653665
1640841569410299904,0.634982,0.577942,0.757140,0.757047,0.005694,-0.016775,-0.653120
1640841569411170048,0.635849,0.577053,0.757492,0.757164,0.005552,-0.016869,-0.652983
1640841569414979840,0.639643,0.573162,0.759041,0.757671,0.004929,-0.017251,-0.652391
1640841569415589888,0.640249,0.572540,0.759290,0.757751,0.004828,-0.017310,-0.652296
1640841569420079872,0.644711,0.567963,0.761128,0.758344,0.004057,-0.017748,-0.651600
1640841569420879872,0.645504,0.567149,0.761456,0.758451,0.003912,-0.017830,-0.651475
1640841569426759936,0.651331,0.561173,0.763884,0.759241,0.002832,-0.018465,-0.650541
1640841569427579904,0.652143,0.560341,0.764224,0.759351,0.002684,-0.018554,-0.650411
1640841569430739968,0.655267,0.557138,0.765539,0.759775,0.002143,-0.018887,-0.649908
1640841569431249920,0.655770,0.556622,0.765752,0.759843,0.002059,-0.018939,-0.649828
1640841569435000064,0.659471,0.552828,0.767321,0.760341,0.001452,-0.019304,-0.649235
1640841569435809792,0.660270,0.552010,0.767661,0.760449,0.001320,-0.019378,-0.649107
1640841569440140032,0.664534,0.547640,0.769484,0.761026,0.000570,-0.019743,-0.648421
1640841569442259968,0.666619,0.545504,0.770381,0.761310,0.000161,-0.019902,-0.648082
1640841569445109760,0.669418,0.542637,0.771591,0.761693,-0.000421,-0.020098,-0.647626
1640841569447759872,0.672018,0.539975,0.772719,0.762047,-0.000960,-0.020273,-0.647204
1640841569450170112,0.674380,0.537557,0.773750,0.762364,-0.001419,-0.020433,-0.646824
1640841569453019904,0.677170,0.534703,0.774972,0.762734,-0.001915,-0.020627,-0.646380
1640841569458509824,0.682534,0.529216,0.777339,0.763447,-0.002791,-0.020993,-0.645523
1640841569459339776,0.683344,0.528388,0.777698,0.763556,-0.002921,-0.021046,-0.645392
1640841569459939840,0.683929,0.527790,0.777958,0.763635,-0.003015,-0.021083,-0.645297
1640841569460499968,0.684476,0.527232,0.778201,0.763709,-0.003104,-0.021118,-0.645208
1640841569465109760,0.688966,0.522644,0.780206,0.764330,-0.003856,-0.021380,-0.644459
1640841569466329856,0.690153,0.521431,0.780739,0.764495,-0.004058,-0.021444,-0.644260
1640841569470710016,0.694409,0.517087,0.782658,0.765077,-0.004770,-0.021652,-0.643557
1640841569471879936,0.695545,0.515928,0.783172,0.765228,-0.004954,-0.021703,-0.643374
1640841569475009792,0.698580,0.512833,0.784552,0.765628,-0.005432,-0.021839,-0.642890
1640841569475680000,0.699229,0.512171,0.784848,0.765712,-0.005532,-0.021868,-0.642787
1640841569479909888,0.703323,0.508000,0.786721,0.766247,-0.006136,-0.022065,-0.642138
1640841569480409856,0.703807,0.507507,0.786944,0.766310,-0.006204,-0.022090,-0.642061
1640841569485119744,0.708356,0.502877,0.789042,0.766909,-0.006825,-0.022340,-0.641331
1640841569485839872,0.709050,0.502170,0.789364,0.767000,-0.006916,-0.022380,-0.641219
1640841569490479872,0.713521,0.497624,0.791444,0.767587,-0.007482,-0.022628,-0.640501
1640841569491899904,0.714888,0.496236,0.792083,0.767766,-0.007649,-0.022699,-0.640283
1640841569495030016,0.717898,0.493180,0.793494,0.768156,-0.008003,-0.022854,-0.639805
1640841569495970048,0.718801,0.492263,0.793919,0.768272,-0.008104,-0.022902,-0.639662
1640841569499980032,0.722649,0.488360,0.795737,0.768765,-0.008505,-0.023116,-0.639057
1640841569500659968,0.723301,0.487699,0.796046,0.768848,-0.008567,-0.023156,-0.638955
1640841569505319936,0.727764,0.483179,0.798169,0.769413,-0.008963,-0.023439,-0.638258
1640841569505990144,0.728405,0.482530,0.798475,0.769494,-0.009019,-0.023478,-0.638158
1640841569511629824,0.733794,0.477081,0.801061,0.770180,-0.009538,-0.023730,-0.637314
1640841569513209856,0.735301,0.475558,0.801788,0.770374,-0.009708,-0.023767,-0.637075
1640841569518769920,0.740599,0.470213,0.804356,0.771067,-0.010354,-0.023845,-0.636223
1640841569519419904,0.741217,0.469589,0.804657,0.771149,-0.010431,-0.023854,-0.636122
1640841569520079872,0.741845,0.468956,0.804963,0.771232,-0.010508,-0.023864,-0.636019
1640841569520699904,0.742435,0.468362,0.805251,0.771311,-0.010580,-0.023875,-0.635923
1640841569526160128,0.747622,0.463141,0.807791,0.772005,-0.011180,-0.023972,-0.635066
1640841569526799872,0.748229,0.462530,0.808090,0.772085,-0.011245,-0.023983,-0.634967
1640841569530210048,0.751462,0.459281,0.809685,0.772511,-0.011568,-0.024023,-0.634442
1640841569530949888,0.752163,0.458577,0.810031,0.772602,-0.011632,-0.024028,-0.634330
1640841569535179776,0.756167,0.454561,0.812018,0.773117,-0.011974,-0.024031,-0.633695
1640841569536859904,0.757755,0.452969,0.812809,0.773322,-0.012106,-0.024023,-0.633443
1640841569540320000,0.761023,0.449696,0.814442,0.773749,-0.012387,-0.023998,-0.632916
1640841569541060096,0.761721,0.448998,0.814792,0.773842,-0.012451,-0.023992,-0.632801
1640841569544940032,0.765380,0.445340,0.816631,0.774338,-0.012802,-0.023956,-0.632189
1640841569547699968,0.767979,0.442745,0.817942,0.774693,-0.013040,-0.023926,-0.631750
1640841569550040064,0.770181,0.440549,0.819057,0.774990,-0.013211,-0.023895,-0.631384
1640841569551040000,0.771122,0.439612,0.819534,0.775114,-0.013272,-0.023881,-0.631230
1640841569555029760,0.774870,0.435879,0.821442,0.775603,-0.013457,-0.023830,-0.630627
1640841569555779840,0.775574,0.435179,0.821801,0.775694,-0.013483,-0.023823,-0.630516
1640841569559869952,0.779410,0.431367,0.823764,0.776183,-0.013592,-0.023820,-0.629911
1640841569560359936,0.779869,0.430911,0.824000,0.776242,-0.013602,-0.023825,-0.629838
1640841569565049856,0.784260,0.426556,0.826260,0.776800,-0.013681,-0.023902,-0.629145
1640841569565549824,0.784728,0.426093,0.826502,0.776859,-0.013688,-0.023912,-0.629071
1640841569569959936,0.788849,0.422014,0.828636,0.777385,-0.013744,-0.023980,-0.628418
1640841569571159808,0.789970,0.420906,0.829218,0.777528,-0.013759,-0.023988,-0.628240
1640841569575039744,0.793589,0.417332,0.831103,0.777995,-0.013813,-0.023950,-0.627662
1640841569575619840,0.794130,0.416799,0.831386,0.778065,-0.013822,-0.023934,-0.627576
1640841569580289792,0.798479,0.412514,0.833664,0.778631,-0.013908,-0.023730,-0.626878
1640841569580780032,0.798935,0.412065,0.833903,0.778690,-0.013916,-0.023712,-0.626806
1640841569584909824,0.802775,0.408290,0.835925,0.779181,-0.013975,-0.023660,-0.626196
1640841569585359872,0.803193,0.407880,0.836146,0.779234,-0.013981,-0.023662,-0.626130
1640841569589969920,0.807472,0.403682,0.838410,0.779779,-0.014054,-0.023676,-0.625449
1640841569590459904,0.807926,0.403237,0.838651,0.779837,-0.014065,-0.023672,-0.625376
1640841569595229952,0.812347,0.398912,0.841004,0.780411,-0.014189,-0.023568,-0.624661
1640841569596419840,0.813448,0.397835,0.841591,0.780555,-0.014226,-0.023527,-0.624482
1640841569599859968,0.816630,0.394729,0.843294,0.780967,-0.014337,-0.023390,-0.623969
1640841569600279808,0.817018,0.394350,0.843502,0.781017,-0.014351,-0.023372,-0.623907
1640841569605280000,0.821637,0.389853,0.845984,0.781608,-0.014512,-0.023149,-0.623171
1640841569606560000,0.822818,0.388704,0.846621,0.781759,-0.014550,-0.023090,-0.622983
1640841569611349760,0.827233,0.384417,0.849009,0.782327,-0.014665,-0.022877,-0.622275
1640841569613019904,0.828771,0.382926,0.849843,0.782527,-0.014693,-0.022807,-0.622025
1640841569614959872,0.830556,0.381196,0.850813,0.782759,-0.014717,-0.022725,-0.621735
1640841569615569920,0.831117,0.380653,0.851118,0.782832,-0.014722,-0.022699,-0.621645
1640841569619920128,0.835116,0.376787,0.853298,0.783343,-0.014739,-0.022497,-0.621008
1640841569620450048,0.835602,0.376317,0.853564,0.783404,-0.014738,-0.022469,-0.620932
1640841569625099776,0.839869,0.372201,0.855902,0.783931,-0.014701,-0.022207,-0.620276
1640841569627019776,0.841629,0.370506,0.856869,0.784149,-0.014671,-0.022087,-0.620006
1640841569629920000,0.844286,0.367950,0.858332,0.784482,-0.014608,-0.021896,-0.619592
1640841569630459904,0.844780,0.367475,0.858605,0.784545,-0.014594,-0.021860,-0.619514
1640841569634949888,0.848888,0.363533,0.860875,0.785079,-0.014451,-0.021562,-0.618851
1640841569635369984,0.849272,0.363165,0.861088,0.785130,-0.014436,-0.021536,-0.618788
1640841569639959808,0.853464,0.359151,0.863415,0.785677,-0.014258,-0.021332,-0.618105
1640841569640549888,0.854002,0.358636,0.863715,0.785746,-0.014234,-0.021318,-0.618018
1640841569645639936,0.858644,0.354204,0.866303,0.786331,-0.014018,-0.021296,-0.617279
1640841569646700032,0.859609,0.353283,0.866843,0.786451,-0.013968,-0.021300,-0.617128
1640841569649949952,0.862568,0.350465,0.868501,0.786818,-0.013797,-0.021289,-0.616664
1640841569650569984,0.863132,0.349928,0.868817,0.786888,-0.013761,-0.021281,-0.616576
1640841569655219968,0.867359,0.345911,0.871194,0.787414,-0.013479,-0.021170,-0.615914
1640841569656339968,0.868376,0.344946,0.871767,0.787541,-0.013411,-0.021134,-0.615754
1640841569659969792,0.871671,0.341824,0.873628,0.787953,-0.013203,-0.021002,-0.615236
1640841569660620032,0.872261,0.341265,0.873962,0.788027,-0.013170,-0.020977,-0.615143
1640841569664960000,0.876194,0.337546,0.876191,0.788520,-0.012964,-0.020810,-0.614521
1640841569665449984,0.876638,0.337127,0.876443,0.788575,-0.012942,-0.020791,-0.614451
1640841569669939968,0.880702,0.333294,0.878755,0.789082,-0.012752,-0.020621,-0.613809
1640841569670329856,0.881054,0.332961,0.878956,0.789126,-0.012736,-0.020607,-0.613753
1640841569675059968,0.885329,0.328939,0.881398,0.789658,-0.012545,-0.020422,-0.613079
1640841569675539968,0.885762,0.328532,0.881646,0.789712,-0.012527,-0.020400,-0.613010
1640841569680049920,0.889832,0.324712,0.883979,0.790228,-0.012385,-0.020134,-0.612357
1640841569680679936,0.890400,0.324180,0.884305,0.790301,-0.012370,-0.020087,-0.612264
1640841569685689856,0.894913,0.319955,0.886903,0.790890,-0.012269,-0.019653,-0.611519
1640841569686249984,0.895418,0.319483,0.887194,0.790956,-0.012259,-0.019602,-0.611436
1640841569690519808,0.899258,0.315897,0.889413,0.791457,-0.012169,-0.019235,-0.610802
1640841569691559936,0.900194,0.315025,0.889954,0.791577,-0.012143,-0.019153,-0.610648
1640841569695020032,0.903301,0.312130,0.891756,0.791976,-0.012047,-0.018896,-0.610140
1640841569695579904,0.903804,0.311662,0.892048,0.792041,-0.012030,-0.018855,-0.610058
1640841569699909888,0.907689,0.308050,0.894307,0.792541,-0.011898,-0.018524,-0.609421
1640841569700310016,0.908047,0.307717,0.894516,0.792587,-0.011886,-0.018491,-0.609362
1640841569704979968,0.912231,0.303837,0.896957,0.793132,-0.011732,-0.018081,-0.608668
1640841569705479936,0.912679,0.303422,0.897219,0.793190,-0.011714,-0.018036,-0.608594
1640841569709879808,0.916615,0.299780,0.899524,0.793701,-0.011506,-0.017652,-0.607943
1640841569710279936,0.916972,0.299449,0.899733,0.793747,-0.011483,-0.017619,-0.607884
1640841569714929920,0.921126,0.295614,0.902173,0.794281,-0.011172,-0.017240,-0.607203
1640841569715569920,0.921697,0.295087,0.902510,0.794354,-0.011126,-0.017186,-0.607110
1640841569720089856,0.925729,0.291373,0.904886,0.794874,-0.010786,-0.016770,-0.606447
1640841569722099968,0.927520,0.289725,0.905944,0.795107,-0.010633,-0.016563,-0.606150
1640841569724910080,0.930023,0.287426,0.907424,0.795433,-0.010411,-0.016269,-0.605734
1640841569725349888,0.930414,0.287066,0.907656,0.795484,-0.010375,-0.016224,-0.605669
1640841569729889792,0.934452,0.283362,0.910050,0.796006,-0.009970,-0.015808,-0.605001
1640841569730389760,0.934897,0.282954,0.910314,0.796062,-0.009921,-0.015771,-0.604928
1640841569734919936,0.938921,0.279271,0.912708,0.796572,-0.009439,-0.015491,-0.604272
1640841569735669760,0.939586,0.278662,0.913104,0.796655,-0.009355,-0.015451,-0.604164
1640841569740229888,0.943631,0.274968,0.915518,0.797162,-0.008840,-0.015204,-0.603509
1640841569741279744,0.944561,0.274119,0.916074,0.797279,-0.008724,-0.015140,-0.603358
1640841569745929984,0.948679,0.270366,0.918539,0.797797,-0.008222,-0.014819,-0.602688
1640841569746429952,0.949121,0.269963,0.918805,0.797853,-0.008170,-0.014783,-0.602616
1640841569750079744,0.952349,0.267027,0.920742,0.798260,-0.007789,-0.014513,-0.602087
1640841569750710016,0.952906,0.266520,0.921077,0.798331,-0.007724,-0.014467,-0.601996
1640841569755049984,0.956740,0.263039,0.923384,0.798815,-0.007283,-0.014155,-0.601366
1640841569756669952,0.958169,0.261742,0.924246,0.798994,-0.007122,-0.014040,-0.601133
1640841569759929856,0.961045,0.259136,0.925982,0.799351,-0.006808,-0.013806,-0.600667
1640841569760369920,0.961433,0.258785,0.926216,0.799399,-0.006767,-0.013775,-0.600604
1640841569764940032,0.965458,0.255142,0.928653,0.799889,-0.006353,-0.013436,-0.599964
1640841569765339904,0.965810,0.254824,0.928866,0.799932,-0.006318,-0.013405,-0.599908
1640841569771219968,0.970983,0.250153,0.932005,0.800560,-0.005826,-0.012920,-0.599085
1640841569772909824,0.972467,0.248813,0.932908,0.800744,-0.005692,-0.012766,-0.598844
1640841569775130112,0.974417,0.247056,0.934095,0.800986,-0.005520,-0.012552,-0.598526
1640841569775820032,0.975023,0.246510,0.934464,0.801062,-0.005468,-0.012483,-0.598426
1640841569779959808,0.978655,0.243240,0.936679,0.801521,-0.005163,-0.012038,-0.597824
1640841569780509952,0.979137,0.242806,0.936974,0.801582,-0.005124,-0.011975,-0.597743
1640841569784999936,0.983071,0.239269,0.939379,0.802082,-0.004813,-0.011440,-0.597085
1640841569785629952,0.983623,0.238774,0.939717,0.802152,-0.004771,-0.011363,-0.596993
1640841569790159872,0.987586,0.235215,0.942147,0.802651,-0.004484,-0.010807,-0.596335
1640841569791520000,0.988775,0.234149,0.942877,0.802798,-0.004403,-0.010643,-0.596140
1640841569794979840,0.991798,0.231439,0.944734,0.803171,-0.004192,-0.010239,-0.595646
1640841569795509760,0.992261,0.231024,0.945019,0.803228,-0.004157,-0.010178,-0.595571
1640841569799889920,0.996083,0.227602,0.947373,0.803699,-0.003826,-0.009708,-0.594944
1640841569800580096,0.996684,0.227063,0.947745,0.803774,-0.003764,-0.009639,-0.594844
1640841569805090048,1.000614,0.223548,0.950171,0.804266,-0.003303,-0.009203,-0.594189
1640841569805969920,1.001380,0.222863,0.950645,0.804362,-0.003206,-0.009119,-0.594060
1640841569810169856,1.005034,0.219598,0.952907,0.804816,-0.002740,-0.008699,-0.593454
1640841569810860032,1.005634,0.219063,0.953278,0.804890,-0.002664,-0.008626,-0.593355
1640841569814960128,1.009197,0.215882,0.955489,0.805324,-0.002213,-0.008180,-0.592774
1640841569815389952,1.009570,0.215549,0.955720,0.805369,-0.002165,-0.008133,-0.592714
1640841569820369920,1.013891,0.211695,0.958407,0.805886,-0.001575,-0.007591,-0.592019
1640841569821600000,1.014957,0.210745,0.959071,0.806013,-0.001418,-0.007462,-0.591849
1640841569824979968,1.017885,0.208135,0.960896,0.806361,-0.000965,-0.007125,-0.591380
1640841569825499904,1.018335,0.207734,0.961177,0.806414,-0.000893,-0.007075,-0.591308
1640841569830060032,1.022281,0.204220,0.963641,0.806885,-0.000266,-0.006661,-0.590671
1640841569830589952,1.022739,0.203812,0.963928,0.806940,-0.000194,-0.006616,-0.590596
1640841569834909952,1.026471,0.200490,0.966264,0.807392,0.000384,-0.006251,-0.589983
1640841569835480064,1.026963,0.200052,0.966572,0.807451,0.000459,-0.006203,-0.589901
1640841569840009984,1.030872,0.196574,0.969024,0.807926,0.001042,-0.005798,-0.589255
1640841569840629760,1.031406,0.196099,0.969360,0.807991,0.001120,-0.005738,-0.589166
1640841569845009920,1.035179,0.192743,0.971732,0.808447,0.001664,-0.005296,-0.588543
1640841569845759744,1.035825,0.192169,0.972138,0.808525,0.001757,-0.005218,-0.588436
1640841569849949952,1.039429,0.188964,0.974409,0.808959,0.002271,-0.004791,-0.587841
1640841569850729984,1.040100,0.188368,0.974832,0.809039,0.002367,-0.004714,-0.587731
1640841569854949888,1.043725,0.185145,0.977120,0.809475,0.002886,-0.004308,-0.587131
1640841569855419904,1.044128,0.184786,0.977375,0.809524,0.002944,-0.004263,-0.587064
1640841569859939840,1.048005,0.181340,0.979827,0.809993,0.003491,-0.003832,-0.586416
1640841569860399872,1.048400,0.180989,0.980077,0.810041,0.003546,-0.003788,-0.586350
1640841569865049856,1.052382,0.177448,0.982602,0.810529,0.004100,-0.003331,-0.585674
1640841569866159872,1.053332,0.176604,0.983205,0.810646,0.004234,-0.003220,-0.585512
1640841569870249984,1.056830,0.173494,0.985426,0.811078,0.004734,-0.002801,-0.584912
1640841569871300096,1.057727,0.172696,0.985997,0.811189,0.004866,-0.002690,-0.584757
1640841569874969856,1.060860,0.169908,0.987991,0.811577,0.005338,-0.002301,-0.584216
1640841569875559680,1.061364,0.169461,0.988312,0.811640,0.005416,-0.002238,-0.584129
1640841569879989760,1.065141,0.166099,0.990721,0.812109,0.006007,-0.001769,-0.583472
1640841569880489728,1.065567,0.165720,0.990993,0.812162,0.006075,-0.001717,-0.583398
1640841569885179904,1.069560,0.162165,0.993544,0.812658,0.006727,-0.001245,-0.582701
1640841569885849856,1.070130,0.161658,0.993909,0.812729,0.006823,-0.001181,-0.582601
1640841569889859840,1.073539,0.158621,0.996091,0.813154,0.007412,-0.000824,-0.582001
1640841569890230016,1.073854,0.158341,0.996292,0.813193,0.007468,-0.000794,-0.581945
1640841569895379968,1.078226,0.154443,0.999096,0.813737,0.008279,-0.000406,-0.581174
1640841569895879936,1.078650,0.154065,0.999368,0.813789,0.008361,-0.000372,-0.581100
1640841569899969792,1.082116,0.150972,1.001595,0.814211,0.009057,-0.000101,-0.580498
1640841569900450048,1.082523,0.150609,1.001857,0.814260,0.009142,-0.000070,-0.580429
1640841569905109760,1.086467,0.147086,1.004395,0.814724,0.009990,0.000224,-0.579762
1640841569905809920,1.087059,0.146557,1.004776,0.814793,0.010121,0.000269,-0.579664
1640841569909969920,1.090574,0.143414,1.007043,0.815198,0.010911,0.000537,-0.579079
1640841569910490112,1.091013,0.143021,1.007327,0.815249,0.011011,0.000571,-0.579006
1640841569915279872,1.095055,0.139403,1.009937,0.815711,0.011934,0.000891,-0.578336
1640841569915869952,1.095553,0.138957,1.010259,0.815768,0.012047,0.000930,-0.578253
1640841569919940096,1.098982,0.135883,1.012478,0.816161,0.012829,0.001195,-0.577681
1640841569921380096,1.100194,0.134795,1.013263,0.816301,0.013102,0.001286,-0.577477
1640841569924919808,1.103172,0.132122,1.015193,0.816643,0.013766,0.001505,-0.576977
1640841569925319936,1.103509,0.131819,1.015411,0.816682,0.013841,0.001530,-0.576920
1640841569929980160,1.107424,0.128299,1.017953,0.817124,0.014687,0.001826,-0.576272
1640841569930619904,1.107961,0.127816,1.018302,0.817184,0.014801,0.001868,-0.576184
1640841569935030016,1.111660,0.124484,1.020707,0.817590,0.015562,0.002186,-0.575587
1640841569935699968,1.112222,0.123978,1.021072,0.817652,0.015675,0.002239,-0.575496
1640841569939999744,1.115823,0.120728,1.023418,0.818055,0.016367,0.002637,-0.574901
1640841569940640000,1.116359,0.120244,1.023767,0.818117,0.016466,0.002705,-0.574810
1640841569945149952,1.120131,0.116834,1.026228,0.818564,0.017142,0.003245,-0.574150
1640841569946779904,1.121493,0.115601,1.027117,0.818729,0.017386,0.003447,-0.573907
1640841569950320128,1.124449,0.112923,1.029049,0.819080,0.017943,0.003849,-0.573386
1640841569950939904,1.124966,0.112454,1.029387,0.819140,0.018046,0.003912,-0.573296
1640841569955499776,1.128768,0.109001,1.031875,0.819571,0.018836,0.004328,-0.572651
1640841569956699904,1.129767,0.108092,1.032530,0.819682,0.019050,0.004434,-0.572485
1640841569959889920,1.132423,0.105674,1.034271,0.819970,0.019619,0.004732,-0.572050
1640841569960199936,1.132681,0.105439,1.034440,0.819998,0.019675,0.004763,-0.572009
1640841569965019904,1.136688,0.101783,1.037070,0.820423,0.020542,0.005271,-0.571363
1640841569965709824,1.137261,0.101260,1.037447,0.820484,0.020669,0.005346,-0.571271
1640841569969959936,1.140788,0.098032,1.039766,0.820856,0.021480,0.005803,-0.570701
1640841569971109888,1.141742,0.097159,1.040394,0.820958,0.021709,0.005922,-0.570545
1640841569975040000,1.144998,0.094171,1.042539,0.821304,0.022515,0.006311,-0.570011
1640841569977319936,1.146885,0.092436,1.043783,0.821503,0.022984,0.006526,-0.569704
1640841569979840000,1.148969,0.090517,1.045158,0.821719,0.023492,0.006756,-0.569368
1640841569980209920,1.149275,0.090235,1.045360,0.821750,0.023565,0.006789,-0.569320
1640841569985250048,1.153437,0.086392,1.048111,0.822170,0.024536,0.007236,-0.568666
1640841569985819904,1.153907,0.085957,1.048422,0.822217,0.024644,0.007287,-0.568593
1640841569990899968,1.158095,0.082077,1.051194,0.822634,0.025611,0.007751,-0.567941
1640841569991749888,1.158794,0.081427,1.051658,0.822704,0.025775,0.007832,-0.567831
1640841569994929920,1.161411,0.078994,1.053394,0.822968,0.026388,0.008148,-0.567416
1640841569995339776,1.161748,0.078680,1.053617,0.823002,0.026466,0.008190,-0.567362
1640841569999919872,1.165511,0.075171,1.056117,0.823395,0.027297,0.008687,-0.566745
1640841570000599808,1.166069,0.074649,1.056488,0.823455,0.027413,0.008765,-0.566651
1640841570005489920,1.170078,0.070894,1.059156,0.823890,0.028194,0.009342,-0.565971
1640841570007639808,1.171839,0.069240,1.060330,0.824080,0.028526,0.009595,-0.565674
1640841570010190080,1.173925,0.067277,1.061721,0.824299,0.028924,0.009884,-0.565330
1640841570012349952,1.175691,0.065612,1.062900,0.824479,0.029269,0.010119,-0.565045
1640841570015019776,1.177871,0.063552,1.064356,0.824698,0.029704,0.010399,-0.564698
1640841570015589888,1.178337,0.063112,1.064667,0.824744,0.029798,0.010458,-0.564624
1640841570019919872,1.181867,0.059765,1.067030,0.825098,0.030523,0.010895,-0.564059
1640841570021169920,1.182885,0.058797,1.067712,0.825202,0.030735,0.011020,-0.563893
1640841570025049856,1.186042,0.055790,1.069828,0.825531,0.031400,0.011411,-0.563367
1640841570025989888,1.186806,0.055060,1.070341,0.825612,0.031562,0.011507,-0.563238
1640841570030419712,1.190403,0.051618,1.072757,0.825994,0.032338,0.011977,-0.562623
1640841570031040000,1.190906,0.051135,1.073095,0.826048,0.032448,0.012045,-0.562536
1640841570034889984,1.194026,0.048136,1.075195,0.826377,0.033139,0.012468,-0.562003
1640841570035359744,1.194407,0.047769,1.075451,0.826417,0.033225,0.012519,-0.561939
1640841570039959808,1.198127,0.044175,1.077960,0.826795,0.034078,0.013002,-0.561319
1640841570040989952,1.198959,0.043370,1.078521,0.826877,0.034274,0.013103,-0.561184
1640841570044899840,1.202114,0.040306,1.080653,0.827184,0.035035,0.013463,-0.560677
1640841570045580032,1.202663,0.039772,1.081023,0.827237,0.035171,0.013522,-0.560589
1640841570049890048,1.206134,0.036385,1.083373,0.827575,0.036060,0.013867,-0.560025
1640841570050349824,1.206504,0.036023,1.083623,0.827611,0.036158,0.013901,-0.559963
1640841570054949888,1.210200,0.032396,1.086130,0.827982,0.037173,0.014215,-0.559340
1640841570055569920,1.210698,0.031907,1.086468,0.828032,0.037315,0.014254,-0.559255
1640841570060940032,1.215003,0.027658,1.089393,0.828457,0.038587,0.014573,-0.558532
1640841570061519872,1.215467,0.027198,1.089709,0.828501,0.038729,0.014606,-0.558456
1640841570064950016,1.218211,0.024475,1.091577,0.828756,0.039578,0.014799,-0.558012
1640841570065469952,1.218626,0.024061,1.091861,0.828794,0.039707,0.014829,-0.557946
1640841570069890048,1.222155,0.020542,1.094267,0.829118,0.040786,0.015083,-0.557380
1640841570070339840,1.222514,0.020183,1.094512,0.829151,0.040892,0.015110,-0.557322
1640841570076109824,1.227109,0.015570,1.097653,0.829581,0.042221,0.015452,-0.556573
1640841570077789952,1.228444,0.014223,1.098567,0.829707,0.042598,0.015546,-0.556355
1640841570080009984,1.230208,0.012441,1.099775,0.829872,0.043095,0.015661,-0.556067
1640841570080479744,1.230581,0.012063,1.100031,0.829906,0.043200,0.015684,-0.556007
1640841570085049856,1.234205,0.008384,1.102517,0.830243,0.044215,0.015889,-0.555417
1640841570086370048,1.235250,0.007319,1.103234,0.830341,0.044504,0.015946,-0.555247
1640841570090429952,1.238462,0.004036,1.105442,0.830645,0.045376,0.016133,-0.554716
1640841570091679744,1.239449,0.003023,1.106121,0.830740,0.045637,0.016197,-0.554550
1640841570095810048,1.242708,-0.000331,1.108366,0.831059,0.046474,0.016434,-0.553995
1640841570096329984,1.243118,-0.000754,1.108648,0.831100,0.046577,0.016467,-0.553925
1640841570099979776,1.245993,-0.003728,1.110631,0.831384,0.047280,0.016713,-0.553432
1640841570100549888,1.246441,-0.004193,1.110941,0.831428,0.047387,0.016754,-0.553355
1640841570105009920,1.249947,-0.007842,1.113363,0.831775,0.048201,0.017087,-0.552753
1640841570105819904,1.250583,-0.008506,1.113802,0.831838,0.048343,0.017149,-0.552643
1640841570110019840,1.253876,-0.011956,1.116081,0.832174,0.049059,0.017465,-0.552064
1640841570112699904,1.255975,-0.014164,1.117535,0.832394,0.049498,0.017659,-0.551687
1640841570114929920,1.257719,-0.016006,1.118745,0.832579,0.049858,0.017820,-0.551370
1640841570115459840,1.258133,-0.016444,1.119032,0.832623,0.049944,0.017858,-0.551294
1640841570119920128,1.261616,-0.020139,1.121450,0.832993,0.050677,0.018188,-0.550657
1640841570121289984,1.262684,-0.021277,1.122192,0.833106,0.050910,0.018293,-0.550462
1640841570124929792,1.265519,-0.024307,1.124164,0.833399,0.051544,0.018585,-0.549949
1640841570125319936,1.265823,-0.024633,1.124375,0.833430,0.051613,0.018617,-0.549895
1640841570129910016,1.269391,-0.028470,1.126860,0.833787,0.052431,0.019010,-0.549262
1640841570130539776,1.269880,-0.028998,1.127201,0.833835,0.052544,0.019066,-0.549176
1640841570134949888,1.273300,-0.032702,1.129587,0.834167,0.053333,0.019454,-0.548582
1640841570135449856,1.273688,-0.033123,1.129857,0.834205,0.053423,0.019496,-0.548515
1640841570139899904,1.277132,-0.036878,1.132262,0.834542,0.054227,0.019844,-0.547909
1640841570140249856,1.277402,-0.037174,1.132451,0.834569,0.054291,0.019869,-0.547861
1640841570144979968,1.281055,-0.041184,1.135006,0.834938,0.055154,0.020163,-0.547201
1640841570145619968,1.281549,-0.041728,1.135352,0.834988,0.055270,0.020200,-0.547112
1640841570149939968,1.284878,-0.045409,1.137683,0.835319,0.056047,0.020445,-0.546519
1640841570150409984,1.285239,-0.045810,1.137936,0.835354,0.056130,0.020472,-0.546456
1640841570155089920,1.288837,-0.049817,1.140460,0.835693,0.056941,0.020770,-0.545842
1640841570156039936,1.289567,-0.050633,1.140972,0.835760,0.057103,0.020836,-0.545719
1640841570159899904,1.292528,-0.053955,1.143051,0.836037,0.057754,0.021125,-0.545216
1640841570160349952,1.292873,-0.054344,1.143293,0.836070,0.057830,0.021161,-0.545156
1640841570165199872,1.296586,-0.058538,1.145903,0.836426,0.058638,0.021541,-0.544508
1640841570165769728,1.297021,-0.059033,1.146210,0.836468,0.058732,0.021583,-0.544431
1640841570173019904,1.302556,-0.065346,1.150106,0.837009,0.059915,0.021997,-0.543453
1640841570173549824,1.302960,-0.065809,1.150391,0.837049,0.060000,0.022022,-0.543382
1640841570176479744,1.305191,-0.068376,1.151964,0.837266,0.060457,0.022168,-0.542991
1640841570176909824,1.305518,-0.068753,1.152194,0.837298,0.060523,0.022191,-0.542934
1640841570179889920,1.307784,-0.071373,1.153793,0.837515,0.060966,0.022385,-0.542541
1640841570180349952,1.308134,-0.071778,1.154040,0.837548,0.061033,0.022421,-0.542481
1640841570185099776,1.311739,-0.075972,1.156585,0.837888,0.061688,0.022864,-0.541863
1640841570188059904,1.313983,-0.078597,1.158170,0.838101,0.062074,0.023181,-0.541477
1640841570190249984,1.315641,-0.080544,1.159342,0.838260,0.062354,0.023418,-0.541187
1640841570191539968,1.316617,-0.081693,1.160032,0.838356,0.062517,0.023554,-0.541014
1640841570194899968,1.319156,-0.084694,1.161828,0.838610,0.062938,0.023892,-0.540556
1640841570195449856,1.319571,-0.085186,1.162122,0.838652,0.063007,0.023946,-0.540480
1640841570199950080,1.322966,-0.089225,1.164526,0.838998,0.063568,0.024370,-0.539859
1640841570200719872,1.323546,-0.089918,1.164936,0.839056,0.063665,0.024441,-0.539754
1640841570205029888,1.326791,-0.093808,1.167235,0.839379,0.064208,0.024835,-0.539169
1640841570205580032,1.327204,-0.094306,1.167529,0.839420,0.064278,0.024884,-0.539095
1640841570209969920,1.330503,-0.098290,1.169867,0.839738,0.064847,0.025262,-0.538514
1640841570210719744,1.331065,-0.098972,1.170266,0.839791,0.064946,0.025323,-0.538416
1640841570214899968,1.334199,-0.102787,1.172491,0.840081,0.065511,0.025646,-0.537880
1640841570215299840,1.334499,-0.103153,1.172703,0.840108,0.065565,0.025675,-0.537829
1640841570220659968,1.338509,-0.108074,1.175551,0.840477,0.066294,0.026094,-0.537143
1640841570221849856,1.339399,-0.109170,1.176183,0.840560,0.066451,0.026196,-0.536988
1640841570224989952,1.341743,-0.112070,1.177849,0.840783,0.066848,0.026477,-0.536577
1640841570226439936,1.342824,-0.113413,1.178618,0.840887,0.067021,0.026609,-0.536386
1640841570229889792,1.345395,-0.116617,1.180446,0.841137,0.067392,0.026918,-0.535931
1640841570230379776,1.345760,-0.117073,1.180705,0.841173,0.067440,0.026961,-0.535867
1640841570235129856,1.349293,-0.121507,1.183219,0.841522,0.067854,0.027365,-0.535245
1640841570235859968,1.349836,-0.122190,1.183605,0.841576,0.067914,0.027428,-0.535150
1640841570239899904,1.352835,-0.125984,1.185740,0.841869,0.068257,0.027798,-0.534626
1640841570241050112,1.353688,-0.127067,1.186347,0.841951,0.068361,0.027912,-0.534477
1640841570244959744,1.356584,-0.130760,1.188410,0.842231,0.068708,0.028324,-0.533969
1640841570245799936,1.357206,-0.131556,1.188853,0.842292,0.068779,0.028416,-0.533859
1640841570250309888,1.360541,-0.135841,1.191230,0.842630,0.069095,0.028933,-0.533257
1640841570250880000,1.360962,-0.136384,1.191530,0.842675,0.069124,0.029000,-0.533180
1640841570255149824,1.364113,-0.140464,1.193776,0.843017,0.069293,0.029508,-0.532588
1640841570256709888,1.365263,-0.141960,1.194596,0.843144,0.069345,0.029693,-0.532370
1640841570260029952,1.367708,-0.145153,1.196340,0.843410,0.069480,0.030081,-0.531909
1640841570260659968,1.368171,-0.145760,1.196671,0.843459,0.069511,0.030153,-0.531823
1640841570265410048,1.371663,-0.150352,1.199162,0.843823,0.069802,0.030692,-0.531176
1640841570267180032,1.372962,-0.152069,1.200089,0.843955,0.069927,0.030895,-0.530938
1640841570269969920,1.375009,-0.154784,1.201550,0.844161,0.070131,0.031221,-0.530565
1640841570270540032,1.375427,-0.155340,1.201848,0.844202,0.070174,0.031289,-0.530489
1640841570274909952,1.378627,-0.159612,1.204133,0.844521,0.070495,0.031823,-0.529908
1640841570275559936,1.379102,-0.160250,1.204472,0.844568,0.070541,0.031903,-0.529822
1640841570280580096,1.382771,-0.165188,1.207092,0.844936,0.070887,0.032524,-0.529150
1640841570281139968,1.383180,-0.165741,1.207384,0.844978,0.070924,0.032592,-0.529074
1640841570284869888,1.385901,-0.169431,1.209327,0.845257,0.071159,0.033036,-0.528570
1640841570285289984,1.386207,-0.169848,1.209546,0.845288,0.071186,0.033084,-0.528513
1640841570290069760,1.389687,-0.174603,1.212032,0.845645,0.071494,0.033601,-0.527868
1640841570291030016,1.390385,-0.175561,1.212531,0.845716,0.071561,0.033696,-0.527739
1640841570295460096,1.393604,-0.179996,1.214830,0.846039,0.071881,0.034101,-0.527151
1640841570295960064,1.393967,-0.180498,1.215090,0.846075,0.071918,0.034145,-0.527085
1640841570300659968,1.397375,-0.185230,1.217525,0.846422,0.072243,0.034567,-0.526455
1640841570301240064,1.397795,-0.185816,1.217825,0.846466,0.072279,0.034622,-0.526376
1640841570304899840,1.400444,-0.189522,1.219718,0.846747,0.072482,0.034990,-0.525872
1640841570305209856,1.400668,-0.189836,1.219878,0.846772,0.072497,0.035022,-0.525828
1640841570309959936,1.404101,-0.194670,1.222330,0.847146,0.072700,0.035506,-0.525165
1640841570310749952,1.404671,-0.195477,1.222737,0.847208,0.072728,0.035583,-0.525055
1640841570315069952,1.407786,-0.199899,1.224962,0.847549,0.072868,0.035958,-0.524460
1640841570316689920,1.408953,-0.201563,1.225796,0.847677,0.072915,0.036087,-0.524238
1640841570319919872,1.411277,-0.204890,1.227456,0.847935,0.072998,0.036370,-0.523789
1640841570321529856,1.412435,-0.206552,1.228282,0.848066,0.073036,0.036533,-0.523560
1640841570324940032,1.414884,-0.210084,1.230031,0.848348,0.073111,0.036912,-0.523065
1640841570326739968,1.416176,-0.211953,1.230953,0.848499,0.073149,0.037120,-0.522802
1640841570330149888,1.418621,-0.215505,1.232697,0.848783,0.073219,0.037503,-0.522302
1640841570331490048,1.419581,-0.216904,1.233382,0.848895,0.073247,0.037646,-0.522106
1640841570335000064,1.422092,-0.220579,1.235174,0.849187,0.073317,0.037998,-0.521596
1640841570335520000,1.422464,-0.221125,1.235439,0.849230,0.073327,0.038048,-0.521520
1640841570339869952,1.425572,-0.225701,1.237655,0.849594,0.073399,0.038449,-0.520889
1640841570340240128,1.425836,-0.226091,1.237843,0.849625,0.073404,0.038482,-0.520835
1640841570345059840,1.429274,-0.231189,1.240292,0.850029,0.073472,0.038892,-0.520135
1640841570345850112,1.429837,-0.232027,1.240693,0.850095,0.073484,0.038955,-0.520020
1640841570350259968,1.432976,-0.236717,1.242927,0.850461,0.073573,0.039282,-0.519385
1640841570351439872,1.433815,-0.237976,1.243524,0.850557,0.073605,0.039362,-0.519216
1640841570354929920,1.436295,-0.241708,1.245287,0.850840,0.073723,0.039576,-0.518719
1640841570356609792,1.437488,-0.243509,1.246135,0.850976,0.073788,0.039666,-0.518480
1640841570359979776,1.439878,-0.247132,1.247832,0.851250,0.073926,0.039820,-0.517998
1640841570360499968,1.440247,-0.247692,1.248094,0.851293,0.073948,0.039841,-0.517923
1640841570365020160,1.443448,-0.252573,1.250365,0.851671,0.074106,0.040007,-0.517266
1640841570365880064,1.444056,-0.253505,1.250797,0.851745,0.074125,0.040040,-0.517139
1640841570369869824,1.446877,-0.257835,1.252795,0.852096,0.074140,0.040230,-0.516544
1640841570370400000,1.447252,-0.258412,1.253060,0.852143,0.074132,0.040260,-0.516464
1640841570374899968,1.450429,-0.263319,1.255307,0.852556,0.073991,0.040551,-0.515780
1640841570375520000,1.450866,-0.263997,1.255616,0.852614,0.073966,0.040593,-0.515685
1640841570380219904,1.454178,-0.269149,1.257955,0.853051,0.073777,0.040891,-0.514965
1640841570380940032,1.454685,-0.269940,1.258313,0.853118,0.073753,0.040931,-0.514855
1640841570385349888,1.457789,-0.274798,1.260500,0.853519,0.073682,0.041104,-0.514185
1640841570386479872,1.458583,-0.276046,1.261059,0.853619,0.073693,0.041124,-0.514016
1640841570390089984,1.461120,-0.280043,1.262842,0.853940,0.073723,0.041165,-0.513476
1640841570390739968,1.461576,-0.280764,1.263163,0.853999,0.073708,0.041181,-0.513378
1640841570394929920,1.464516,-0.285421,1.265226,0.854396,0.073436,0.041356,-0.512742
1640841570395439872,1.464874,-0.285989,1.265476,0.854445,0.073390,0.041383,-0.512664
1640841570400079872,1.468125,-0.291171,1.267752,0.854905,0.072968,0.041626,-0.511939
1640841570400879872,1.468685,-0.292066,1.268144,0.854984,0.072906,0.041663,-0.511811
1640841570405560064,1.471960,-0.297318,1.270429,0.855452,0.072589,0.041851,-0.511060
1640841570406259968,1.472449,-0.298105,1.270770,0.855521,0.072545,0.041876,-0.510947
1640841570411699968,1.476250,-0.304240,1.273414,0.856059,0.072199,0.042066,-0.510079
1640841570412229888,1.476620,-0.304839,1.273670,0.856111,0.072162,0.042084,-0.509995
1640841570415299840,1.478763,-0.308316,1.275156,0.856412,0.071942,0.042184,-0.509514
1640841570416069888,1.479300,-0.309189,1.275528,0.856487,0.071885,0.042208,-0.509393
1640841570419849984,1.481936,-0.313485,1.277350,0.856856,0.071588,0.042308,-0.508806
1640841570420349952,1.482284,-0.314054,1.277590,0.856904,0.071547,0.042318,-0.508729
1640841570424919808,1.485467,-0.319267,1.279783,0.857352,0.071161,0.042387,-0.508024
1640841570425570048,1.485920,-0.320011,1.280095,0.857415,0.071105,0.042391,-0.507924
1640841570430219776,1.489155,-0.325338,1.282314,0.857870,0.070705,0.042386,-0.507211
1640841570430719744,1.489503,-0.325912,1.282552,0.857919,0.070663,0.042381,-0.507134
1640841570435069952,1.492527,-0.330915,1.284618,0.858345,0.070295,0.042306,-0.506470
1640841570435619840,1.492909,-0.331549,1.284879,0.858400,0.070246,0.042294,-0.506386
1640841570439919872,1.495895,-0.336513,1.286910,0.858829,0.069822,0.042203,-0.505723
1640841570440389888,1.496222,-0.337057,1.287132,0.858877,0.069770,0.042194,-0.505650
1640841570444949760,1.499386,-0.342341,1.289274,0.859347,0.069199,0.042125,-0.504935
1640841570445539840,1.499796,-0.343026,1.289551,0.859409,0.069117,0.042118,-0.504842
1640841570449889792,1.502812,-0.348086,1.291583,0.859862,0.068478,0.042073,-0.504160
1640841570450520064,1.503249,-0.348820,1.291876,0.859928,0.068380,0.042068,-0.504062
1640841570454909952,1.506291,-0.353945,1.293915,0.860383,0.067668,0.042034,-0.503383
1640841570455379968,1.506617,-0.354494,1.294132,0.860432,0.067588,0.042031,-0.503311
1640841570460000000,1.509817,-0.359906,1.296264,0.860916,0.066769,0.042015,-0.502593
1640841570460509952,1.510170,-0.360505,1.296498,0.860970,0.066674,0.042015,-0.502513
1640841570464920064,1.513223,-0.365688,1.298520,0.861443,0.065829,0.042026,-0.501813
1640841570465379840,1.513541,-0.366230,1.298730,0.861493,0.065738,0.042028,-0.501738
1640841570469979904,1.516724,-0.371655,1.300825,0.861998,0.064823,0.042069,-0.500987
1640841570471319808,1.517651,-0.373238,1.301432,0.862147,0.064555,0.042085,-0.500764
1640841570475239936,1.520363,-0.377878,1.303203,0.862581,0.063766,0.042133,-0.500113
1640841570476969984,1.521559,-0.379929,1.303981,0.862771,0.063417,0.042151,-0.499828
1640841570480019712,1.523668,-0.383550,1.305349,0.863100,0.062798,0.042168,-0.499336
1640841570480999936,1.524346,-0.384716,1.305787,0.863204,0.062598,0.042169,-0.499181
1640841570484900096,1.527042,-0.389359,1.307523,0.863613,0.061793,0.042156,-0.498575
1640841570485319936,1.527332,-0.389860,1.307710,0.863657,0.061705,0.042154,-0.498510
1640841570490020096,1.530582,-0.395471,1.309787,0.864153,0.060697,0.042130,-0.497776
1640841570491430144,1.531556,-0.397158,1.310407,0.864304,0.060386,0.042125,-0.497551
1640841570494949888,1.533989,-0.401373,1.311949,0.864683,0.059603,0.042108,-0.496988
1640841570495529984,1.534390,-0.402069,1.312202,0.864746,0.059475,0.042103,-0.496896
1640841570500019968,1.537494,-0.407460,1.314154,0.865215,0.058499,0.042029,-0.496201
1640841570500419840,1.537771,-0.407940,1.314327,0.865255,0.058415,0.042019,-0.496141
1640841570505100032,1.541006,-0.413574,1.316343,0.865712,0.057454,0.041855,-0.495469
1640841570506039808,1.541656,-0.414707,1.316746,0.865802,0.057262,0.041818,-0.495337
1640841570510159872,1.544506,-0.419680,1.318505,0.866198,0.056392,0.041662,-0.494759
1640841570511010048,1.545093,-0.420707,1.318866,0.866280,0.056204,0.041634,-0.494638
1640841570515869952,1.548455,-0.426587,1.320919,0.866755,0.055070,0.041490,-0.493946
1640841570516609792,1.548967,-0.427484,1.321230,0.866827,0.054888,0.041469,-0.493841
1640841570519879936,1.551230,-0.431449,1.322599,0.867145,0.054051,0.041377,-0.493381
1640841570520339968,1.551549,-0.432008,1.322791,0.867190,0.053929,0.041363,-0.493318
1640841570525039872,1.554803,-0.437718,1.324741,0.867643,0.052634,0.041233,-0.492672
1640841570525879808,1.555384,-0.438740,1.325087,0.867724,0.052394,0.041212,-0.492557
1640841570530010112,1.558245,-0.443769,1.326782,0.868123,0.051184,0.041138,-0.491987
1640841570531329792,1.559160,-0.445378,1.327321,0.868251,0.050789,0.041126,-0.491802
1640841570534889984,1.561628,-0.449721,1.328766,0.868597,0.049699,0.041117,-0.491303
1640841570535379968,1.561967,-0.450319,1.328964,0.868644,0.049546,0.041117,-0.491235
1640841570539990016,1.565165,-0.455953,1.330817,0.869078,0.048052,0.041125,-0.490616
1640841570540679936,1.565644,-0.456797,1.331093,0.869140,0.047819,0.041126,-0.490527
1640841570545179904,1.568768,-0.462307,1.332880,0.869541,0.046263,0.041125,-0.489966
1640841570545889792,1.569261,-0.463177,1.333160,0.869604,0.046014,0.041124,-0.489879
1640841570549909760,1.572054,-0.468106,1.334738,0.869963,0.044592,0.041123,-0.489371
1640841570550400000,1.572395,-0.468707,1.334930,0.870008,0.044420,0.041124,-0.489307
1640841570554949888,1.575559,-0.474295,1.336696,0.870427,0.042829,0.041127,-0.488703
1640841570555409920,1.575879,-0.474860,1.336873,0.870469,0.042670,0.041128,-0.488642
1640841570560000000,1.579075,-0.480504,1.338632,0.870869,0.041107,0.041118,-0.488063
1640841570560740096,1.579590,-0.481414,1.338914,0.870930,0.040860,0.041114,-0.487976
1640841570565639936,1.583006,-0.487448,1.340766,0.871308,0.039231,0.041074,-0.487438
1640841570567190016,1.584087,-0.489357,1.341347,0.871423,0.038711,0.041056,-0.487275
1640841570570080000,1.586104,-0.492920,1.342423,0.871637,0.037722,0.041020,-0.486973
1640841570571040000,1.586774,-0.494104,1.342779,0.871709,0.037387,0.041006,-0.486873
1640841570574949888,1.589506,-0.498928,1.344218,0.872000,0.035995,0.040936,-0.486460
1640841570575520000,1.589905,-0.499632,1.344427,0.872043,0.035789,0.040923,-0.486400
1640841570580000000,1.593039,-0.505164,1.346054,0.872375,0.034163,0.040780,-0.485934
1640841570580610048,1.593466,-0.505917,1.346274,0.872420,0.033941,0.040754,-0.485871
1640841570586759936,1.597775,-0.513518,1.348470,0.872861,0.031697,0.040436,-0.485257
1640841570587379968,1.598210,-0.514284,1.348689,0.872904,0.031468,0.040403,-0.485197
1640841570590230016,1.600210,-0.517809,1.349692,0.873100,0.030405,0.040262,-0.484924
1640841570590769920,1.600589,-0.518477,1.349881,0.873136,0.030200,0.040238,-0.484873
1640841570594919936,1.603506,-0.523611,1.351322,0.873412,0.028600,0.040081,-0.484486
1640841570595439872,1.603871,-0.524254,1.351501,0.873446,0.028395,0.040064,-0.484439
1640841570600039936,1.607109,-0.529947,1.353075,0.873744,0.026543,0.039904,-0.484018
1640841570600559872,1.607475,-0.530591,1.353251,0.873778,0.026328,0.039884,-0.483971
1640841570604940032,1.610563,-0.536012,1.354725,0.874060,0.024483,0.039697,-0.483574
1640841570605559808,1.611000,-0.536780,1.354932,0.874099,0.024216,0.039669,-0.483519
1640841570610109952,1.614214,-0.542413,1.356437,0.874383,0.022220,0.039465,-0.483119
1640841570610619904,1.614574,-0.543044,1.356604,0.874414,0.021992,0.039443,-0.483075
1640841570615039744,1.617701,-0.548516,1.358042,0.874674,0.019999,0.039262,-0.482704
1640841570615650048,1.618133,-0.549271,1.358238,0.874710,0.019722,0.039238,-0.482654
1640841570621479936,1.622267,-0.556487,1.360096,0.875040,0.017086,0.039010,-0.482174
1640841570622069760,1.622686,-0.557217,1.360282,0.875073,0.016820,0.038986,-0.482126
1640841570624999936,1.624767,-0.560843,1.361199,0.875234,0.015489,0.038872,-0.481886
1640841570625569792,1.625172,-0.561548,1.361376,0.875266,0.015228,0.038850,-0.481839
1640841570629880064,1.628239,-0.566880,1.362703,0.875497,0.013207,0.038688,-0.481492
1640841570631769856,1.629586,-0.569217,1.363278,0.875595,0.012291,0.038620,-0.481342
1640841570635099904,1.631961,-0.573334,1.364281,0.875765,0.010656,0.038494,-0.481082
1640841570637519872,1.633689,-0.576324,1.365002,0.875885,0.009469,0.038393,-0.480896
1640841570640189952,1.635597,-0.579623,1.365789,0.876015,0.008183,0.038263,-0.480694
1640841570640709888,1.635969,-0.580265,1.365941,0.876040,0.007936,0.038236,-0.480655
1640841570645030144,1.639062,-0.585599,1.367193,0.876240,0.005921,0.037974,-0.480340
1640841570645560064,1.639442,-0.586253,1.367345,0.876263,0.005677,0.037939,-0.480303
1640841570650009856,1.642635,-0.591741,1.368608,0.876448,0.003643,0.037606,-0.480012
1640841570651160064,1.643462,-0.593159,1.368931,0.876492,0.003118,0.037511,-0.479943
1640841570654889728,1.646144,-0.597755,1.369965,0.876627,0.001418,0.037185,-0.479730
1640841570655330048,1.646461,-0.598297,1.370086,0.876642,0.001217,0.037145,-0.479706
1640841570659909888,1.649762,-0.603934,1.371330,0.876800,-0.000871,0.036718,-0.479450
1640841570660419840,1.650130,-0.604561,1.371467,0.876818,-0.001104,0.036670,-0.479421
1640841570665109760,1.653519,-0.610326,1.372710,0.876985,-0.003249,0.036223,-0.479140
1640841570665580032,1.653859,-0.610903,1.372833,0.877002,-0.003465,0.036177,-0.479111
1640841570671409920,1.658083,-0.618057,1.374336,0.877209,-0.006162,0.035581,-0.478749
1640841570672139776,1.658613,-0.618952,1.374521,0.877234,-0.006503,0.035502,-0.478704
1640841570674989824,1.660683,-0.622443,1.375237,0.877330,-0.007845,0.035177,-0.478532
1640841570675680000,1.661185,-0.623288,1.375409,0.877353,-0.008172,0.035095,-0.478491
1640841570679879936,1.664242,-0.628425,1.376442,0.877482,-0.010188,0.034558,-0.478254
1640841570680770048,1.664890,-0.629513,1.376658,0.877508,-0.010619,0.034438,-0.478205
1640841570687109888,1.669520,-0.637250,1.378165,0.877700,-0.013631,0.033606,-0.477836
1640841570687789824,1.670018,-0.638079,1.378323,0.877721,-0.013949,0.033520,-0.477795
1640841570689929984,1.671585,-0.640686,1.378818,0.877785,-0.014946,0.033250,-0.477667
1640841570690599936,1.672076,-0.641501,1.378972,0.877804,-0.015257,0.033166,-0.477627
1640841570694939904,1.675260,-0.646778,1.379953,0.877923,-0.017271,0.032624,-0.477376
1640841570695469824,1.675649,-0.647421,1.380071,0.877937,-0.017517,0.032557,-0.477346
1640841570700079872,1.679041,-0.653013,1.381082,0.878050,-0.019672,0.031968,-0.477094
1640841570701999872,1.680456,-0.655339,1.381495,0.878094,-0.020578,0.031716,-0.476992
1640841570704999936,1.682671,-0.658967,1.382129,0.878161,-0.021998,0.031320,-0.476831
1640841570705609984,1.683121,-0.659705,1.382257,0.878175,-0.022287,0.031240,-0.476798
1640841570709889792,1.686288,-0.664870,1.383138,0.878276,-0.024302,0.030690,-0.476549
1640841570710269952,1.686570,-0.665328,1.383215,0.878285,-0.024480,0.030642,-0.476526
1640841570715389952,1.690370,-0.671489,1.384232,0.878415,-0.026854,0.030013,-0.476198
1640841570716110080,1.690905,-0.672354,1.384373,0.878433,-0.027186,0.029923,-0.476152
1640841570719970048,1.693778,-0.676985,1.385112,0.878516,-0.028969,0.029416,-0.475925
1640841570720739840,1.694352,-0.677907,1.385257,0.878531,-0.029325,0.029308,-0.475884
1640841570725080064,1.697593,-0.683098,1.386059,0.878600,-0.031334,0.028663,-0.475666
1640841570725580032,1.697966,-0.683695,1.386149,0.878608,-0.031565,0.028585,-0.475642
1640841570730199808,1.701426,-0.689203,1.386970,0.878679,-0.033690,0.027828,-0.475409
1640841570731399936,1.702327,-0.690631,1.387179,0.878700,-0.034238,0.027623,-0.475344
1640841570734939904,1.704986,-0.694835,1.387781,0.878766,-0.035846,0.027003,-0.475138
1640841570735649792,1.705521,-0.695677,1.387900,0.878780,-0.036166,0.026877,-0.475096
1640841570739929856,1.708746,-0.700744,1.388601,0.878862,-0.038093,0.026128,-0.474834
1640841570740569856,1.709229,-0.701500,1.388703,0.878874,-0.038380,0.026018,-0.474795
1640841570745179904,1.712714,-0.706936,1.389424,0.878952,-0.040444,0.025247,-0.474521
1640841570745920000,1.713274,-0.707807,1.389536,0.878963,-0.040775,0.025123,-0.474478
1640841570749979904,1.716354,-0.712575,1.390141,0.879018,-0.042585,0.024425,-0.474254
1640841570750799872,1.716977,-0.713536,1.390261,0.879028,-0.042950,0.024277,-0.474210
1640841570754999808,1.720173,-0.718448,1.390856,0.879075,-0.044822,0.023489,-0.473990
1640841570755640064,1.720661,-0.719196,1.390944,0.879082,-0.045109,0.023366,-0.473955
1640841570760900096,1.724678,-0.725319,1.391649,0.879153,-0.047499,0.022355,-0.473640
1640841570761740032,1.725320,-0.726294,1.391757,0.879166,-0.047887,0.022195,-0.473583
1640841570765149952,1.727933,-0.730246,1.392188,0.879225,-0.049473,0.021559,-0.473340
1640841570766009856,1.728593,-0.731240,1.392294,0.879240,-0.049874,0.021400,-0.473277
1640841570769999872,1.731660,-0.735844,1.392770,0.879305,-0.051730,0.020675,-0.472990
1640841570770779904,1.732261,-0.736742,1.392861,0.879316,-0.052090,0.020535,-0.472936
1640841570777669888,1.737579,-0.744643,1.393620,0.879407,-0.055261,0.019293,-0.472458
1640841570779660032,1.739120,-0.746915,1.393826,0.879437,-0.056180,0.018925,-0.472309
1640841570780390144,1.739685,-0.747748,1.393900,0.879449,-0.056519,0.018788,-0.472252
1640841570780750080,1.739964,-0.748158,1.393936,0.879455,-0.056686,0.018720,-0.472223
1640841570785029888,1.743288,-0.753022,1.394352,0.879531,-0.058679,0.017908,-0.471870
1640841570786690048,1.744579,-0.754903,1.394506,0.879561,-0.059454,0.017593,-0.471729
1640841570789860096,1.747050,-0.758486,1.394788,0.879615,-0.060931,0.017004,-0.471461
1640841570790239744,1.747346,-0.758914,1.394820,0.879621,-0.061107,0.016935,-0.471430
1640841570795109888,1.751153,-0.764391,1.395221,0.879696,-0.063351,0.016067,-0.471025
1640841570795889920,1.751763,-0.765265,1.395282,0.879708,-0.063705,0.015931,-0.470959
1640841570800019968,1.755003,-0.769881,1.395588,0.879777,-0.065546,0.015212,-0.470601
1640841570801619968,1.756261,-0.771664,1.395700,0.879808,-0.066240,0.014932,-0.470455
1640841570804979968,1.758907,-0.775396,1.395921,0.879879,-0.067661,0.014336,-0.470137
1640841570805699840,1.759474,-0.776193,1.395967,0.879895,-0.067960,0.014205,-0.470068
1640841570811139840,1.763772,-0.782197,1.396282,0.880001,-0.070189,0.013159,-0.469573
1640841570811759872,1.764263,-0.782879,1.396316,0.880011,-0.070441,0.013033,-0.469520
1640841570814960128,1.766800,-0.786389,1.396477,0.880057,-0.071738,0.012371,-0.469256
1640841570815599872,1.767308,-0.787090,1.396507,0.880065,-0.071997,0.012239,-0.469203
1640841570820420096,1.771142,-0.792345,1.396715,0.880136,-0.073945,0.011277,-0.468791
1640841570820879872,1.771508,-0.792845,1.396733,0.880144,-0.074131,0.011190,-0.468749
1640841570825909760,1.775523,-0.798289,1.396908,0.880242,-0.076163,0.010294,-0.468260
1640841570827600128,1.776875,-0.800110,1.396958,0.880277,-0.076843,0.009999,-0.468089
1640841570829929728,1.778742,-0.802614,1.397020,0.880326,-0.077776,0.009585,-0.467851
1640841570830700032,1.779359,-0.803440,1.397038,0.880342,-0.078083,0.009445,-0.467773
1640841570835449856,1.783176,-0.808513,1.397131,0.880436,-0.079965,0.008549,-0.467295
1640841570836069888,1.783675,-0.809172,1.397141,0.880448,-0.080210,0.008429,-0.467234
1640841570839879936,1.786746,-0.813213,1.397186,0.880515,-0.081704,0.007692,-0.466861
1640841570840459776,1.787214,-0.813826,1.397191,0.880524,-0.081931,0.007580,-0.466805
1640841570845159936,1.791016,-0.818774,1.397212,0.880601,-0.083755,0.006680,-0.466350
1640841570845909760,1.791623,-0.819561,1.397212,0.880614,-0.084043,0.006537,-0.466275
1640841570849900032,1.794862,-0.823729,1.397197,0.880691,-0.085558,0.005775,-0.465865
1640841570850560000,1.795398,-0.824416,1.397192,0.880705,-0.085805,0.005649,-0.465794
1640841570855639808,1.799535,-0.829681,1.397131,0.880827,-0.087680,0.004684,-0.465225
1640841570856269824,1.800049,-0.830331,1.397121,0.880843,-0.087910,0.004565,-0.465153
1640841570862040064,1.804767,-0.836253,1.396996,0.880982,-0.090004,0.003508,-0.464496
1640841570862579712,1.805209,-0.836805,1.396982,0.880995,-0.090199,0.003411,-0.464436
1640841570865499904,1.807605,-0.839778,1.396896,0.881060,-0.091245,0.002887,-0.464111
1640841570865969920,1.807991,-0.840255,1.396881,0.881071,-0.091411,0.002801,-0.464058
1640841570869920000,1.811240,-0.844251,1.396740,0.881165,-0.092777,0.002055,-0.463612
1640841570870569984,1.811775,-0.844906,1.396715,0.881182,-0.092995,0.001926,-0.463537
1640841570875139840,1.815546,-0.849490,1.396517,0.881307,-0.094486,0.000979,-0.463001
1640841570875869952,1.816149,-0.850219,1.396482,0.881327,-0.094719,0.000826,-0.462915
1640841570879959808,1.819535,-0.854286,1.396271,0.881436,-0.096027,-0.000015,-0.462438
1640841570881369856,1.820704,-0.855681,1.396192,0.881472,-0.096480,-0.000294,-0.462276
1640841570885189888,1.823877,-0.859444,1.395963,0.881566,-0.097704,-0.001039,-0.461839
1640841570886119936,1.824651,-0.860356,1.395904,0.881589,-0.097999,-0.001221,-0.461731
1640841570890230016,1.828076,-0.864368,1.395624,0.881700,-0.099281,-0.002049,-0.461242
1640841570892549888,1.830014,-0.866619,1.395455,0.881769,-0.099985,-0.002539,-0.460955
1640841570894909952,1.831987,-0.868899,1.395274,0.881843,-0.100695,-0.003046,-0.460657
1640841570895670016,1.832624,-0.869632,1.395213,0.881866,-0.100923,-0.003210,-0.460561
1640841570900009984,1.836263,-0.873792,1.394851,0.881997,-0.102239,-0.004127,-0.460012
1640841570900969984,1.837069,-0.874708,1.394767,0.882024,-0.102536,-0.004323,-0.459892
1640841570905099776,1.840544,-0.878628,1.394388,0.882132,-0.103838,-0.005128,-0.459385
1640841570906569984,1.841783,-0.880016,1.394246,0.882170,-0.104305,-0.005405,-0.459203
1640841570909999872,1.844678,-0.883238,1.393902,0.882265,-0.105388,-0.006039,-0.458765
1640841570910679808,1.845253,-0.883875,1.393832,0.882286,-0.105600,-0.006164,-0.458675
1640841570914969856,1.848885,-0.887869,1.393370,0.882427,-0.106912,-0.006951,-0.458087
1640841570915510016,1.849343,-0.888369,1.393310,0.882446,-0.107074,-0.007050,-0.458011
1640841570919889920,1.853062,-0.892406,1.392805,0.882604,-0.108361,-0.007850,-0.457391
1640841570920259840,1.853377,-0.892746,1.392760,0.882617,-0.108467,-0.007918,-0.457339
1640841570924989952,1.857406,-0.897062,1.392177,0.882790,-0.109794,-0.008775,-0.456674
1640841570925410048,1.857764,-0.897443,1.392123,0.882805,-0.109908,-0.008851,-0.456615
1640841570929799936,1.861515,-0.901407,1.391546,0.882969,-0.111064,-0.009626,-0.456003
1640841570930289920,1.861934,-0.901847,1.391480,0.882987,-0.111188,-0.009711,-0.455935
1640841570934880000,1.865868,-0.905948,1.390839,0.883169,-0.112297,-0.010492,-0.455294
1640841570935200000,1.866143,-0.906232,1.390793,0.883182,-0.112370,-0.010546,-0.455249
1640841570939879936,1.870166,-0.910368,1.390103,0.883386,-0.113371,-0.011328,-0.454586
1640841570940219904,1.870458,-0.910667,1.390051,0.883401,-0.113438,-0.011385,-0.454537
1640841570944869888,1.874468,-0.914731,1.389327,0.883627,-0.114287,-0.012161,-0.453865
1640841570945209856,1.874761,-0.915026,1.389273,0.883644,-0.114345,-0.012218,-0.453816
1640841570950059776,1.878956,-0.919216,1.388478,0.883888,-0.115116,-0.013015,-0.453123
1640841570951010048,1.879779,-0.920032,1.388317,0.883935,-0.115259,-0.013168,-0.452990
1640841570954860032,1.883119,-0.923317,1.387653,0.884127,-0.115812,-0.013776,-0.452458
1640841570955190016,1.883405,-0.923597,1.387595,0.884143,-0.115858,-0.013827,-0.452412
1640841570959810048,1.887424,-0.927498,1.386763,0.884379,-0.116473,-0.014518,-0.451771
1640841570960099840,1.887677,-0.927741,1.386709,0.884394,-0.116510,-0.014559,-0.451730
1640841570964949760,1.891908,-0.931787,1.385796,0.884657,-0.117109,-0.015231,-0.451038
1640841570965420032,1.892319,-0.932176,1.385706,0.884683,-0.117164,-0.015293,-0.450970
1640841570969839872,1.896186,-0.935817,1.384837,0.884930,-0.117671,-0.015854,-0.450334
1640841570970180096,1.896484,-0.936096,1.384768,0.884949,-0.117709,-0.015896,-0.450286
1640841570974880000,1.900608,-0.939920,1.383806,0.885213,-0.118210,-0.016448,-0.449615
1640841570975159808,1.900854,-0.940146,1.383748,0.885229,-0.118239,-0.016480,-0.449575
1640841570980150016,1.905245,-0.944153,1.382685,0.885517,-0.118724,-0.017032,-0.448859
1640841570980829952,1.905844,-0.944696,1.382536,0.885557,-0.118787,-0.017105,-0.448760
1640841570985049856,1.909568,-0.948038,1.381600,0.885808,-0.119157,-0.017554,-0.448149
1640841570985679872,1.910125,-0.948534,1.381458,0.885846,-0.119210,-0.017620,-0.448058
1640841570989830144,1.913796,-0.951779,1.380505,0.886093,-0.119548,-0.018049,-0.447461
1640841570990080000,1.914018,-0.951973,1.380447,0.886108,-0.119568,-0.018074,-0.447425
1640841570994819840,1.918222,-0.955632,1.379321,0.886390,-0.119929,-0.018544,-0.446751
1640841570995110144,1.918479,-0.955855,1.379251,0.886407,-0.119950,-0.018571,-0.446709
1640841570999980032,1.922810,-0.959561,1.378053,0.886709,-0.120276,-0.018985,-0.446005
1640841571000380160,1.923166,-0.959864,1.377953,0.886735,-0.120301,-0.019015,-0.445946
1640841571004869888,1.927168,-0.963232,1.376811,0.887032,-0.120535,-0.019321,-0.445279
1640841571005199872,1.927463,-0.963477,1.376726,0.887054,-0.120548,-0.019342,-0.445230
1640841571009889792,1.931653,-0.966946,1.375496,0.887374,-0.120686,-0.019638,-0.444540
1640841571010180096,1.931913,-0.967159,1.375418,0.887394,-0.120691,-0.019657,-0.444498
1640841571014969856,1.936203,-0.970648,1.374122,0.887725,-0.120698,-0.019983,-0.443821
1640841571015450112,1.936633,-0.970995,1.373990,0.887758,-0.120694,-0.020017,-0.443754
1640841571019980032,1.940700,-0.974243,1.372725,0.888077,-0.120630,-0.020339,-0.443118
1640841571020509952,1.941176,-0.974620,1.372575,0.888115,-0.120622,-0.020376,-0.443043
1640841571024869888,1.945098,-0.977699,1.371322,0.888433,-0.120544,-0.020682,-0.442413
1640841571025159936,1.945359,-0.977902,1.371237,0.888454,-0.120538,-0.020702,-0.442370
1640841571030059776,1.949776,-0.981307,1.369790,0.888824,-0.120391,-0.021044,-0.441650
1640841571030720000,1.950372,-0.981762,1.369592,0.888875,-0.120365,-0.021089,-0.441553
1640841571034999808,1.954238,-0.984686,1.368290,0.889207,-0.120164,-0.021368,-0.440926
1640841571035349760,1.954554,-0.984923,1.368183,0.889234,-0.120147,-0.021388,-0.440875
1640841571039830016,1.958608,-0.987935,1.366786,0.889578,-0.119929,-0.021594,-0.440228
1640841571040089856,1.958843,-0.988108,1.366704,0.889598,-0.119917,-0.021602,-0.440191
1640841571053409792,1.970932,-0.996782,1.362355,0.890586,-0.119405,-0.021740,-0.438321
1640841571054319872,1.971760,-0.997359,1.362048,0.890656,-0.119360,-0.021763,-0.438191
1640841571056759808,1.973980,-0.998898,1.361217,0.890845,-0.119236,-0.021830,-0.437838
1640841571057519872,1.974672,-0.999374,1.360956,0.890904,-0.119197,-0.021851,-0.437727
1640841571058289920,1.975373,-0.999856,1.360691,0.890964,-0.119158,-0.021872,-0.437614
1640841571058889984,1.975919,-1.000230,1.360484,0.891011,-0.119129,-0.021887,-0.437525
1640841571060009984,1.976940,-1.000926,1.360096,0.891099,-0.119075,-0.021912,-0.437360
1640841571060469760,1.977359,-1.001211,1.359936,0.891135,-0.119054,-0.021922,-0.437292
1640841571065430016,1.981881,-1.004251,1.358190,0.891526,-0.118835,-0.022005,-0.436549
1640841571066180096,1.982565,-1.004706,1.357923,0.891586,-0.118801,-0.022018,-0.436436
1640841571070050048,1.986097,-1.007031,1.356530,0.891894,-0.118612,-0.022111,-0.435853
1640841571077299712,1.992721,-1.011289,1.353860,0.892472,-0.118143,-0.022505,-0.434775
1640841571081049856,1.996150,-1.013441,1.352449,0.892737,-0.118212,-0.022663,-0.434203
1640841571082370048,1.997358,-1.014191,1.351947,0.892817,-0.118377,-0.022666,-0.433994
1640841571084640000,1.999435,-1.015470,1.351079,0.892940,-0.118789,-0.022632,-0.433630
1640841571085329920,2.000067,-1.015856,1.350814,0.892974,-0.118938,-0.022617,-0.433519
1640841571086169856,2.000836,-1.016325,1.350490,0.893015,-0.119131,-0.022597,-0.433384
1640841571086909952,2.001513,-1.016736,1.350203,0.893049,-0.119308,-0.022581,-0.433266
1640841571089849856,2.004205,-1.018358,1.349059,0.893175,-0.120035,-0.022549,-0.432806
1640841571090289920,2.004608,-1.018599,1.348886,0.893193,-0.120141,-0.022552,-0.432739
1640841571094879744,2.008812,-1.021083,1.347072,0.893365,-0.121182,-0.022734,-0.432084
1640841571095350016,2.009242,-1.021334,1.346885,0.893381,-0.121283,-0.022768,-0.432022
1640841571100229888,2.013714,-1.023913,1.344923,0.893506,-0.122290,-0.023299,-0.431450
1640841571100979968,2.014401,-1.024304,1.344619,0.893519,-0.122441,-0.023410,-0.431374
1640841571105299968,2.018360,-1.026529,1.342853,0.893585,-0.123272,-0.024158,-0.430959
1640841571106299904,2.019277,-1.027038,1.342441,0.893607,-0.123447,-0.024350,-0.430853
1640841571110829824,2.023429,-1.029310,1.340559,0.893796,-0.124106,-0.025229,-0.430221
1640841571111670016,2.024199,-1.029726,1.340207,0.893850,-0.124201,-0.025391,-0.430072
1640841571115000064,2.027251,-1.031356,1.338805,0.894100,-0.124507,-0.026040,-0.429425
1640841571115680000,2.027875,-1.031686,1.338517,0.894155,-0.124558,-0.026176,-0.429286
1640841571120620032,2.032403,-1.034045,1.336410,0.894552,-0.124840,-0.027236,-0.428311
1640841571121249792,2.032981,-1.034342,1.336140,0.894597,-0.124868,-0.027383,-0.428198
1640841571124940032,2.036363,-1.036059,1.334547,0.894836,-0.125013,-0.028295,-0.427598
1640841571125679872,2.037041,-1.036399,1.334225,0.894879,-0.125040,-0.028486,-0.427487
1640841571130319872,2.041293,-1.038500,1.332199,0.895126,-0.125209,-0.029729,-0.426834
1640841571131749888,2.042604,-1.039136,1.331571,0.895199,-0.125264,-0.030120,-0.426639
1640841571135150080,2.045719,-1.040629,1.330068,0.895379,-0.125397,-0.031043,-0.426156
1640841571135809792,2.046324,-1.040915,1.329776,0.895416,-0.125421,-0.031219,-0.426057
1640841571142779904,2.052708,-1.043872,1.326660,0.895936,-0.125613,-0.032932,-0.424777
1640841571145509888,2.055208,-1.044996,1.325428,0.896202,-0.125642,-0.033529,-0.424160
1640841571148800000,2.058221,-1.046325,1.323936,0.896520,-0.125642,-0.034264,-0.423428
1640841571149329920,2.058706,-1.046537,1.323695,0.896568,-0.125638,-0.034389,-0.423318
1640841571150409984,2.059694,-1.046966,1.323203,0.896660,-0.125629,-0.034652,-0.423105
1640841571151459840,2.060655,-1.047380,1.322724,0.896742,-0.125617,-0.034918,-0.422912
1640841571155200000,2.064078,-1.048833,1.321012,0.897001,-0.125554,-0.035922,-0.422298
1640841571156319744,2.065103,-1.049260,1.320497,0.897071,-0.125531,-0.036231,-0.422128
1640841571160069888,2.068533,-1.050670,1.318768,0.897309,-0.125445,-0.037253,-0.421560
1640841571160879872,2.069273,-1.050970,1.318393,0.897362,-0.125424,-0.037468,-0.421433
1640841571165019904,2.073058,-1.052476,1.316472,0.897660,-0.125299,-0.038532,-0.420740
1640841571165869824,2.073835,-1.052780,1.316076,0.897727,-0.125267,-0.038743,-0.420587
1640841571169869824,2.077490,-1.054184,1.314209,0.898079,-0.125074,-0.039704,-0.419803
1640841571170449920,2.078020,-1.054384,1.313938,0.898135,-0.125039,-0.039840,-0.419680
1640841571175099904,2.082266,-1.055959,1.311756,0.898604,-0.124718,-0.040914,-0.418668
1640841571176029952,2.083114,-1.056267,1.311318,0.898697,-0.124647,-0.041129,-0.418467
1640841571180440064,2.087138,-1.057699,1.309239,0.899108,-0.124300,-0.042186,-0.417582
1640841571181139968,2.087776,-1.057922,1.308908,0.899165,-0.124245,-0.042360,-0.417457
1640841571186769920,2.092908,-1.059668,1.306240,0.899577,-0.123779,-0.043817,-0.416557
1640841571187729920,2.093782,-1.059957,1.305784,0.899645,-0.123691,-0.044068,-0.416410
1640841571189849856,2.095713,-1.060588,1.304777,0.899800,-0.123482,-0.044620,-0.416079
1640841571190510080,2.096314,-1.060783,1.304463,0.899850,-0.123413,-0.044791,-0.415973
1640841571195299840,2.100672,-1.062159,1.302180,0.900245,-0.122859,-0.046001,-0.415149
1640841571196849920,2.102081,-1.062592,1.301441,0.900386,-0.122664,-0.046381,-0.414859
1640841571199950080,2.104898,-1.063439,1.299960,0.900690,-0.122256,-0.047120,-0.414236
1640841571200630016,2.105516,-1.063622,1.299635,0.900760,-0.122165,-0.047278,-0.414091
1640841571204900096,2.109392,-1.064742,1.297591,0.901227,-0.121570,-0.048248,-0.413137
1640841571205499904,2.109937,-1.064896,1.297304,0.901293,-0.121483,-0.048385,-0.413004
1640841571210000128,2.114017,-1.066019,1.295148,0.901747,-0.120791,-0.049462,-0.412087
1640841571210660096,2.114615,-1.066180,1.294832,0.901805,-0.120683,-0.049630,-0.411971
1640841571215709952,2.119187,-1.067372,1.292410,0.902217,-0.119793,-0.050956,-0.411167
1640841571216729856,2.120109,-1.067605,1.291921,0.902299,-0.119598,-0.051223,-0.411009
1640841571219919872,2.122993,-1.068317,1.290391,0.902576,-0.118955,-0.052028,-0.410486
1640841571220499968,2.123517,-1.068444,1.290112,0.902631,-0.118833,-0.052168,-0.410383
1640841571225969920,2.128454,-1.069597,1.287489,0.903213,-0.117604,-0.053390,-0.409299
1640841571226619904,2.129040,-1.069730,1.287177,0.903287,-0.117451,-0.053527,-0.409161
1640841571229979904,2.132068,-1.070396,1.285567,0.903674,-0.116648,-0.054225,-0.408443
1640841571230779904,2.132788,-1.070550,1.285184,0.903766,-0.116454,-0.054390,-0.408273
1640841571234919936,2.136513,-1.071325,1.283202,0.904232,-0.115425,-0.055249,-0.407418
1640841571235450112,2.136989,-1.071421,1.282948,0.904289,-0.115290,-0.055360,-0.407314
1640841571239929856,2.141012,-1.072205,1.280807,0.904749,-0.114089,-0.056322,-0.406498
1640841571240499968,2.141524,-1.072302,1.280535,0.904804,-0.113929,-0.056447,-0.406403
1640841571245509888,2.146013,-1.073114,1.278145,0.905268,-0.112442,-0.057559,-0.405628
1640841571246850048,2.147213,-1.073320,1.277507,0.905393,-0.112023,-0.057852,-0.405422
1640841571250039808,2.150065,-1.073795,1.275990,0.905707,-0.110994,-0.058527,-0.404907
1640841571251010048,2.150931,-1.073935,1.275529,0.905809,-0.110673,-0.058724,-0.404738
1640841571254979840,2.154474,-1.074481,1.273646,0.906252,-0.109327,-0.059494,-0.403999
1640841571256009728,2.155392,-1.074617,1.273159,0.906372,-0.108972,-0.059687,-0.403797
1640841571261560064,2.160331,-1.075304,1.270537,0.907024,-0.107042,-0.060701,-0.402697
1640841571262310144,2.160998,-1.075392,1.270184,0.907111,-0.106780,-0.060836,-0.402550
1640841571265529856,2.163856,-1.075751,1.268669,0.907478,-0.105651,-0.061411,-0.401932
1640841571266129920,2.164389,-1.075815,1.268387,0.907545,-0.105440,-0.061516,-0.401821
1640841571269969920,2.167791,-1.076206,1.266588,0.907959,-0.104075,-0.062181,-0.401140
1640841571270560000,2.168313,-1.076263,1.266312,0.908020,-0.103863,-0.062281,-0.401041
1640841571276239872,2.173331,-1.076769,1.263664,0.908590,-0.101799,-0.063187,-0.400136
1640841571277779712,2.174688,-1.076893,1.262949,0.908745,-0.101234,-0.063408,-0.399891
1640841571280109824,2.176741,-1.077071,1.261870,0.908987,-0.100374,-0.063717,-0.399509
1640841571280619776,2.177189,-1.077108,1.261634,0.909042,-0.100186,-0.063779,-0.399422
1640841571284989952,2.181029,-1.077402,1.259619,0.909535,-0.098561,-0.064247,-0.398628
1640841571285580032,2.181547,-1.077438,1.259347,0.909604,-0.098338,-0.064303,-0.398516
1640841571290999808,2.186294,-1.077734,1.256866,0.910251,-0.096216,-0.064827,-0.397470
1640841571292780032,2.187850,-1.077817,1.256054,0.910462,-0.095481,-0.065012,-0.397134
1640841571294919936,2.189718,-1.077907,1.255082,0.910712,-0.094572,-0.065240,-0.396741
1640841571295660032,2.190363,-1.077936,1.254747,0.910797,-0.094251,-0.065320,-0.396608
1640841571299879936,2.194037,-1.078076,1.252841,0.911266,-0.092356,-0.065773,-0.395901
1640841571300379904,2.194471,-1.078090,1.252616,0.911320,-0.092125,-0.065826,-0.395823
1640841571305009920,2.198488,-1.078192,1.250541,0.911804,-0.089940,-0.066275,-0.395135
1640841571306569728,2.199839,-1.078216,1.249846,0.911967,-0.089196,-0.066401,-0.394906
1640841571313679872,2.205975,-1.078258,1.246702,0.912758,-0.085856,-0.066736,-0.393761
1640841571314409984,2.206603,-1.078256,1.246381,0.912844,-0.085513,-0.066754,-0.393633
1640841571314829824,2.206964,-1.078255,1.246197,0.912893,-0.085316,-0.066765,-0.393560
1640841571315189760,2.207273,-1.078253,1.246039,0.912936,-0.085146,-0.066774,-0.393496
1640841571319949824,2.211358,-1.078204,1.243964,0.913501,-0.082820,-0.066936,-0.392654
1640841571320609792,2.211923,-1.078194,1.243678,0.913578,-0.082481,-0.066971,-0.392539
1640841571325069824,2.215734,-1.078099,1.241755,0.914090,-0.080080,-0.067307,-0.391787
1640841571325919744,2.216459,-1.078076,1.241391,0.914184,-0.079611,-0.067380,-0.391649
1640841571329999872,2.219930,-1.077945,1.239652,0.914625,-0.077386,-0.067685,-0.391012
1640841571330649856,2.220482,-1.077921,1.239376,0.914694,-0.077041,-0.067721,-0.390914
1640841571334959872,2.224134,-1.077740,1.237560,0.915145,-0.074804,-0.067876,-0.390265
1640841571336429824,2.225376,-1.077669,1.236945,0.915302,-0.074051,-0.067904,-0.390037
1640841571341179904,2.229379,-1.077412,1.234973,0.915833,-0.071589,-0.067947,-0.389240
1640841571342190080,2.230227,-1.077352,1.234557,0.915951,-0.071057,-0.067949,-0.389060
1640841571345839872,2.233288,-1.077117,1.233063,0.916377,-0.069118,-0.067947,-0.388405
1640841571346569984,2.233899,-1.077066,1.232767,0.916462,-0.068727,-0.067944,-0.388275
1640841571350249984,2.236972,-1.076798,1.231279,0.916874,-0.066745,-0.067926,-0.387650
1640841571351189760,2.237755,-1.076725,1.230902,0.916975,-0.066236,-0.067920,-0.387501
1640841571355019776,2.240937,-1.076411,1.229375,0.917368,-0.064152,-0.067885,-0.386925
1640841571355779840,2.241568,-1.076346,1.229074,0.917445,-0.063736,-0.067875,-0.386814
1640841571359879936,2.244958,-1.075974,1.227464,0.917861,-0.061469,-0.067793,-0.386208
1640841571360899840,2.245799,-1.075876,1.227067,0.917967,-0.060899,-0.067763,-0.386052
1640841571364950016,2.249130,-1.075471,1.225504,0.918397,-0.058618,-0.067611,-0.385409
1640841571366429952,2.250344,-1.075316,1.224938,0.918556,-0.057778,-0.067541,-0.385168
1640841571370779904,2.253899,-1.074837,1.223291,0.919031,-0.055300,-0.067289,-0.384442
1640841571372019968,2.254909,-1.074694,1.222827,0.919167,-0.054591,-0.067207,-0.384232
1640841571374939904,2.257282,-1.074348,1.221742,0.919485,-0.052909,-0.067009,-0.383742
1640841571375429888,2.257680,-1.074288,1.221561,0.919538,-0.052624,-0.066977,-0.383660
1640841571379949824,2.261335,-1.073720,1.219909,0.920009,-0.049943,-0.066725,-0.382931
1640841571381590016,2.262656,-1.073505,1.219317,0.920172,-0.048941,-0.066663,-0.382680
1640841571384909824,2.265322,-1.073057,1.218131,0.920492,-0.046877,-0.066562,-0.382187
1640841571387660032,2.267523,-1.072672,1.217161,0.920752,-0.045148,-0.066474,-0.381784
1640841571389859840,2.269277,-1.072356,1.216394,0.920961,-0.043765,-0.066380,-0.381457
1640841571390169856,2.269524,-1.072311,1.216286,0.920991,-0.043570,-0.066365,-0.381410
1640841571394969856,2.273333,-1.071592,1.214641,0.921456,-0.040580,-0.066067,-0.380668
1640841571395559936,2.273800,-1.071501,1.214442,0.921513,-0.040216,-0.066026,-0.380574
1640841571399930112,2.277244,-1.070813,1.212982,0.921942,-0.037554,-0.065710,-0.379863
1640841571400460032,2.277660,-1.070728,1.212807,0.921994,-0.037235,-0.065672,-0.379774
1640841571405419776,2.281541,-1.069908,1.211193,0.922473,-0.034300,-0.065335,-0.378944
1640841571405880064,2.281900,-1.069831,1.211045,0.922516,-0.034031,-0.065303,-0.378869
1640841571409920000,2.285039,-1.069135,1.209766,0.922878,-0.031682,-0.065008,-0.378241
1640841571410749952,2.285681,-1.068989,1.209507,0.922948,-0.031201,-0.064942,-0.378121
1640841571415279872,2.289175,-1.068178,1.208113,0.923317,-0.028585,-0.064549,-0.377495
1640841571416110080,2.289812,-1.068026,1.207862,0.923383,-0.028107,-0.064472,-0.377382
1640841571420009728,2.292797,-1.067302,1.206699,0.923700,-0.025864,-0.064087,-0.376833
1640841571420589824,2.293239,-1.067192,1.206528,0.923748,-0.025531,-0.064026,-0.376747
1640841571424890112,2.296506,-1.066368,1.205284,0.924118,-0.023071,-0.063563,-0.376077
1640841571425400064,2.296892,-1.066269,1.205139,0.924162,-0.022781,-0.063507,-0.375995
1640841571429959936,2.300330,-1.065367,1.203863,0.924562,-0.020206,-0.062991,-0.375244
1640841571430599936,2.300810,-1.065239,1.203687,0.924618,-0.019849,-0.062918,-0.375138
1640841571435059968,2.304145,-1.064331,1.202485,0.924998,-0.017366,-0.062407,-0.374410
1640841571435879936,2.304755,-1.064161,1.202268,0.925065,-0.016908,-0.062314,-0.374280
1640841571439899904,2.307734,-1.063320,1.201227,0.925380,-0.014634,-0.061862,-0.373673
1640841571441720064,2.309077,-1.062933,1.200766,0.925512,-0.013583,-0.061662,-0.373418
1640841571445240064,2.311661,-1.062176,1.199895,0.925756,-0.011529,-0.061280,-0.372944
1640841571445910016,2.312151,-1.062030,1.199732,0.925802,-0.011137,-0.061207,-0.372855
1640841571450240000,2.315304,-1.061079,1.198703,0.926099,-0.008626,-0.060736,-0.372260
1640841571451709952,2.316369,-1.060752,1.198363,0.926203,-0.007787,-0.060573,-0.372046
1640841571454969856,2.318720,-1.060019,1.197626,0.926439,-0.005945,-0.060212,-0.371552
1640841571455479808,2.319086,-1.059903,1.197513,0.926476,-0.005658,-0.060155,-0.371472
1640841571459859968,2.322220,-1.058902,1.196565,0.926799,-0.003189,-0.059675,-0.370773
1640841571460329984,2.322555,-1.058794,1.196466,0.926833,-0.002922,-0.059625,-0.370697
1640841571465220096,2.326019,-1.057654,1.195465,0.927186,-0.000140,-0.059110,-0.369908
1640841571466539776,2.326949,-1.057344,1.195205,0.927277,0.000600,-0.058975,-0.369701
1640841571470209792,2.329521,-1.056473,1.194502,0.927514,0.002592,-0.058607,-0.369157
1640841571471020032,2.330086,-1.056279,1.194351,0.927562,0.003015,-0.058527,-0.369045
1640841571479200000,2.335742,-1.054297,1.192916,0.928040,0.007133,-0.057660,-0.367920
1640841571479640064,2.336044,-1.054190,1.192844,0.928068,0.007354,-0.057607,-0.367854
1640841571480179968,2.336414,-1.054057,1.192755,0.928103,0.007627,-0.057541,-0.367772
1640841571480669952,2.336749,-1.053937,1.192676,0.928134,0.007874,-0.057481,-0.367697
1640841571484939776,2.339655,-1.052881,1.192007,0.928419,0.010046,-0.056926,-0.367010
1640841571485910016,2.340311,-1.052639,1.191862,0.928485,0.010540,-0.056796,-0.366850
1640841571489869824,2.342977,-1.051649,1.191293,0.928746,0.012539,-0.056270,-0.366208
1640841571490360064,2.343306,-1.051525,1.191226,0.928776,0.012784,-0.056206,-0.366131
1640841571494999808,2.346397,-1.050353,1.190616,0.929054,0.015065,-0.055605,-0.365430
1640841571495409920,2.346669,-1.050248,1.190565,0.929078,0.015264,-0.055551,-0.365370
1640841571499859712,2.349601,-1.049113,1.190038,0.929328,0.017398,-0.054919,-0.364733
1640841571500279808,2.349877,-1.049005,1.189991,0.929352,0.017598,-0.054854,-0.364674
1640841571504969728,2.352933,-1.047799,1.189497,0.929612,0.019811,-0.054073,-0.364012
1640841571505449984,2.353244,-1.047675,1.189450,0.929639,0.020036,-0.053991,-0.363943
1640841571511610112,2.357203,-1.046077,1.188900,0.929986,0.022951,-0.052996,-0.363029
1640841571512189952,2.357573,-1.045925,1.188854,0.930019,0.023228,-0.052912,-0.362940
1640841571514919936,2.359308,-1.045213,1.188647,0.930172,0.024534,-0.052534,-0.362516
1640841571515729920,2.359820,-1.045001,1.188590,0.930217,0.024923,-0.052426,-0.362390
1640841571519909888,2.362448,-1.043905,1.188324,0.930439,0.026931,-0.051900,-0.361752
1640841571520409856,2.362761,-1.043773,1.188295,0.930464,0.027171,-0.051840,-0.361677
1640841571525029888,2.365632,-1.042556,1.188065,0.930688,0.029369,-0.051289,-0.361009
1640841571525559808,2.365959,-1.042417,1.188042,0.930712,0.029617,-0.051226,-0.360934
1640841571530779904,2.369159,-1.041037,1.187863,0.930949,0.031993,-0.050595,-0.360210
1640841571532019968,2.369913,-1.040708,1.187832,0.931004,0.032535,-0.050440,-0.360040
1640841571534870016,2.371637,-1.039953,1.187777,0.931131,0.033755,-0.050080,-0.359649
1640841571535300096,2.371896,-1.039839,1.187771,0.931150,0.033936,-0.050025,-0.359590
1640841571540069888,2.374750,-1.038574,1.187739,0.931366,0.035933,-0.049443,-0.358917
1640841571540599808,2.375065,-1.038433,1.187739,0.931391,0.036155,-0.049382,-0.358840
1640841571545719808,2.378085,-1.037073,1.187788,0.931628,0.038293,-0.048825,-0.358077
1640841571546429952,2.378501,-1.036885,1.187801,0.931661,0.038584,-0.048750,-0.357970
1640841571550009856,2.380585,-1.035935,1.187889,0.931823,0.040009,-0.048370,-0.357443
1640841571550609920,2.380932,-1.035775,1.187907,0.931849,0.040239,-0.048305,-0.357357
1640841571554889984,2.383393,-1.034640,1.188072,0.932033,0.041806,-0.047823,-0.356762
1640841571555439872,2.383707,-1.034495,1.188097,0.932057,0.041998,-0.047759,-0.356687
1640841571559959808,2.386271,-1.033298,1.188338,0.932247,0.043511,-0.047212,-0.356081
1640841571560750080,2.386716,-1.033090,1.188387,0.932280,0.043763,-0.047113,-0.355975
1640841571565039872,2.389114,-1.031958,1.188685,0.932466,0.045082,-0.046556,-0.355398
1640841571565879808,2.389580,-1.031736,1.188750,0.932503,0.045330,-0.046443,-0.355283
1640841571569849856,2.391769,-1.030693,1.189088,0.932688,0.046465,-0.045899,-0.354722
1640841571570360064,2.392048,-1.030559,1.189135,0.932713,0.046607,-0.045828,-0.354648
1640841571577709824,2.396028,-1.028638,1.189903,0.933078,0.048582,-0.044820,-0.353548
1640841571582439936,2.398544,-1.027410,1.190488,0.933302,0.049834,-0.044243,-0.352855
1640841571583079936,2.398882,-1.027244,1.190572,0.933331,0.050005,-0.044169,-0.352764
1640841571583500032,2.399103,-1.027136,1.190629,0.933349,0.050118,-0.044120,-0.352705
1640841571584889856,2.399834,-1.026777,1.190819,0.933410,0.050493,-0.043959,-0.352510
1640841571585260032,2.400028,-1.026682,1.190871,0.933426,0.050594,-0.043916,-0.352459
1640841571589859840,2.402420,-1.025500,1.191551,0.933614,0.051882,-0.043347,-0.351845
1640841571590230016,2.402611,-1.025405,1.191608,0.933628,0.051989,-0.043298,-0.351797
1640841571595320064,2.405216,-1.024108,1.192447,0.933822,0.053473,-0.042597,-0.351145
1640841571596089856,2.405606,-1.023913,1.192582,0.933852,0.053696,-0.042491,-0.351045
1640841571600410112,2.407779,-1.022822,1.193371,0.934027,0.054912,-0.041928,-0.350457
1640841571600849920,2.407999,-1.022712,1.193455,0.934046,0.055031,-0.041874,-0.350395
1640841571604829952,2.409971,-1.021716,1.194243,0.934219,0.056081,-0.041424,-0.349819
1640841571605199872,2.410153,-1.021624,1.194319,0.934235,0.056176,-0.041385,-0.349765
1640841571610050048,2.412520,-1.020422,1.195357,0.934436,0.057402,-0.040909,-0.349087
1640841571610939904,2.412950,-1.020203,1.195555,0.934469,0.057625,-0.040828,-0.348970
1640841571615229952,2.415006,-1.019153,1.196552,0.934622,0.058672,-0.040446,-0.348431
1640841571616129792,2.415434,-1.018934,1.196769,0.934653,0.058884,-0.040364,-0.348320
1640841571622659840,2.418497,-1.017361,1.198425,0.934902,0.060296,-0.039692,-0.347486
1640841571623139840,2.418719,-1.017246,1.198552,0.934923,0.060391,-0.039637,-0.347422
1640841571624999936,2.419578,-1.016803,1.199054,0.935002,0.060745,-0.039421,-0.347170
1640841571626309888,2.420179,-1.016493,1.199414,0.935059,0.060986,-0.039267,-0.346991
1640841571630099968,2.421903,-1.015600,1.200490,0.935227,0.061644,-0.038830,-0.346472
1640841571631019776,2.422318,-1.015385,1.200758,0.935268,0.061796,-0.038728,-0.346346
1640841571635139840,2.424160,-1.014429,1.201996,0.935447,0.062447,-0.038294,-0.345792
1640841571635660032,2.424391,-1.014309,1.202157,0.935470,0.062526,-0.038242,-0.345723
1640841571639879936,2.426246,-1.013344,1.203494,0.935649,0.063135,-0.037827,-0.345172
1640841571640339968,2.426446,-1.013239,1.203643,0.935669,0.063198,-0.037783,-0.345112
1640841571645609728,2.428718,-1.012054,1.205409,0.935889,0.063886,-0.037271,-0.344443
1640841571647300096,2.429437,-1.011678,1.205995,0.935960,0.064094,-0.037100,-0.344229
1640841571649959936,2.430560,-1.011091,1.206939,0.936075,0.064412,-0.036816,-0.343888
1640841571650529792,2.430799,-1.010966,1.207144,0.936100,0.064479,-0.036752,-0.343815
1640841571655030016,2.432668,-1.009987,1.208807,0.936303,0.064991,-0.036222,-0.343222
1640841571655680000,2.432935,-1.009847,1.209053,0.936333,0.065062,-0.036144,-0.343135
1640841571659869952,2.434642,-1.008953,1.210675,0.936524,0.065498,-0.035673,-0.342579
1640841571660320000,2.434824,-1.008857,1.210853,0.936544,0.065542,-0.035627,-0.342519
1640841571665050112,2.436713,-1.007867,1.212766,0.936754,0.065984,-0.035206,-0.341905
1640841571665910016,2.437053,-1.007689,1.213123,0.936791,0.066061,-0.035140,-0.341795
1640841571669969920,2.438641,-1.006857,1.214841,0.936961,0.066431,-0.034861,-0.341285
1640841571670820096,2.438970,-1.006685,1.215208,0.936996,0.066510,-0.034808,-0.341180
1640841571674899712,2.440533,-1.005866,1.217007,0.937158,0.066893,-0.034570,-0.340683
1640841571675389952,2.440719,-1.005768,1.217227,0.937178,0.066938,-0.034542,-0.340623
1640841571679879936,2.442406,-1.004886,1.219284,0.937356,0.067325,-0.034293,-0.340080
1640841571680349952,2.442580,-1.004795,1.219504,0.937375,0.067362,-0.034266,-0.340023
1640841571685079808,2.444319,-1.003887,1.221757,0.937575,0.067678,-0.033990,-0.339438
1640841571685669888,2.444533,-1.003775,1.222044,0.937600,0.067711,-0.033955,-0.339364
1640841571690789888,2.446370,-1.002818,1.224585,0.937836,0.067932,-0.033686,-0.338695
1640841571691439872,2.446601,-1.002698,1.224914,0.937867,0.067952,-0.033657,-0.338607
1640841571695109888,2.447888,-1.002029,1.226803,0.938047,0.068032,-0.033502,-0.338109
1640841571696179968,2.448260,-1.001837,1.227362,0.938099,0.068043,-0.033459,-0.337965
1640841571699859968,2.449523,-1.001182,1.229319,0.938278,0.068039,-0.033306,-0.337484
1640841571700310016,2.449677,-1.001103,1.229562,0.938300,0.068034,-0.033287,-0.337427
1640841571704890112,2.451216,-1.000309,1.232074,0.938515,0.067934,-0.033064,-0.336870
1640841571705839872,2.451532,-1.000146,1.232605,0.938560,0.067905,-0.033013,-0.336756
1640841571710049792,2.452912,-0.999438,1.234996,0.938762,0.067761,-0.032760,-0.336246
1640841571710909952,2.453191,-0.999295,1.235492,0.938805,0.067730,-0.032703,-0.336138
1640841571715219968,2.454569,-0.998591,1.238020,0.939031,0.067590,-0.032388,-0.335565
1640841571715790080,2.454750,-0.998499,1.238359,0.939062,0.067574,-0.032345,-0.335485
1640841571719839744,2.456015,-0.997856,1.240805,0.939282,0.067450,-0.032073,-0.334921
1640841571720419840,2.456194,-0.997766,1.241160,0.939312,0.067430,-0.032044,-0.334843
1640841571724969984,2.457582,-0.997065,1.243989,0.939542,0.067250,-0.031874,-0.334250
1640841571725469952,2.457733,-0.996990,1.244304,0.939566,0.067228,-0.031860,-0.334187
1640841571730039808,2.459091,-0.996309,1.247229,0.939792,0.067003,-0.031724,-0.333609
1640841571731279872,2.459454,-0.996128,1.248036,0.939855,0.066936,-0.031679,-0.333450
1640841571734860032,2.460489,-0.995614,1.250397,0.940039,0.066728,-0.031525,-0.332987
1640841571735350016,2.460629,-0.995544,1.250724,0.940065,0.066698,-0.031502,-0.332923
1640841571740269824,2.462016,-0.994861,1.254053,0.940325,0.066373,-0.031281,-0.332273
1640841571740849920,2.462177,-0.994782,1.254451,0.940356,0.066333,-0.031257,-0.332196
1640841571745049856,2.463328,-0.994220,1.257372,0.940579,0.066022,-0.031125,-0.331637
1640841571745740032,2.463514,-0.994130,1.257858,0.940616,0.065969,-0.031112,-0.331545
1640841571749879808,2.464618,-0.993596,1.260810,0.940833,0.065633,-0.031099,-0.330996
1640841571750370048,2.464747,-0.993534,1.261163,0.940858,0.065591,-0.031104,-0.330932
1640841571755040000,2.465958,-0.992956,1.264576,0.941099,0.065123,-0.031083,-0.330343
1640841571755800064,2.466152,-0.992863,1.265139,0.941137,0.065036,-0.031065,-0.330251
1640841571759939840,2.467194,-0.992372,1.268241,0.941352,0.064540,-0.030946,-0.329749
1640841571760409856,2.467310,-0.992317,1.268597,0.941376,0.064483,-0.030933,-0.329691
1640841571765509888,2.468555,-0.991738,1.272513,0.941650,0.063869,-0.030821,-0.329039
1640841571766119936,2.468701,-0.991670,1.272988,0.941683,0.063795,-0.030810,-0.328958
1640841571769840128,2.469581,-0.991266,1.275911,0.941891,0.063332,-0.030746,-0.328459
1640841571770299904,2.469689,-0.991217,1.276276,0.941917,0.063274,-0.030738,-0.328397
1640841571775049984,2.470779,-0.990724,1.280089,0.942190,0.062643,-0.030646,-0.327742
1640841571775559936,2.470894,-0.990672,1.280503,0.942220,0.062573,-0.030634,-0.327671
1640841571779959808,2.471872,-0.990238,1.284115,0.942476,0.061942,-0.030506,-0.327064
1640841571780589824,2.472010,-0.990177,1.284637,0.942513,0.061848,-0.030483,-0.326978
1640841571785149696,2.472989,-0.989750,1.288463,0.942778,0.061154,-0.030301,-0.326363
1640841571786579968,2.473289,-0.989620,1.289678,0.942860,0.060936,-0.030245,-0.326172
1640841571789880064,2.473972,-0.989328,1.292509,0.943046,0.060444,-0.030137,-0.325733
1640841571790380032,2.474074,-0.989285,1.292942,0.943074,0.060371,-0.030124,-0.325667
1640841571794880000,2.474977,-0.988906,1.296872,0.943319,0.059761,-0.030080,-0.325073
1640841571795460096,2.475091,-0.988859,1.297384,0.943350,0.059689,-0.030086,-0.324996
1640841571799899904,2.475949,-0.988507,1.301341,0.943582,0.059183,-0.030206,-0.324403
1640841571800400128,2.476044,-0.988469,1.301791,0.943609,0.059123,-0.030219,-0.324335
1640841571804859904,2.476875,-0.988137,1.305842,0.943865,0.058513,-0.030247,-0.323698
1640841571805199872,2.476937,-0.988112,1.306154,0.943885,0.058462,-0.030244,-0.323649
1640841571810040064,2.477804,-0.987775,1.310634,0.944173,0.057712,-0.030191,-0.322949
1640841571810679808,2.477916,-0.987732,1.311233,0.944210,0.057612,-0.030185,-0.322859
1640841571815359744,2.478718,-0.987430,1.315652,0.944472,0.056895,-0.030172,-0.322221
1640841571816119808,2.478845,-0.987383,1.316377,0.944513,0.056779,-0.030174,-0.322119
1640841571820009984,2.479485,-0.987150,1.320118,0.944729,0.056173,-0.030193,-0.321591
1640841571820459776,2.479557,-0.987124,1.320554,0.944754,0.056101,-0.030195,-0.321528
1640841571824950016,2.480266,-0.986875,1.324942,0.945017,0.055354,-0.030217,-0.320883
1640841571825469952,2.480346,-0.986847,1.325455,0.945048,0.055264,-0.030219,-0.320806
1640841571829969920,2.481025,-0.986618,1.329929,0.945323,0.054461,-0.030218,-0.320132
1640841571830629888,2.481123,-0.986585,1.330591,0.945364,0.054340,-0.030215,-0.320032
1640841571835310080,2.481795,-0.986369,1.335327,0.945655,0.053466,-0.030172,-0.319324
1640841571836829952,2.482006,-0.986303,1.336881,0.945749,0.053184,-0.030157,-0.319094
1640841571839820032,2.482414,-0.986178,1.339959,0.945931,0.052648,-0.030137,-0.318644
1640841571840179968,2.482462,-0.986164,1.340332,0.945953,0.052585,-0.030136,-0.318590
1640841571844969984,2.483087,-0.985982,1.345331,0.946234,0.051827,-0.030173,-0.317877
1640841571845619968,2.483169,-0.985959,1.346016,0.946271,0.051733,-0.030184,-0.317781
1640841571850189824,2.483732,-0.985807,1.350865,0.946533,0.051064,-0.030231,-0.317104
1640841571851490048,2.483886,-0.985767,1.352257,0.946609,0.050860,-0.030226,-0.316909
1640841571854959872,2.484289,-0.985666,1.355999,0.946816,0.050294,-0.030183,-0.316383
1640841571855409920,2.484340,-0.985654,1.356487,0.946844,0.050219,-0.030175,-0.316314
1640841571859819776,2.484825,-0.985542,1.361305,0.947116,0.049486,-0.030103,-0.315621
1640841571860169984,2.484862,-0.985534,1.361690,0.947138,0.049428,-0.030098,-0.315564
1640841571864979968,2.485359,-0.985431,1.367020,0.947441,0.048666,-0.030067,-0.314776
1640841571866060032,2.485467,-0.985410,1.368227,0.947508,0.048503,-0.030069,-0.314598
1640841571869859840,2.485832,-0.985345,1.372503,0.947740,0.047959,-0.030103,-0.313979
1640841571870539776,2.485895,-0.985334,1.373273,0.947780,0.047868,-0.030114,-0.313871
1640841571874939904,2.486290,-0.985274,1.378290,0.948033,0.047307,-0.030208,-0.313181
1640841571875399936,2.486330,-0.985269,1.378817,0.948059,0.047250,-0.030219,-0.313110
1640841571879949824,2.486709,-0.985223,1.384074,0.948319,0.046706,-0.030325,-0.312394
1640841571880699904,2.486769,-0.985217,1.384947,0.948363,0.046617,-0.030339,-0.312273
1640841571884940032,2.487094,-0.985189,1.389912,0.948616,0.046106,-0.030405,-0.311574
1640841571885949952,2.487168,-0.985185,1.391103,0.948676,0.045983,-0.030421,-0.311405
1640841571889920000,2.487446,-0.985173,1.395814,0.948915,0.045491,-0.030505,-0.310740
1640841571890560000,2.487488,-0.985172,1.396578,0.948954,0.045410,-0.030524,-0.310634
1640841571894860032,2.487763,-0.985172,1.401741,0.949206,0.044865,-0.030683,-0.309924
1640841571895239936,2.487786,-0.985173,1.402200,0.949228,0.044816,-0.030699,-0.309862
1640841571900009984,2.488060,-0.985189,1.407997,0.949504,0.044212,-0.030914,-0.309081
1640841571900849920,2.488105,-0.985193,1.409025,0.949553,0.044107,-0.030953,-0.308944
1640841571905009920,2.488316,-0.985220,1.414145,0.949792,0.043590,-0.031135,-0.308261
1640841571905629952,2.488346,-0.985224,1.414913,0.949828,0.043513,-0.031160,-0.308159
1640841571910049792,2.488543,-0.985265,1.420416,0.950087,0.042952,-0.031313,-0.307425
1640841571910569984,2.488564,-0.985271,1.421067,0.950118,0.042884,-0.031327,-0.307337
1640841571914969856,2.488733,-0.985324,1.426607,0.950382,0.042290,-0.031425,-0.306591
1640841571915649792,2.488757,-0.985333,1.427468,0.950424,0.042195,-0.031438,-0.306474
1640841571920569856,2.488913,-0.985406,1.433736,0.950729,0.041478,-0.031538,-0.305614
1640841571921209856,2.488931,-0.985416,1.434556,0.950769,0.041381,-0.031554,-0.305500
1640841571924880128,2.489025,-0.985479,1.439282,0.951002,0.040815,-0.031658,-0.304841
1640841571925580032,2.489041,-0.985492,1.440188,0.951046,0.040706,-0.031681,-0.304714
1640841571930009856,2.489129,-0.985579,1.445950,0.951326,0.040033,-0.031842,-0.303912
1640841571931170048,2.489148,-0.985603,1.447468,0.951398,0.039863,-0.031888,-0.303703
1640841571935030016,2.489199,-0.985687,1.452544,0.951637,0.039312,-0.032039,-0.303011
1640841571935859968,2.489208,-0.985706,1.453641,0.951688,0.039195,-0.032069,-0.302862
1640841571940640000,2.489242,-0.985821,1.459992,0.951980,0.038529,-0.032205,-0.302012
1640841571941469952,2.489245,-0.985841,1.461101,0.952031,0.038414,-0.032221,-0.301865
1640841571945309952,2.489248,-0.985941,1.466255,0.952267,0.037886,-0.032286,-0.301181
1640841571946980096,2.489244,-0.985986,1.468509,0.952370,0.037662,-0.032318,-0.300880
1640841571949889792,2.489230,-0.986067,1.472452,0.952550,0.037284,-0.032395,-0.300347
1640841571950389760,2.489226,-0.986081,1.473132,0.952582,0.037221,-0.032412,-0.300254
1640841571956559872,2.489158,-0.986263,1.481572,0.952967,0.036462,-0.032697,-0.299091
1640841571957779968,2.489139,-0.986301,1.483252,0.953042,0.036312,-0.032767,-0.298862
1640841571959839744,2.489103,-0.986365,1.486098,0.953168,0.036054,-0.032893,-0.298477
1640841571960239872,2.489096,-0.986377,1.486652,0.953193,0.036003,-0.032919,-0.298403
1640841571964849920,2.488996,-0.986525,1.493062,0.953466,0.035387,-0.033225,-0.297568
1640841571965359872,2.488983,-0.986542,1.493774,0.953495,0.035317,-0.033259,-0.297478
1640841571970010112,2.488855,-0.986698,1.500297,0.953768,0.034684,-0.033575,-0.296642
1640841571971209984,2.488818,-0.986739,1.501989,0.953839,0.034527,-0.033656,-0.296421
1640841571977159936,2.488609,-0.986947,1.510428,0.954200,0.033747,-0.034052,-0.295303
1640841571977969920,2.488577,-0.986976,1.511583,0.954250,0.033637,-0.034107,-0.295149
1640841571980829952,2.488460,-0.987079,1.515674,0.954424,0.033228,-0.034307,-0.294608
1640841571981550080,2.488429,-0.987105,1.516707,0.954468,0.033120,-0.034358,-0.294472
1640841571985260032,2.488260,-0.987241,1.522048,0.954692,0.032535,-0.034635,-0.293777
1640841571986690048,2.488191,-0.987294,1.524115,0.954778,0.032300,-0.034747,-0.293511
1640841571989879808,2.488028,-0.987413,1.528741,0.954968,0.031768,-0.035005,-0.292920
1640841571990409728,2.488000,-0.987433,1.529512,0.954999,0.031679,-0.035050,-0.292823
1640841571994929920,2.487747,-0.987605,1.536112,0.955265,0.030916,-0.035434,-0.291989
1640841571995509760,2.487713,-0.987627,1.536962,0.955299,0.030817,-0.035483,-0.291881
1640841571999879936,2.487444,-0.987796,1.543390,0.955563,0.030056,-0.035831,-0.291053
1640841572000279808,2.487418,-0.987811,1.543981,0.955588,0.029984,-0.035860,-0.290976
1640841572004889856,2.487110,-0.987991,1.550810,0.955879,0.029150,-0.036173,-0.290064
1640841572005449984,2.487071,-0.988013,1.551642,0.955915,0.029048,-0.036209,-0.289952
1640841572012749824,2.486530,-0.988301,1.562553,0.956372,0.027756,-0.036702,-0.288506
1640841572013389824,2.486480,-0.988326,1.563515,0.956410,0.027647,-0.036749,-0.288382
1640841572015009792,2.486351,-0.988390,1.565953,0.956508,0.027374,-0.036869,-0.288069
1640841572015489792,2.486313,-0.988409,1.566676,0.956537,0.027293,-0.036905,-0.287977
1640841572020179968,2.485921,-0.988596,1.573768,0.956814,0.026510,-0.037264,-0.287081
1640841572021250048,2.485828,-0.988638,1.575392,0.956877,0.026330,-0.037346,-0.286877
1640841572025059840,2.485488,-0.988789,1.581192,0.957101,0.025694,-0.037635,-0.286149
1640841572025889792,2.485412,-0.988822,1.582459,0.957150,0.025556,-0.037697,-0.285989
1640841572029979904,2.485027,-0.988984,1.588722,0.957395,0.024895,-0.037994,-0.285188
1640841572030449920,2.484981,-0.989003,1.589444,0.957423,0.024821,-0.038027,-0.285094
1640841572034849792,2.484544,-0.989176,1.596219,0.957690,0.024144,-0.038336,-0.284214
1640841572036579840,2.484367,-0.989244,1.598893,0.957794,0.023884,-0.038458,-0.283869
1640841572039849984,2.484023,-0.989371,1.603961,0.957986,0.023399,-0.038695,-0.283227
1640841572040230144,2.483982,-0.989386,1.604551,0.958008,0.023343,-0.038723,-0.283153
1640841572045029888,2.483455,-0.989572,1.612026,0.958279,0.022641,-0.039101,-0.282240
1640841572045719808,2.483377,-0.989598,1.613104,0.958318,0.022541,-0.039159,-0.282109
1640841572049919744,2.482893,-0.989758,1.619681,0.958550,0.021931,-0.039546,-0.281312
1640841572050419712,2.482834,-0.989777,1.620466,0.958578,0.021858,-0.039596,-0.281216
1640841572054909952,2.482294,-0.989945,1.627533,0.958830,0.021197,-0.040065,-0.280341
1640841572055300096,2.482246,-0.989960,1.628149,0.958852,0.021139,-0.040107,-0.280264
1640841572059980032,2.481660,-0.990132,1.635551,0.959119,0.020413,-0.040587,-0.279333
1640841572060659968,2.481573,-0.990156,1.636629,0.959158,0.020303,-0.040652,-0.279196
1640841572064909824,2.481018,-0.990309,1.643385,0.959406,0.019599,-0.041036,-0.278338
1640841572065489920,2.480941,-0.990330,1.644309,0.959440,0.019502,-0.041087,-0.278220
1640841572070159872,2.480307,-0.990493,1.651767,0.959710,0.018726,-0.041508,-0.277278
1640841572070870016,2.480209,-0.990517,1.652903,0.959750,0.018610,-0.041576,-0.277135
1640841572074919936,2.479638,-0.990654,1.659400,0.959978,0.017962,-0.041982,-0.276327
1640841572075449856,2.479563,-0.990672,1.660252,0.960008,0.017876,-0.042035,-0.276221
1640841572079910144,2.478913,-0.990818,1.667435,0.960260,0.017128,-0.042462,-0.275326
1640841572080410112,2.478839,-0.990834,1.668242,0.960289,0.017040,-0.042506,-0.275225
1640841572086690048,2.477889,-0.991031,1.678405,0.960653,0.015884,-0.043006,-0.273942
1640841572087339776,2.477788,-0.991051,1.679459,0.960691,0.015764,-0.043056,-0.273808
1640841572090149888,2.477348,-0.991135,1.684025,0.960854,0.015255,-0.043273,-0.273228
1640841572090679808,2.477264,-0.991151,1.684887,0.960885,0.015161,-0.043315,-0.273119
1640841572094899968,2.476587,-0.991272,1.691763,0.961129,0.014430,-0.043646,-0.272246
1640841572095480064,2.476493,-0.991288,1.692710,0.961162,0.014331,-0.043689,-0.272126
1640841572099899904,2.475762,-0.991409,1.699937,0.961418,0.013556,-0.043972,-0.271214
1640841572100389888,2.475680,-0.991421,1.700739,0.961447,0.013467,-0.043997,-0.271114
1640841572104999936,2.474896,-0.991540,1.708302,0.961716,0.012604,-0.044183,-0.270168
1640841572106240000,2.474681,-0.991570,1.710340,0.961788,0.012369,-0.044230,-0.269915
1640841572110259968,2.473976,-0.991665,1.716957,0.962018,0.011619,-0.044425,-0.269097
1640841572110789888,2.473882,-0.991677,1.717831,0.962047,0.011523,-0.044458,-0.268990
1640841572115089920,2.473108,-0.991772,1.724928,0.962285,0.010771,-0.044774,-0.268118
1640841572115849984,2.472970,-0.991788,1.726185,0.962327,0.010643,-0.044834,-0.267963
1640841572120479744,2.472114,-0.991880,1.733849,0.962585,0.009881,-0.045171,-0.267007
1640841572121270016,2.471966,-0.991895,1.735158,0.962630,0.009755,-0.045221,-0.266841
1640841572124909824,2.471276,-0.991960,1.741199,0.962837,0.009179,-0.045435,-0.266077
1640841572125280000,2.471205,-0.991966,1.741814,0.962857,0.009121,-0.045457,-0.266000
1640841572129799936,2.470329,-0.992039,1.749330,0.963107,0.008415,-0.045736,-0.265069
1640841572130179840,2.470255,-0.992044,1.749963,0.963128,0.008356,-0.045762,-0.264993
1640841572134889728,2.469320,-0.992109,1.757813,0.963374,0.007611,-0.046107,-0.264058
1640841572135689984,2.469159,-0.992119,1.759148,0.963415,0.007481,-0.046167,-0.263901
1640841572140249856,2.468231,-0.992171,1.766765,0.963652,0.006710,-0.046493,-0.262999
1640841572140979968,2.468081,-0.992178,1.767986,0.963690,0.006580,-0.046540,-0.262853
1640841572144879872,2.467270,-0.992212,1.774512,0.963903,0.005852,-0.046755,-0.262052
1640841572145359872,2.467169,-0.992216,1.775316,0.963930,0.005759,-0.046777,-0.261951
1640841572149900032,2.466205,-0.992245,1.782925,0.964184,0.004868,-0.046972,-0.260996
1640841572150429952,2.466091,-0.992248,1.783814,0.964213,0.004767,-0.046996,-0.260885
1640841572155079936,2.465082,-0.992265,1.791619,0.964463,0.003898,-0.047230,-0.259934
1640841572156989696,2.464662,-0.992269,1.794828,0.964563,0.003542,-0.047331,-0.259550
1640841572160989952,2.463771,-0.992270,1.801553,0.964771,0.002772,-0.047534,-0.258747
1640841572161520128,2.463652,-0.992270,1.802444,0.964798,0.002666,-0.047559,-0.258640
1640841572164839936,2.462900,-0.992263,1.808031,0.964972,0.001988,-0.047704,-0.257971
1640841572165249792,2.462806,-0.992261,1.808721,0.964994,0.001903,-0.047720,-0.257888
1640841572169949952,2.461723,-0.992239,1.816637,0.965243,0.000920,-0.047878,-0.256930
1640841572174399744,2.460679,-0.992206,1.824137,0.965483,0.000000,-0.047982,-0.256008
1640841572175959808,2.460309,-0.992192,1.826767,0.965567,-0.000320,-0.048014,-0.255684
1640841572176579840,2.460162,-0.992185,1.827812,0.965601,-0.000447,-0.048027,-0.255555
1640841572179839744,2.459379,-0.992149,1.833310,0.965775,-0.001114,-0.048105,-0.254879
1640841572181639936,2.458944,-0.992126,1.836347,0.965870,-0.001481,-0.048156,-0.254509
1640841572185539840,2.457989,-0.992068,1.842927,0.966072,-0.002268,-0.048276,-0.253713
1640841572186509824,2.457750,-0.992053,1.844563,0.966121,-0.002460,-0.048306,-0.253516
1640841572190070016,2.456864,-0.991989,1.850571,0.966302,-0.003150,-0.048408,-0.252799
1640841572192629760,2.456220,-0.991938,1.854891,0.966431,-0.003629,-0.048470,-0.252287
1640841572194899968,2.455644,-0.991889,1.858722,0.966545,-0.004044,-0.048524,-0.251834
1640841572195379968,2.455522,-0.991878,1.859532,0.966569,-0.004131,-0.048536,-0.251738
1640841572199839744,2.454376,-0.991770,1.867057,0.966791,-0.004943,-0.048669,-0.250844
1640841572200379904,2.454236,-0.991756,1.867968,0.966817,-0.005042,-0.048689,-0.250736
1640841572204939776,2.453044,-0.991628,1.875659,0.967041,-0.005888,-0.048899,-0.249810
1640841572205580032,2.452875,-0.991609,1.876739,0.967073,-0.006007,-0.048934,-0.249680
1640841572209899776,2.451727,-0.991472,1.884021,0.967280,-0.006799,-0.049190,-0.248804
1640841572210719744,2.451508,-0.991444,1.885403,0.967319,-0.006946,-0.049242,-0.248639
1640841572215529984,2.450207,-0.991272,1.893506,0.967542,-0.007790,-0.049563,-0.247678
1640841572216140032,2.450041,-0.991249,1.894533,0.967570,-0.007897,-0.049604,-0.247557
1640841572220079872,2.448959,-0.991092,1.901164,0.967750,-0.008609,-0.049870,-0.246777
1640841572220779776,2.448766,-0.991063,1.902342,0.967782,-0.008741,-0.049916,-0.246639
1640841572224979968,2.447596,-0.990879,1.909403,0.967972,-0.009589,-0.050181,-0.245805
1640841572225499904,2.447450,-0.990856,1.910277,0.967996,-0.009701,-0.050212,-0.245702
1640841572229869824,2.446215,-0.990648,1.917615,0.968192,-0.010664,-0.050470,-0.244832
1640841572230340096,2.446081,-0.990624,1.918404,0.968213,-0.010768,-0.050497,-0.244739
1640841572235049984,2.444731,-0.990380,1.926302,0.968420,-0.011781,-0.050791,-0.243811
1640841572236199936,2.444398,-0.990318,1.928229,0.968470,-0.012016,-0.050868,-0.243586
1640841572239889920,2.443324,-0.990110,1.934406,0.968626,-0.012798,-0.051114,-0.242874
1640841572240419840,2.443169,-0.990079,1.935293,0.968648,-0.012920,-0.051147,-0.242772
1640841572244869888,2.441856,-0.989810,1.942730,0.968830,-0.014018,-0.051412,-0.241926
1640841572245270016,2.441738,-0.989785,1.943398,0.968846,-0.014121,-0.051435,-0.241850
1640841572250700032,2.440113,-0.989430,1.952453,0.969065,-0.015549,-0.051707,-0.240829
1640841572251729920,2.439802,-0.989360,1.954168,0.969106,-0.015817,-0.051752,-0.240636
1640841572254929920,2.438830,-0.989136,1.959492,0.969234,-0.016649,-0.051884,-0.240033
1640841572255650048,2.438611,-0.989084,1.960689,0.969263,-0.016838,-0.051912,-0.239897
1640841572259939840,2.437293,-0.988765,1.967811,0.969437,-0.017998,-0.052070,-0.239075
1640841572260649984,2.437074,-0.988711,1.968988,0.969466,-0.018198,-0.052095,-0.238937
1640841572265070080,2.435698,-0.988361,1.976307,0.969648,-0.019513,-0.052250,-0.238061
1640841572266840064,2.435143,-0.988216,1.979234,0.969720,-0.020059,-0.052310,-0.237708
1640841572270139904,2.434101,-0.987937,1.984681,0.969850,-0.021066,-0.052417,-0.237064
1640841572271279872,2.433740,-0.987838,1.986560,0.969894,-0.021404,-0.052452,-0.236848
1640841572274989824,2.432555,-0.987507,1.992668,0.970031,-0.022469,-0.052562,-0.236163
1640841572275470080,2.432401,-0.987464,1.993457,0.970048,-0.022604,-0.052576,-0.236076
1640841572279980032,2.430944,-0.987041,2.000860,0.970211,-0.023843,-0.052709,-0.235252
1640841572280609792,2.430740,-0.986980,2.001892,0.970234,-0.024014,-0.052729,-0.235136
1640841572285299968,2.429206,-0.986516,2.009564,0.970406,-0.025280,-0.052863,-0.234262
1640841572285830144,2.429032,-0.986462,2.010429,0.970426,-0.025424,-0.052876,-0.234162
1640841572290230016,2.427575,-0.986004,2.017601,0.970586,-0.026635,-0.052949,-0.233346
1640841572290949888,2.427336,-0.985927,2.018772,0.970612,-0.026837,-0.052955,-0.233214
1640841572294939904,2.426000,-0.985490,2.025251,0.970752,-0.027958,-0.052987,-0.232489
1640841572295539968,2.425798,-0.985423,2.026224,0.970773,-0.028126,-0.052995,-0.232381
1640841572300089856,2.424257,-0.984902,2.033584,0.970923,-0.029368,-0.053119,-0.231571
1640841572300969728,2.423957,-0.984798,2.035005,0.970950,-0.029599,-0.053163,-0.231415
1640841572305049856,2.422560,-0.984308,2.041577,0.971073,-0.030631,-0.053439,-0.230701
1640841572305769984,2.422312,-0.984219,2.042734,0.971094,-0.030808,-0.053493,-0.230577
1640841572310169856,2.420787,-0.983666,2.049792,0.971222,-0.031888,-0.053772,-0.229826
1640841572310749952,2.420585,-0.983592,2.050720,0.971239,-0.032031,-0.053799,-0.229728
1640841572315859968,2.418794,-0.982919,2.058877,0.971388,-0.033312,-0.053967,-0.228874
1640841572316619776,2.418526,-0.982817,2.060086,0.971410,-0.033506,-0.053986,-0.228748
1640841572320000000,2.417328,-0.982353,2.065456,0.971507,-0.034387,-0.054071,-0.228183
1640841572320619776,2.417108,-0.982266,2.066439,0.971525,-0.034551,-0.054088,-0.228079
1640841572325270016,2.415444,-0.981603,2.073793,0.971655,-0.035812,-0.054246,-0.227293
1640841572326269952,2.415084,-0.981457,2.075370,0.971682,-0.036089,-0.054287,-0.227124
1640841572329959936,2.413749,-0.980909,2.081175,0.971779,-0.037118,-0.054464,-0.226500
1640841572330649856,2.413498,-0.980805,2.082257,0.971796,-0.037312,-0.054502,-0.226384
1640841572334909952,2.411941,-0.980148,2.088926,0.971900,-0.038523,-0.054763,-0.225671
1640841572335359744,2.411776,-0.980077,2.089629,0.971910,-0.038653,-0.054793,-0.225597
1640841572340080128,2.410034,-0.979322,2.096977,0.972016,-0.040065,-0.055089,-0.224824
1640841572340649728,2.409822,-0.979229,2.097862,0.972028,-0.040242,-0.055122,-0.224732
1640841572346139904,2.407772,-0.978313,2.106354,0.972140,-0.042043,-0.055383,-0.223850
1640841572347879936,2.407117,-0.978015,2.109034,0.972176,-0.042640,-0.055448,-0.223567
1640841572349819904,2.406385,-0.977678,2.112016,0.972216,-0.043316,-0.055511,-0.223245
1640841572350210048,2.406237,-0.977610,2.112614,0.972224,-0.043453,-0.055522,-0.223179
1640841572355559936,2.404201,-0.976655,2.120796,0.972343,-0.045357,-0.055660,-0.222248
1640841572357639936,2.403403,-0.976275,2.123963,0.972387,-0.046109,-0.055721,-0.221884
1640841572359879936,2.402541,-0.975858,2.127363,0.972430,-0.046923,-0.055805,-0.221502
1640841572360569856,2.402274,-0.975729,2.128408,0.972442,-0.047174,-0.055837,-0.221388
1640841572364950016,2.400574,-0.974893,2.135022,0.972506,-0.048770,-0.056090,-0.220696
1640841572365489920,2.400364,-0.974789,2.135835,0.972513,-0.048965,-0.056125,-0.220613
1640841572369880064,2.398643,-0.973924,2.142421,0.972573,-0.050519,-0.056402,-0.219926
1640841572370959872,2.398218,-0.973708,2.144035,0.972590,-0.050890,-0.056463,-0.219751
1640841572375039744,2.396603,-0.972877,2.150110,0.972658,-0.052263,-0.056671,-0.219075
1640841572375609856,2.396376,-0.972759,2.150957,0.972667,-0.052453,-0.056698,-0.218980
1640841572379889920,2.394666,-0.971862,2.157287,0.972737,-0.053881,-0.056898,-0.218269
1640841572380359936,2.394477,-0.971762,2.157980,0.972744,-0.054039,-0.056920,-0.218193
1640841572384940032,2.392630,-0.970772,2.164706,0.972808,-0.055579,-0.057154,-0.217459
1640841572385499904,2.392403,-0.970650,2.165525,0.972815,-0.055766,-0.057186,-0.217371
1640841572390159872,2.390506,-0.969612,2.172315,0.972869,-0.057291,-0.057488,-0.216654
1640841572390589952,2.390330,-0.969515,2.172940,0.972874,-0.057428,-0.057520,-0.216588
1640841572395020032,2.388509,-0.968501,2.179345,0.972917,-0.058796,-0.057894,-0.215925
1640841572395759872,2.388203,-0.968329,2.180411,0.972924,-0.059020,-0.057962,-0.215815
1640841572399969792,2.386456,-0.967337,2.186450,0.972962,-0.060287,-0.058369,-0.215180
1640841572400649984,2.386173,-0.967175,2.187421,0.972969,-0.060493,-0.058436,-0.215076
1640841572405299968,2.384225,-0.966048,2.194036,0.973011,-0.061913,-0.058897,-0.214353
1640841572406349824,2.383783,-0.965790,2.195522,0.973021,-0.062234,-0.059002,-0.214188
1640841572410209792,2.382151,-0.964829,2.200965,0.973054,-0.063403,-0.059394,-0.213586
1640841572412049920,2.381369,-0.964364,2.203546,0.973069,-0.063952,-0.059584,-0.213301
1640841572415020032,2.380101,-0.963604,2.207696,0.973092,-0.064831,-0.059896,-0.212843
1640841572415799808,2.379766,-0.963402,2.208782,0.973098,-0.065061,-0.059979,-0.212722
1640841572419879936,2.378011,-0.962335,2.214440,0.973128,-0.066263,-0.060423,-0.212087
1640841572421700096,2.377224,-0.961852,2.216951,0.973141,-0.066803,-0.060627,-0.211799
1640841572425169920,2.375715,-0.960919,2.221714,0.973164,-0.067842,-0.061028,-0.211248
1640841572427119872,2.374864,-0.960388,2.224378,0.973175,-0.068433,-0.061262,-0.210937
1640841572429859840,2.373662,-0.959633,2.228104,0.973188,-0.069274,-0.061604,-0.210505
1640841572430339840,2.373451,-0.959500,2.228755,0.973189,-0.069423,-0.061665,-0.210429
1640841572434939904,2.371419,-0.958208,2.234962,0.973200,-0.070868,-0.062272,-0.209717
1640841572435389952,2.371220,-0.958080,2.235567,0.973201,-0.071011,-0.062332,-0.209648
1640841572439990016,2.369170,-0.956758,2.241714,0.973206,-0.072474,-0.062936,-0.208942
1640841572441560064,2.368466,-0.956300,2.243800,0.973208,-0.072973,-0.063132,-0.208700
1640841572444989952,2.366923,-0.955289,2.248334,0.973213,-0.074054,-0.063545,-0.208171
1640841572445730048,2.366589,-0.955069,2.249308,0.973214,-0.074285,-0.063632,-0.208057
1640841572449849856,2.364721,-0.953830,2.254704,0.973220,-0.075546,-0.064111,-0.207424
1640841572450529792,2.364411,-0.953624,2.255590,0.973221,-0.075749,-0.064190,-0.207321
1640841572455459840,2.362155,-0.952108,2.261979,0.973229,-0.077184,-0.064779,-0.206571
1640841572456039936,2.361888,-0.951928,2.262726,0.973230,-0.077349,-0.064850,-0.206482
1640841572459939840,2.360089,-0.950704,2.267728,0.973238,-0.078434,-0.065352,-0.205876
1640841572460689920,2.359741,-0.950466,2.268685,0.973240,-0.078639,-0.065453,-0.205757
1640841572464939776,2.357764,-0.949106,2.274078,0.973252,-0.079771,-0.066051,-0.205070
1640841572465400064,2.357549,-0.948957,2.274659,0.973254,-0.079890,-0.066118,-0.204996
1640841572469959936,2.355410,-0.947469,2.280385,0.973268,-0.081004,-0.066778,-0.204275
1640841572470799872,2.355014,-0.947192,2.281434,0.973271,-0.081195,-0.066897,-0.204148
1640841572475009792,2.353022,-0.945789,2.286659,0.973284,-0.082091,-0.067476,-0.203537
1640841572475569920,2.352756,-0.945601,2.287351,0.973286,-0.082205,-0.067550,-0.203456
1640841572480009984,2.350638,-0.944094,2.292801,0.973307,-0.083097,-0.068109,-0.202802
1640841572480739840,2.350288,-0.943844,2.293691,0.973312,-0.083244,-0.068196,-0.202690
1640841572484900096,2.348287,-0.942405,2.298738,0.973344,-0.084074,-0.068682,-0.202030
1640841572487379968,2.347087,-0.941536,2.301723,0.973364,-0.084549,-0.068979,-0.201635
1640841572489929984,2.345849,-0.940635,2.304774,0.973382,-0.085008,-0.069305,-0.201240
1640841572490309888,2.345664,-0.940500,2.305227,0.973385,-0.085073,-0.069356,-0.201182
1640841572494969856,2.343386,-0.938830,2.310750,0.973414,-0.085827,-0.070011,-0.200492
1640841572495630080,2.343062,-0.938591,2.311527,0.973418,-0.085929,-0.070107,-0.200395
1640841572499830016,2.340991,-0.937058,2.316442,0.973447,-0.086558,-0.070722,-0.199766
1640841572500310016,2.340753,-0.936882,2.317001,0.973451,-0.086629,-0.070791,-0.199692
1640841572505179904,2.338333,-0.935073,2.322629,0.973495,-0.087348,-0.071489,-0.198917
1640841572506379776,2.337734,-0.934623,2.324005,0.973506,-0.087522,-0.071661,-0.198723
1640841572509879808,2.335979,-0.933300,2.327995,0.973537,-0.088016,-0.072176,-0.198166
1640841572510390016,2.335722,-0.933105,2.328573,0.973541,-0.088086,-0.072254,-0.198087
1640841572514959872,2.333414,-0.931351,2.333721,0.973574,-0.088688,-0.072966,-0.197391
1640841572515569920,2.333105,-0.931115,2.334404,0.973579,-0.088766,-0.073063,-0.197300
1640841572519919872,2.330890,-0.929417,2.339239,0.973610,-0.089303,-0.073762,-0.196639
1640841572520509952,2.330588,-0.929184,2.339890,0.973615,-0.089374,-0.073857,-0.196547
1640841572525039872,2.328263,-0.927387,2.344858,0.973655,-0.089905,-0.074580,-0.195832
1640841572525679872,2.327934,-0.927131,2.345554,0.973661,-0.089977,-0.074681,-0.195730
1640841572529909760,2.325745,-0.925427,2.350129,0.973702,-0.090435,-0.075350,-0.195062
1640841572530609920,2.325381,-0.925142,2.350881,0.973708,-0.090507,-0.075460,-0.194953
1640841572534999808,2.323092,-0.923346,2.355563,0.973747,-0.090931,-0.076149,-0.194295
1640841572536019968,2.322558,-0.922925,2.356643,0.973755,-0.091026,-0.076308,-0.194145
1640841572540760064,2.320064,-0.920952,2.361618,0.973797,-0.091473,-0.077034,-0.193436
1640841572541410048,2.319721,-0.920679,2.362295,0.973803,-0.091536,-0.077132,-0.193336
1640841572544920064,2.317860,-0.919197,2.365928,0.973839,-0.091872,-0.077651,-0.192788
1640841572545529856,2.317536,-0.918938,2.366556,0.973846,-0.091928,-0.077739,-0.192692
1640841572549870080,2.315219,-0.917082,2.370989,0.973897,-0.092298,-0.078353,-0.192005
1640841572550479872,2.314892,-0.916819,2.371607,0.973905,-0.092344,-0.078437,-0.191908
1640841572555529728,2.312173,-0.914626,2.376684,0.973978,-0.092643,-0.079111,-0.191119
1640841572557039872,2.311356,-0.913964,2.378187,0.974001,-0.092707,-0.079307,-0.190886
1640841572560099840,2.309695,-0.912615,2.381211,0.974051,-0.092805,-0.079703,-0.190419
1640841572560889856,2.309264,-0.912264,2.381987,0.974064,-0.092825,-0.079805,-0.190299
1640841572564819712,2.307116,-0.910511,2.385820,0.974131,-0.092893,-0.080321,-0.189706
1640841572565219840,2.306897,-0.910331,2.386207,0.974138,-0.092897,-0.080374,-0.189646
1640841572569989888,2.304270,-0.908175,2.390790,0.974225,-0.092895,-0.081000,-0.188929
1640841572571519744,2.303424,-0.907477,2.392245,0.974256,-0.092874,-0.081197,-0.188699
1640841572574880000,2.301557,-0.905936,2.395415,0.974326,-0.092794,-0.081621,-0.188191
1640841572575310080,2.301318,-0.905738,2.395818,0.974336,-0.092780,-0.081674,-0.188126
1640841572580029952,2.298678,-0.903547,2.400207,0.974445,-0.092588,-0.082241,-0.187405
1640841572580699904,2.298301,-0.903234,2.400824,0.974462,-0.092555,-0.082318,-0.187302
1640841572584919808,2.295922,-0.901249,2.404681,0.974569,-0.092309,-0.082796,-0.186650
1640841572585629952,2.295521,-0.900913,2.405325,0.974588,-0.092263,-0.082876,-0.186541
1640841572590040064,2.293015,-0.898813,2.409287,0.974705,-0.091937,-0.083381,-0.185865
1640841572591830016,2.291993,-0.897954,2.410878,0.974752,-0.091788,-0.083593,-0.185594
1640841572594899968,2.290234,-0.896472,2.413584,0.974834,-0.091512,-0.083971,-0.185131
1640841572595559936,2.289855,-0.896152,2.414162,0.974851,-0.091449,-0.084054,-0.185032
1640841572599879936,2.287363,-0.894044,2.417912,0.974969,-0.091013,-0.084619,-0.184368
1640841572600339968,2.287097,-0.893818,2.418308,0.974982,-0.090964,-0.084681,-0.184296
1640841572605049856,2.284359,-0.891492,2.422325,0.975117,-0.090432,-0.085325,-0.183546
1640841572605479936,2.284108,-0.891279,2.422688,0.975129,-0.090381,-0.085384,-0.183476
1640841572609880064,2.281532,-0.889081,2.426373,0.975263,-0.089826,-0.085968,-0.182763
1640841572610599936,2.281108,-0.888719,2.426970,0.975286,-0.089730,-0.086060,-0.182647
1640841572614879744,2.278582,-0.886555,2.430488,0.975422,-0.089141,-0.086587,-0.181958
1640841572615340032,2.278310,-0.886322,2.430862,0.975437,-0.089076,-0.086642,-0.181885
1640841572620499968,2.275241,-0.883683,2.435021,0.975597,-0.088354,-0.087270,-0.181075
1640841572621359872,2.274727,-0.883240,2.435706,0.975623,-0.088236,-0.087378,-0.180942
1640841572624909824,2.272599,-0.881403,2.438511,0.975726,-0.087755,-0.087828,-0.180400
1640841572625499904,2.272244,-0.881096,2.438973,0.975743,-0.087676,-0.087904,-0.180309
1640841572629910016,2.269582,-0.878792,2.442395,0.975871,-0.087080,-0.088467,-0.179627
1640841572630369792,2.269303,-0.878550,2.442748,0.975885,-0.087017,-0.088525,-0.179555
1640841572634969856,2.266505,-0.876120,2.446248,0.976026,-0.086378,-0.089093,-0.178816
1640841572635969792,2.265895,-0.875589,2.447000,0.976057,-0.086236,-0.089210,-0.178653
1640841572640009984,2.263418,-0.873430,2.450008,0.976189,-0.085644,-0.089654,-0.177994
1640841572640659712,2.263018,-0.873082,2.450487,0.976211,-0.085547,-0.089720,-0.177889
1640841572645030144,2.260320,-0.870723,2.453676,0.976359,-0.084875,-0.090142,-0.177183
1640841572645730048,2.259886,-0.870344,2.454182,0.976383,-0.084766,-0.090208,-0.177071
1640841572650259968,2.257067,-0.867873,2.457417,0.976535,-0.084052,-0.090637,-0.176351
1640841572651000064,2.256605,-0.867468,2.457939,0.976559,-0.083934,-0.090710,-0.176234
1640841572654850048,2.254191,-0.865347,2.460631,0.976685,-0.083314,-0.091098,-0.175629
1640841572655299840,2.253908,-0.865099,2.460943,0.976700,-0.083239,-0.091144,-0.175558
1640841572659960064,2.250967,-0.862508,2.464135,0.976861,-0.082421,-0.091598,-0.174810
1640841572660440064,2.250663,-0.862240,2.464460,0.976879,-0.082331,-0.091643,-0.174732
1640841572664859904,2.247852,-0.859760,2.467420,0.977048,-0.081450,-0.092026,-0.173995
1640841572665390080,2.247513,-0.859461,2.467771,0.977069,-0.081339,-0.092069,-0.173906
1640841572670179840,2.244444,-0.856746,2.470906,0.977262,-0.080287,-0.092445,-0.173107
1640841572670629888,2.244154,-0.856490,2.471197,0.977281,-0.080185,-0.092479,-0.173032
1640841572674959872,2.241359,-0.854013,2.473966,0.977457,-0.079162,-0.092809,-0.172328
1640841572675500032,2.241009,-0.853703,2.474307,0.977479,-0.079030,-0.092850,-0.172241
1640841572679940096,2.238122,-0.851140,2.477082,0.977661,-0.077902,-0.093210,-0.171531
1640841572680579840,2.237704,-0.850769,2.477477,0.977687,-0.077733,-0.093265,-0.171429
1640841572684880128,2.234887,-0.848264,2.480100,0.977862,-0.076560,-0.093651,-0.170743
1640841572685439744,2.234519,-0.847937,2.480437,0.977885,-0.076403,-0.093703,-0.170653
1640841572689849856,2.231610,-0.845346,2.483063,0.978069,-0.075151,-0.094099,-0.169938
1640841572690219776,2.231365,-0.845128,2.483281,0.978085,-0.075045,-0.094131,-0.169877
1640841572695159808,2.228081,-0.842200,2.486150,0.978296,-0.073616,-0.094537,-0.169055
1640841572695719936,2.227707,-0.841867,2.486470,0.978321,-0.073452,-0.094581,-0.168961
1640841572700099840,2.224773,-0.839247,2.488947,0.978512,-0.072159,-0.094916,-0.168223
1640841572702040064,2.223468,-0.838081,2.490026,0.978596,-0.071579,-0.095060,-0.167898
1640841572705199872,2.221333,-0.836174,2.491761,0.978732,-0.070638,-0.095287,-0.167374
1640841572705590016,2.221069,-0.835938,2.491973,0.978749,-0.070523,-0.095314,-0.167310
1640841572709939968,2.218113,-0.833294,2.494309,0.978929,-0.069264,-0.095601,-0.166615
1640841572710649856,2.217629,-0.832860,2.494685,0.978958,-0.069065,-0.095645,-0.166505
1640841572715369984,2.214397,-0.829967,2.497148,0.979145,-0.067759,-0.095906,-0.165787
1640841572716149760,2.213861,-0.829487,2.497549,0.979177,-0.067543,-0.095944,-0.165667
1640841572719879936,2.211288,-0.827182,2.499443,0.979334,-0.066474,-0.096103,-0.165075
1640841572720339968,2.210970,-0.826897,2.499674,0.979355,-0.066338,-0.096120,-0.164999
1640841572724879872,2.207818,-0.824072,2.501920,0.979562,-0.064953,-0.096266,-0.164230
1640841572725240064,2.207567,-0.823847,2.502096,0.979579,-0.064842,-0.096277,-0.164168
1640841572729899776,2.204308,-0.820925,2.504336,0.979790,-0.063420,-0.096407,-0.163385
1640841572730419968,2.203943,-0.820598,2.504582,0.979813,-0.063266,-0.096422,-0.163301
1640841572734939904,2.200758,-0.817742,2.506691,0.979998,-0.061970,-0.096559,-0.162605
1640841572735509760,2.200355,-0.817381,2.506953,0.980020,-0.061809,-0.096576,-0.162520
1640841572740059904,2.197125,-0.814484,2.509011,0.980207,-0.060496,-0.096689,-0.161822
1640841572740619776,2.196726,-0.814126,2.509261,0.980231,-0.060328,-0.096700,-0.161733
1640841572744949760,2.193631,-0.811350,2.511160,0.980422,-0.059000,-0.096760,-0.161025
1640841572746340096,2.192633,-0.810455,2.511759,0.980485,-0.058568,-0.096772,-0.160795
1640841572750889984,2.189352,-0.807514,2.513683,0.980687,-0.057161,-0.096802,-0.160048
1640841572751680000,2.188780,-0.807001,2.514012,0.980721,-0.056918,-0.096806,-0.159921
1640841572755309824,2.186144,-0.804639,2.515499,0.980878,-0.055790,-0.096817,-0.159346
1640841572756369920,2.185372,-0.803947,2.515927,0.980924,-0.055453,-0.096819,-0.159182
1640841572759849984,2.182827,-0.801668,2.517310,0.981074,-0.054303,-0.096818,-0.158654
1640841572760279808,2.182512,-0.801386,2.517478,0.981093,-0.054156,-0.096817,-0.158590
1640841572764900096,2.179113,-0.798342,2.519260,0.981294,-0.052494,-0.096796,-0.157912
1640841572765479936,2.178684,-0.797959,2.519479,0.981320,-0.052280,-0.096792,-0.157826
1640841572769939968,2.175378,-0.795001,2.521139,0.981520,-0.050658,-0.096746,-0.157137
1640841572771339776,2.174335,-0.794069,2.521649,0.981584,-0.050163,-0.096727,-0.156908
1640841572775569920,2.171173,-0.791244,2.523161,0.981776,-0.048692,-0.096670,-0.156202
1640841572776239872,2.170671,-0.790795,2.523396,0.981806,-0.048459,-0.096662,-0.156091
1640841572779929856,2.167893,-0.788316,2.524671,0.981968,-0.047162,-0.096631,-0.155493
1640841572780390144,2.167546,-0.788006,2.524827,0.981987,-0.046997,-0.096629,-0.155421
1640841572785019904,2.164038,-0.784878,2.526372,0.982176,-0.045301,-0.096625,-0.154731
1640841572785760000,2.163475,-0.784377,2.526614,0.982206,-0.045024,-0.096625,-0.154623
1640841572789850112,2.160353,-0.781597,2.527927,0.982371,-0.043471,-0.096609,-0.154029
1640841572791899904,2.158781,-0.780199,2.528569,0.982455,-0.042682,-0.096585,-0.153723
1640841572794919936,2.156457,-0.778133,2.529496,0.982583,-0.041508,-0.096532,-0.153261
1640841572795369984,2.156110,-0.777824,2.529632,0.982602,-0.041333,-0.096522,-0.153192
1640841572799889920,2.152610,-0.774717,2.530974,0.982798,-0.039561,-0.096411,-0.152475
1640841572800459776,2.152167,-0.774325,2.531139,0.982822,-0.039338,-0.096396,-0.152384
1640841572805559808,2.148186,-0.770798,2.532586,0.983041,-0.037342,-0.096258,-0.151558
1640841572806180096,2.147700,-0.770368,2.532758,0.983068,-0.037101,-0.096241,-0.151457
1640841572810259712,2.144492,-0.767531,2.533865,0.983236,-0.035533,-0.096139,-0.150806
1640841572811739904,2.143323,-0.766499,2.534257,0.983294,-0.034973,-0.096105,-0.150575
1640841572814939904,2.140788,-0.764262,2.535087,0.983418,-0.033772,-0.096034,-0.150086
1640841572815630080,2.140240,-0.763778,2.535262,0.983444,-0.033514,-0.096019,-0.149982
1640841572819859968,2.136867,-0.760808,2.536316,0.983602,-0.031932,-0.095917,-0.149357
1640841572820369920,2.136459,-0.760449,2.536440,0.983621,-0.031741,-0.095903,-0.149283
1640841572826109952,2.131845,-0.756396,2.537798,0.983833,-0.029596,-0.095711,-0.148445
1640841572827360000,2.130835,-0.755510,2.538084,0.983881,-0.029136,-0.095657,-0.148257
1640841572829860096,2.128810,-0.753736,2.538645,0.983978,-0.028234,-0.095531,-0.147866
1640841572830269696,2.128477,-0.753444,2.538736,0.983994,-0.028088,-0.095508,-0.147800
1640841572834849792,2.124745,-0.750182,2.539723,0.984180,-0.026494,-0.095224,-0.147038
1640841572835369728,2.124320,-0.749810,2.539833,0.984201,-0.026316,-0.095191,-0.146950
1640841572840319744,2.120256,-0.746267,2.540843,0.984397,-0.024609,-0.094886,-0.146131
1640841572841569792,2.119225,-0.745369,2.541090,0.984443,-0.024171,-0.094821,-0.145935
1640841572844940032,2.116436,-0.742945,2.541738,0.984560,-0.022966,-0.094672,-0.145435
1640841572845639936,2.115855,-0.742441,2.541870,0.984584,-0.022713,-0.094642,-0.145335
1640841572849969920,2.112247,-0.739314,2.542661,0.984731,-0.021140,-0.094413,-0.144720
1640841572850619904,2.111704,-0.738844,2.542777,0.984754,-0.020905,-0.094366,-0.144626
1640841572854949888,2.108070,-0.735704,2.543523,0.984919,-0.019348,-0.093977,-0.143975
1640841572855619840,2.107506,-0.735217,2.543635,0.984945,-0.019107,-0.093910,-0.143872
1640841572860119808,2.103701,-0.731941,2.544364,0.985120,-0.017477,-0.093481,-0.143158
1640841572860839936,2.103090,-0.731416,2.544476,0.985147,-0.017212,-0.093420,-0.143042
1640841572865540096,2.099086,-0.727980,2.545187,0.985319,-0.015471,-0.093073,-0.142284
1640841572866119936,2.098590,-0.727555,2.545271,0.985339,-0.015255,-0.093033,-0.142191
1640841572870259968,2.095037,-0.724517,2.545856,0.985481,-0.013715,-0.092756,-0.141544
1640841572871699712,2.093796,-0.723459,2.546051,0.985529,-0.013182,-0.092656,-0.141327
1640841572878860032,2.087587,-0.718178,2.546964,0.985759,-0.010567,-0.092108,-0.140301
1640841572879649792,2.086898,-0.717594,2.547058,0.985784,-0.010282,-0.092045,-0.140188
1640841572880440064,2.086209,-0.717010,2.547152,0.985809,-0.009997,-0.091982,-0.140075
1640841572880940032,2.085772,-0.716640,2.547210,0.985824,-0.009818,-0.091942,-0.140002
1640841572884839936,2.082352,-0.713749,2.547651,0.985949,-0.008425,-0.091632,-0.139420
1640841572885380096,2.081877,-0.713348,2.547709,0.985966,-0.008234,-0.091589,-0.139338
1640841572889929984,2.077861,-0.709965,2.548183,0.986112,-0.006655,-0.091217,-0.138634
1640841572890689792,2.077187,-0.709400,2.548258,0.986136,-0.006397,-0.091153,-0.138515
1640841572894929920,2.073416,-0.706238,2.548660,0.986270,-0.005001,-0.090778,-0.137861
1640841572895389952,2.073006,-0.705894,2.548701,0.986284,-0.004853,-0.090737,-0.137790
1640841572899829760,2.069029,-0.702574,2.549083,0.986418,-0.003459,-0.090345,-0.137132
1640841572900280064,2.068625,-0.702237,2.549120,0.986431,-0.003320,-0.090308,-0.137067
1640841572904909824,2.064449,-0.698766,2.549478,0.986556,-0.001910,-0.089951,-0.136424
1640841572905550080,2.063869,-0.698285,2.549524,0.986573,-0.001718,-0.089903,-0.136337
1640841572912729856,2.057333,-0.692884,2.549998,0.986759,0.000402,-0.089355,-0.135360
1640841572913309696,2.056802,-0.692447,2.550032,0.986774,0.000570,-0.089306,-0.135279
1640841572914909952,2.055335,-0.691240,2.550124,0.986818,0.001032,-0.089164,-0.135052
1640841572915439872,2.054848,-0.690841,2.550154,0.986833,0.001185,-0.089114,-0.134975
1640841572920209920,2.050451,-0.687238,2.550398,0.986971,0.002531,-0.088629,-0.134263
1640841572921059840,2.049665,-0.686596,2.550438,0.986996,0.002763,-0.088542,-0.134136
1640841572924939776,2.046062,-0.683659,2.550604,0.987104,0.003792,-0.088150,-0.133569
1640841572925499904,2.045541,-0.683235,2.550626,0.987119,0.003938,-0.088095,-0.133488
1640841572929869824,2.041457,-0.679922,2.550780,0.987234,0.005063,-0.087673,-0.132879
1640841572930249984,2.041100,-0.679633,2.550792,0.987244,0.005161,-0.087637,-0.132828
1640841572934870016,2.036753,-0.676125,2.550920,0.987358,0.006353,-0.087199,-0.132215
1640841572936129792,2.035563,-0.675167,2.550948,0.987389,0.006678,-0.087075,-0.132048
1640841572939980032,2.031912,-0.672239,2.551022,0.987488,0.007667,-0.086667,-0.131520
1640841572940599808,2.031323,-0.671767,2.551031,0.987505,0.007826,-0.086595,-0.131431
1640841572945129984,2.026999,-0.668316,2.551084,0.987636,0.008981,-0.086022,-0.130745
1640841572945900032,2.026262,-0.667729,2.551090,0.987659,0.009178,-0.085919,-0.130624
1640841572949979904,2.022340,-0.664618,2.551106,0.987779,0.010250,-0.085381,-0.129988
1640841572950619904,2.021723,-0.664130,2.551106,0.987797,0.010423,-0.085300,-0.129891
1640841572954899968,2.017583,-0.660862,2.551093,0.987911,0.011609,-0.084792,-0.129257
1640841572955329792,2.017166,-0.660534,2.551090,0.987922,0.011730,-0.084744,-0.129194
1640841572959919872,2.012696,-0.657027,2.551044,0.988034,0.013029,-0.084249,-0.128534
1640841572961289984,2.011357,-0.655980,2.551024,0.988066,0.013417,-0.084108,-0.128338
1640841572964920064,2.007796,-0.653204,2.550959,0.988152,0.014442,-0.083737,-0.127811
1640841572965430016,2.007294,-0.652814,2.550949,0.988164,0.014586,-0.083684,-0.127735
1640841572969959936,2.002824,-0.649349,2.550838,0.988274,0.015872,-0.083196,-0.127048
1640841572972000000,2.000802,-0.647788,2.550780,0.988325,0.016455,-0.082962,-0.126726
1640841572974839808,1.997978,-0.645614,2.550688,0.988398,0.017269,-0.082627,-0.126271
1640841572975299840,1.997520,-0.645262,2.550673,0.988409,0.017400,-0.082572,-0.126198
1640841572980059904,1.992761,-0.641617,2.550492,0.988528,0.018763,-0.082009,-0.125439
1640841572980880128,1.991938,-0.640989,2.550458,0.988548,0.018997,-0.081915,-0.125311
1640841572985049856,1.987740,-0.637796,2.550272,0.988643,0.020181,-0.081454,-0.124675
1640841572986219776,1.986558,-0.636901,2.550215,0.988668,0.020512,-0.081332,-0.124499
1640841572989939968,1.982789,-0.634052,2.550024,0.988746,0.021570,-0.080964,-0.123938
1640841572990370048,1.982352,-0.633723,2.550001,0.988755,0.021692,-0.080924,-0.123872
1640841572994929920,1.977705,-0.630231,2.549740,0.988848,0.022978,-0.080504,-0.123168
1640841572997200128,1.975382,-0.628494,2.549601,0.988896,0.023589,-0.080284,-0.122812
1640841573000000000,1.972507,-0.626351,2.549420,0.988958,0.024298,-0.079982,-0.122369
1640841573001560064,1.970901,-0.625157,2.549315,0.988994,0.024669,-0.079800,-0.122123
1640841573004889856,1.967463,-0.622610,2.549081,0.989073,0.025417,-0.079393,-0.121596
1640841573005289984,1.967049,-0.622304,2.549053,0.989082,0.025504,-0.079344,-0.121532
1640841573009889792,1.962274,-0.618786,2.548706,0.989188,0.026472,-0.078811,-0.120812
1640841573010409728,1.961732,-0.618389,2.548665,0.989199,0.026579,-0.078757,-0.120731
1640841573014979840,1.956959,-0.614897,2.548293,0.989295,0.027509,-0.078313,-0.120027
1640841573015489792,1.956425,-0.614507,2.548251,0.989305,0.027610,-0.078265,-0.119948
1640841573019939840,1.951749,-0.611110,2.547863,0.989400,0.028458,-0.077825,-0.119251
1640841573020619776,1.951032,-0.610591,2.547802,0.989415,0.028582,-0.077752,-0.119143
1640841573024960000,1.946445,-0.607281,2.547399,0.989517,0.029339,-0.077249,-0.118438
1640841573025499904,1.945872,-0.606869,2.547348,0.989530,0.029431,-0.077183,-0.118349
1640841573029899776,1.941195,-0.603517,2.546915,0.989638,0.030171,-0.076644,-0.117613
1640841573030520064,1.940534,-0.603045,2.546853,0.989653,0.030276,-0.076568,-0.117508
1640841573035059968,1.935679,-0.599591,2.546382,0.989761,0.031058,-0.076035,-0.116734
1640841573036099840,1.934564,-0.598800,2.546271,0.989786,0.031241,-0.075915,-0.116556
1640841573040219904,1.930131,-0.595670,2.545820,0.989881,0.031973,-0.075429,-0.115865
1640841573041179904,1.929095,-0.594942,2.545713,0.989902,0.032144,-0.075311,-0.115708
1640841573044849920,1.925126,-0.592158,2.545293,0.989986,0.032799,-0.074832,-0.115121
1640841573045239808,1.924703,-0.591862,2.545247,0.989994,0.032869,-0.074779,-0.115059
1640841573049979904,1.919550,-0.588273,2.544683,0.990103,0.033725,-0.074136,-0.114288
1640841573051620096,1.917760,-0.587032,2.544482,0.990142,0.034026,-0.073919,-0.114004
1640841573054870016,1.914205,-0.584576,2.544077,0.990220,0.034632,-0.073502,-0.113416
1640841573055670016,1.913328,-0.583972,2.543975,0.990239,0.034783,-0.073402,-0.113268
1640841573059929856,1.908645,-0.580758,2.543425,0.990338,0.035600,-0.072875,-0.112479
1640841573060469760,1.908050,-0.580351,2.543354,0.990351,0.035705,-0.072810,-0.112380
1640841573064829952,1.903233,-0.577069,2.542770,0.990446,0.036566,-0.072278,-0.111601
1640841573066069760,1.901859,-0.576137,2.542601,0.990473,0.036813,-0.072126,-0.111384
1640841573069909760,1.897592,-0.573253,2.542068,0.990552,0.037581,-0.071648,-0.110726
1640841573071290112,1.896054,-0.572218,2.541873,0.990581,0.037856,-0.071473,-0.110493
1640841573074929920,1.891988,-0.569490,2.541350,0.990654,0.038584,-0.071006,-0.109878
1640841573075569920,1.891272,-0.569012,2.541257,0.990668,0.038713,-0.070923,-0.109769
1640841573079899904,1.886412,-0.565775,2.540617,0.990757,0.039588,-0.070367,-0.109005
1640841573080539904,1.885692,-0.565297,2.540521,0.990770,0.039718,-0.070286,-0.108887
1640841573084950016,1.880718,-0.562009,2.539850,0.990865,0.040617,-0.069741,-0.108046
1640841573085680128,1.879893,-0.561466,2.539737,0.990880,0.040763,-0.069653,-0.107905
1640841573090249984,1.874711,-0.558068,2.539021,0.990974,0.041634,-0.069131,-0.107042
1640841573091040000,1.873813,-0.557482,2.538895,0.990989,0.041775,-0.069045,-0.106900
1640841573094839808,1.869484,-0.554665,2.538283,0.991062,0.042413,-0.068641,-0.106235
1640841573095229952,1.869039,-0.554376,2.538220,0.991069,0.042475,-0.068599,-0.106169
1640841573099830016,1.863775,-0.550975,2.537462,0.991157,0.043180,-0.068091,-0.105387
1640841573100309760,1.863224,-0.550620,2.537382,0.991167,0.043251,-0.068034,-0.105305
1640841573104859904,1.857993,-0.547267,2.536613,0.991261,0.043899,-0.067467,-0.104511
1640841573105489920,1.857266,-0.546803,2.536505,0.991275,0.043985,-0.067385,-0.104399
1640841573109890048,1.852183,-0.543571,2.535744,0.991373,0.044540,-0.066806,-0.103599
1640841573110540032,1.851430,-0.543094,2.535630,0.991388,0.044614,-0.066721,-0.103478
1640841573114959872,1.846300,-0.539858,2.534848,0.991492,0.045078,-0.066150,-0.102641
1640841573115929856,1.845172,-0.539150,2.534674,0.991516,0.045172,-0.066026,-0.102455
1640841573119899904,1.840542,-0.536254,2.533955,0.991609,0.045548,-0.065529,-0.101702
1640841573120409856,1.839946,-0.535882,2.533862,0.991621,0.045596,-0.065466,-0.101606
1640841573125200128,1.834336,-0.532400,2.532977,0.991729,0.046055,-0.064863,-0.100720
1640841573126210048,1.833151,-0.531668,2.532789,0.991752,0.046153,-0.064731,-0.100533
1640841573130220032,1.828432,-0.528765,2.532032,0.991846,0.046542,-0.064172,-0.099790
1640841573131419904,1.827017,-0.527898,2.531803,0.991874,0.046659,-0.063991,-0.099565
1640841573134820096,1.822999,-0.525446,2.531149,0.991958,0.046989,-0.063455,-0.098918
1640841573135340032,1.822383,-0.525071,2.531049,0.991971,0.047039,-0.063372,-0.098818
1640841573139909888,1.816962,-0.521787,2.530155,0.992083,0.047477,-0.062668,-0.097926
1640841573140409856,1.816368,-0.521429,2.530057,0.992095,0.047524,-0.062597,-0.097827
1640841573144999936,1.810900,-0.518145,2.529143,0.992202,0.047959,-0.061986,-0.096913
1640841573146269952,1.809384,-0.517238,2.528888,0.992231,0.048082,-0.061826,-0.096661
1640841573150109952,1.804789,-0.514503,2.528109,0.992316,0.048470,-0.061333,-0.095910
1640841573150840064,1.803914,-0.513985,2.527960,0.992331,0.048547,-0.061236,-0.095769
1640841573155129856,1.798761,-0.510943,2.527076,0.992422,0.049022,-0.060649,-0.094956
1640841573155739904,1.798026,-0.510511,2.526949,0.992435,0.049092,-0.060564,-0.094841
1640841573159849984,1.793071,-0.507609,2.526089,0.992520,0.049581,-0.059979,-0.094069
1640841573160409856,1.792394,-0.507215,2.525971,0.992531,0.049650,-0.059898,-0.093963
1640841573164829952,1.787045,-0.504108,2.525032,0.992621,0.050198,-0.059265,-0.093120
1640841573165349888,1.786414,-0.503743,2.524921,0.992632,0.050262,-0.059191,-0.093020
1640841573169819904,1.780984,-0.500617,2.523958,0.992722,0.050799,-0.058579,-0.092148
1640841573170249984,1.780460,-0.500317,2.523864,0.992731,0.050849,-0.058523,-0.092063
1640841573174919936,1.774766,-0.497066,2.522843,0.992825,0.051353,-0.057941,-0.091129
1640841573175609856,1.773923,-0.496587,2.522691,0.992839,0.051425,-0.057858,-0.090990
1640841573179999744,1.768549,-0.493548,2.521718,0.992926,0.051869,-0.057333,-0.090109
1640841573181360128,1.766880,-0.492609,2.521414,0.992953,0.052007,-0.057167,-0.089838
1640841573184929792,1.762494,-0.490151,2.520611,0.993023,0.052382,-0.056712,-0.089139
1640841573185629952,1.761632,-0.489670,2.520452,0.993036,0.052458,-0.056618,-0.089004
1640841573189789952,1.756503,-0.486820,2.519505,0.993117,0.052886,-0.056047,-0.088209
1640841573190209792,1.755985,-0.486533,2.519409,0.993125,0.052924,-0.055989,-0.088128
1640841573195729920,1.749155,-0.482772,2.518136,0.993242,0.053297,-0.055251,-0.087051
1640841573196699904,1.747952,-0.482114,2.517911,0.993263,0.053350,-0.055123,-0.086859
1640841573199939840,1.743929,-0.479919,2.517154,0.993333,0.053531,-0.054693,-0.086211
1640841573200489984,1.743245,-0.479548,2.517025,0.993345,0.053564,-0.054619,-0.086100
1640841573205159936,1.737429,-0.476401,2.515922,0.993445,0.053856,-0.053978,-0.085159
1640841573206039808,1.736331,-0.475811,2.515713,0.993464,0.053912,-0.053854,-0.084982
1640841573209939968,1.731457,-0.473199,2.514782,0.993547,0.054162,-0.053285,-0.084209
1640841573210559744,1.730681,-0.472785,2.514633,0.993560,0.054201,-0.053191,-0.084088
1640841573214939904,1.725191,-0.469868,2.513576,0.993653,0.054475,-0.052512,-0.083240
1640841573215569920,1.724400,-0.469450,2.513423,0.993666,0.054515,-0.052412,-0.083119
1640841573219820032,1.719056,-0.466637,2.512387,0.993755,0.054809,-0.051733,-0.082288
1640841573220800000,1.717822,-0.465991,2.512146,0.993775,0.054883,-0.051576,-0.082093
1640841573225109760,1.712386,-0.463157,2.511084,0.993862,0.055234,-0.050896,-0.081225
1640841573226089984,1.711148,-0.462514,2.510841,0.993881,0.055318,-0.050745,-0.081027
1640841573229899776,1.706327,-0.460025,2.509893,0.993953,0.055657,-0.050180,-0.080258
1640841573230779904,1.705213,-0.459452,2.509673,0.993969,0.055738,-0.050055,-0.080082
1640841573234880000,1.700011,-0.456790,2.508643,0.994041,0.056127,-0.049491,-0.079271
1640841573235399936,1.699350,-0.456453,2.508511,0.994049,0.056179,-0.049421,-0.079169
1640841573239810048,1.693740,-0.453608,2.507394,0.994120,0.056652,-0.048809,-0.078314
1640841573240269824,1.693154,-0.453312,2.507277,0.994127,0.056705,-0.048743,-0.078225
1640841573244910080,1.687234,-0.450338,2.506090,0.994199,0.057253,-0.048060,-0.077337
1640841573245420032,1.686583,-0.450012,2.505959,0.994207,0.057312,-0.047984,-0.077239
1640841573249799936,1.680980,-0.447224,2.504829,0.994277,0.057772,-0.047331,-0.076391
1640841573250229760,1.680429,-0.446951,2.504718,0.994284,0.057812,-0.047267,-0.076307
1640841573256689920,1.672139,-0.442872,2.503036,0.994395,0.058327,-0.046335,-0.075029
1640841573257280000,1.671381,-0.442501,2.502881,0.994405,0.058372,-0.046252,-0.074912
1640841573260359936,1.667418,-0.440571,2.502072,0.994456,0.058616,-0.045820,-0.074304
1640841573260789760,1.666864,-0.440302,2.501959,0.994463,0.058652,-0.045760,-0.074219
1640841573264889856,1.661577,-0.437747,2.500875,0.994525,0.059046,-0.045195,-0.073421
1640841573265389824,1.660932,-0.437437,2.500742,0.994532,0.059098,-0.045126,-0.073325
1640841573269920000,1.655077,-0.434634,2.499536,0.994603,0.059487,-0.044487,-0.072439
1640841573270459904,1.654378,-0.434301,2.499392,0.994612,0.059517,-0.044408,-0.072331
1640841573278749952,1.643628,-0.429224,2.497163,0.994785,0.059628,-0.043131,-0.070619
1640841573279409920,1.642771,-0.428823,2.496984,0.994799,0.059626,-0.043028,-0.070481
1640841573279929856,1.642095,-0.428507,2.496843,0.994811,0.059624,-0.042947,-0.070372
1640841573280369920,1.641523,-0.428239,2.496724,0.994820,0.059623,-0.042878,-0.070281
1640841573284869888,1.635666,-0.425517,2.495501,0.994914,0.059648,-0.042185,-0.069349
1640841573285359872,1.635027,-0.425222,2.495367,0.994923,0.059655,-0.042111,-0.069249
1640841573290599936,1.628191,-0.422078,2.493932,0.995022,0.059798,-0.041312,-0.068176
1640841573292199936,1.626101,-0.421123,2.493493,0.995051,0.059865,-0.041067,-0.067850
1640841573294909952,1.622556,-0.419511,2.492745,0.995097,0.059993,-0.040647,-0.067304
1640841573295359744,1.621968,-0.419244,2.492621,0.995105,0.060016,-0.040576,-0.067214
1640841573299799808,1.616151,-0.416620,2.491391,0.995179,0.060240,-0.039860,-0.066339
1640841573300269824,1.615535,-0.416344,2.491260,0.995187,0.060263,-0.039782,-0.066248
1640841573304969984,1.609365,-0.413589,2.489951,0.995264,0.060490,-0.038986,-0.065347
1640841573305979904,1.608038,-0.413000,2.489668,0.995281,0.060540,-0.038814,-0.065154
1640841573310769920,1.601736,-0.410219,2.488325,0.995357,0.060800,-0.038014,-0.064217
1640841573311280128,1.601064,-0.409924,2.488181,0.995364,0.060830,-0.037931,-0.064114
1640841573315079936,1.596055,-0.407735,2.487110,0.995422,0.061066,-0.037326,-0.063342
1640841573315689984,1.595250,-0.407385,2.486937,0.995431,0.061104,-0.037231,-0.063217
1640841573319909888,1.589679,-0.404974,2.485742,0.995494,0.061353,-0.036569,-0.062365
1640841573323159808,1.585382,-0.403129,2.484817,0.995543,0.061516,-0.036052,-0.061730
1640841573324899840,1.583079,-0.402145,2.484321,0.995569,0.061594,-0.035774,-0.061395
1640841573325449984,1.582351,-0.401835,2.484164,0.995577,0.061618,-0.035686,-0.061290
1640841573330459904,1.575712,-0.399022,2.482731,0.995651,0.061823,-0.034884,-0.060329
1640841573331040000,1.574943,-0.398698,2.482564,0.995660,0.061846,-0.034792,-0.060216
1640841573334810112,1.569939,-0.396600,2.481480,0.995715,0.062000,-0.034200,-0.059478
1640841573335439872,1.569102,-0.396251,2.481299,0.995724,0.062027,-0.034103,-0.059353
1640841573340250112,1.562708,-0.393598,2.479909,0.995791,0.062242,-0.033392,-0.058398
1640841573341139968,1.561523,-0.393110,2.479652,0.995803,0.062285,-0.033268,-0.058221
1640841573346649856,1.554184,-0.390104,2.478052,0.995875,0.062543,-0.032527,-0.057131
1640841573347379968,1.553211,-0.389708,2.477840,0.995884,0.062570,-0.032427,-0.056988
1640841573349959936,1.549770,-0.388313,2.477087,0.995921,0.062641,-0.032055,-0.056488
1640841573350529792,1.549009,-0.388006,2.476921,0.995929,0.062650,-0.031969,-0.056378
1640841573357440000,1.539778,-0.384308,2.474898,0.996038,0.062663,-0.030833,-0.055056
1640841573358969856,1.537732,-0.383496,2.474448,0.996063,0.062657,-0.030567,-0.054760
1640841573360009984,1.536340,-0.382945,2.474143,0.996080,0.062655,-0.030386,-0.054557
1640841573360499968,1.535685,-0.382686,2.473998,0.996088,0.062654,-0.030300,-0.054461
1640841573364859904,1.529847,-0.380391,2.472713,0.996156,0.062674,-0.029538,-0.053595
1640841573365319936,1.529230,-0.380150,2.472577,0.996163,0.062678,-0.029458,-0.053503
1640841573369929984,1.523049,-0.377747,2.471213,0.996230,0.062754,-0.028669,-0.052591
1640841573370409984,1.522405,-0.377499,2.471071,0.996237,0.062765,-0.028589,-0.052497
1640841573375000064,1.516243,-0.375131,2.469707,0.996297,0.062883,-0.027832,-0.051613
1640841573375739904,1.515250,-0.374751,2.469487,0.996306,0.062903,-0.027712,-0.051471
1640841573379879936,1.509685,-0.372637,2.468252,0.996359,0.063002,-0.027046,-0.050682
1640841573380379904,1.509013,-0.372383,2.468103,0.996365,0.063012,-0.026966,-0.050587
1640841573384940032,1.502877,-0.370079,2.466738,0.996425,0.063071,-0.026235,-0.049712
1640841573385419776,1.502231,-0.369837,2.466595,0.996431,0.063077,-0.026158,-0.049619
1640841573389809920,1.496318,-0.367641,2.465276,0.996485,0.063170,-0.025444,-0.048779
1640841573390289920,1.495671,-0.367402,2.465132,0.996491,0.063187,-0.025365,-0.048687
1640841573395040000,1.489266,-0.365052,2.463700,0.996538,0.063424,-0.024581,-0.047793
1640841573395699968,1.488376,-0.364727,2.463501,0.996545,0.063463,-0.024473,-0.047670
1640841573399909888,1.482694,-0.362667,2.462228,0.996582,0.063712,-0.023798,-0.046885
1640841573400589824,1.481776,-0.362336,2.462022,0.996588,0.063750,-0.023693,-0.046758
1640841573404839936,1.476034,-0.360279,2.460732,0.996626,0.063967,-0.023050,-0.045969
1640841573405439744,1.475224,-0.359990,2.460550,0.996632,0.063994,-0.022961,-0.045858
1640841573409939968,1.469139,-0.357835,2.459180,0.996673,0.064176,-0.022301,-0.045026
1640841573410779904,1.468003,-0.357436,2.458924,0.996681,0.064205,-0.022178,-0.044871
1640841573414909952,1.462414,-0.355481,2.457662,0.996720,0.064329,-0.021571,-0.044108
1640841573415459840,1.461670,-0.355222,2.457494,0.996725,0.064343,-0.021489,-0.044006
1640841573419869952,1.455698,-0.353159,2.456142,0.996769,0.064443,-0.020829,-0.043181
1640841573420359936,1.455034,-0.352931,2.455992,0.996774,0.064453,-0.020754,-0.043089
1640841573424809984,1.449003,-0.350872,2.454623,0.996819,0.064528,-0.020073,-0.042241
1640841573425289984,1.448353,-0.350651,2.454475,0.996824,0.064535,-0.020000,-0.042149
1640841573430619904,1.441124,-0.348217,2.452831,0.996879,0.064582,-0.019195,-0.041142
1640841573431239936,1.440283,-0.347936,2.452639,0.996885,0.064585,-0.019104,-0.041027
1640841573435099904,1.435045,-0.346195,2.451444,0.996925,0.064584,-0.018536,-0.040315
1640841573435950080,1.433891,-0.345814,2.451180,0.996934,0.064580,-0.018411,-0.040159
1640841573439769856,1.428704,-0.344110,2.449994,0.996975,0.064546,-0.017837,-0.039452
1640841573440229888,1.428080,-0.343907,2.449851,0.996980,0.064540,-0.017766,-0.039366
1640841573445609728,1.420771,-0.341538,2.448174,0.997039,0.064467,-0.016921,-0.038355
1640841573446039808,1.420186,-0.341350,2.448040,0.997043,0.064462,-0.016853,-0.038274
1640841573451559936,1.412683,-0.338956,2.446313,0.997096,0.064463,-0.016001,-0.037248
1640841573452349952,1.411609,-0.338616,2.446065,0.997103,0.064473,-0.015883,-0.037104
1640841573454850048,1.408209,-0.337545,2.445281,0.997123,0.064516,-0.015515,-0.036649
1640841573455409920,1.407447,-0.337306,2.445105,0.997127,0.064527,-0.015434,-0.036547
1640841573459839744,1.401421,-0.335429,2.443711,0.997161,0.064611,-0.014793,-0.035742
1640841573460249856,1.400863,-0.335256,2.443582,0.997164,0.064617,-0.014734,-0.035667
1640841573464929792,1.394494,-0.333299,2.442104,0.997200,0.064673,-0.014063,-0.034807
1640841573465779968,1.393337,-0.332946,2.441835,0.997207,0.064683,-0.013944,-0.034651
1640841573470019840,1.387566,-0.331198,2.440492,0.997237,0.064752,-0.013372,-0.033873
1640841573470749952,1.386572,-0.330899,2.440260,0.997241,0.064769,-0.013278,-0.033740
1640841573474919936,1.380893,-0.329203,2.438935,0.997265,0.064890,-0.012759,-0.032986
1640841573475520000,1.380076,-0.328961,2.438744,0.997269,0.064910,-0.012686,-0.032878
1640841573480120064,1.373811,-0.327116,2.437277,0.997292,0.065068,-0.012126,-0.032060
1640841573480589824,1.373171,-0.326929,2.437127,0.997294,0.065085,-0.012068,-0.031977
1640841573484910080,1.367286,-0.325221,2.435744,0.997315,0.065226,-0.011529,-0.031219
1640841573485829888,1.366032,-0.324860,2.435450,0.997320,0.065254,-0.011415,-0.031058
1640841573489899776,1.360487,-0.323274,2.434143,0.997340,0.065366,-0.010918,-0.030335
1640841573490389760,1.359819,-0.323085,2.433985,0.997343,0.065378,-0.010860,-0.030247
1640841573495169792,1.353306,-0.321249,2.432446,0.997368,0.065475,-0.010310,-0.029375
1640841573495899904,1.352311,-0.320971,2.432210,0.997372,0.065487,-0.010228,-0.029241
1640841573499939840,1.346806,-0.319443,2.430904,0.997395,0.065537,-0.009783,-0.028494
1640841573500630016,1.345865,-0.319184,2.430681,0.997399,0.065542,-0.009708,-0.028366
1640841573504889856,1.340060,-0.317597,2.429299,0.997425,0.065561,-0.009244,-0.027578
1640841573505389824,1.339379,-0.317412,2.429137,0.997428,0.065562,-0.009189,-0.027486
1640841573509869824,1.333274,-0.315768,2.427679,0.997455,0.065547,-0.008686,-0.026667
1640841573510469888,1.332456,-0.315549,2.427483,0.997459,0.065543,-0.008617,-0.026558
1640841573515229952,1.325970,-0.313831,2.425929,0.997489,0.065500,-0.008061,-0.025698
1640841573515939840,1.325002,-0.313577,2.425697,0.997493,0.065494,-0.007978,-0.025569
1640841573519929856,1.319566,-0.312159,2.424390,0.997517,0.065467,-0.007524,-0.024837
1640841573520759808,1.318435,-0.311867,2.424117,0.997522,0.065465,-0.007433,-0.024682
1640841573524889856,1.312808,-0.310423,2.422759,0.997543,0.065475,-0.006993,-0.023913
1640841573525499904,1.311978,-0.310212,2.422559,0.997546,0.065481,-0.006930,-0.023800
1640841573530180096,1.305603,-0.308602,2.421015,0.997563,0.065565,-0.006460,-0.022953
1640841573531379968,1.303968,-0.308194,2.420618,0.997567,0.065599,-0.006342,-0.022742
1640841573534809856,1.299297,-0.307035,2.419483,0.997575,0.065715,-0.006002,-0.022148
1640841573535269888,1.298671,-0.306881,2.419330,0.997576,0.065731,-0.005956,-0.022069
1640841573539899904,1.292367,-0.305341,2.417793,0.997585,0.065897,-0.005469,-0.021264
1640841573540539904,1.291496,-0.305130,2.417580,0.997586,0.065919,-0.005398,-0.021151
1640841573545139968,1.285235,-0.303628,2.416047,0.997596,0.066064,-0.004876,-0.020328
1640841573547919872,1.281452,-0.302731,2.415118,0.997602,0.066150,-0.004569,-0.019828
1640841573549919744,1.278731,-0.302092,2.414449,0.997606,0.066215,-0.004362,-0.019471
1640841573550360064,1.278132,-0.301952,2.414302,0.997607,0.066229,-0.004319,-0.019393
1640841573554870016,1.271997,-0.300530,2.412789,0.997613,0.066391,-0.003913,-0.018604
1640841573555490048,1.271154,-0.300336,2.412581,0.997613,0.066414,-0.003863,-0.018497
1640841573559959808,1.265077,-0.298952,2.411076,0.997617,0.066590,-0.003521,-0.017732
1640841573560539904,1.264288,-0.298774,2.410881,0.997617,0.066613,-0.003479,-0.017634
1640841573565379840,1.257710,-0.297304,2.409246,0.997619,0.066804,-0.003143,-0.016815
1640841573566129920,1.256691,-0.297079,2.408992,0.997620,0.066832,-0.003092,-0.016688
1640841573569829888,1.251665,-0.295977,2.407738,0.997622,0.066960,-0.002839,-0.016060
1640841573570349824,1.250959,-0.295823,2.407562,0.997623,0.066976,-0.002803,-0.015971
1640841573574859776,1.244836,-0.294503,2.406029,0.997628,0.067089,-0.002491,-0.015197
1640841573576160000,1.243071,-0.294127,2.405586,0.997630,0.067111,-0.002404,-0.014972
1640841573580740096,1.236856,-0.292816,2.404023,0.997640,0.067142,-0.002121,-0.014182
1640841573581729792,1.235514,-0.292536,2.403684,0.997643,0.067139,-0.002066,-0.014012
1640841573585609984,1.230252,-0.291449,2.402356,0.997654,0.067111,-0.001855,-0.013348
1640841573586180096,1.229479,-0.291291,2.402160,0.997656,0.067106,-0.001824,-0.013251
1640841573589819904,1.224546,-0.290289,2.400910,0.997667,0.067074,-0.001621,-0.012638
1640841573590289920,1.223909,-0.290161,2.400749,0.997668,0.067071,-0.001593,-0.012560
1640841573595459840,1.216906,-0.288766,2.398967,0.997681,0.067044,-0.001270,-0.011709
1640841573596339968,1.215715,-0.288531,2.398664,0.997683,0.067038,-0.001212,-0.011565
1640841573599879936,1.210923,-0.287597,2.397440,0.997692,0.067002,-0.000981,-0.010991
1640841573601219840,1.209110,-0.287247,2.396976,0.997696,0.066981,-0.000894,-0.010774
1640841573604800000,1.204268,-0.286322,2.395734,0.997706,0.066917,-0.000666,-0.010197
1640841573605370112,1.203497,-0.286176,2.395536,0.997708,0.066907,-0.000630,-0.010106
1640841573610989824,1.195902,-0.284756,2.393580,0.997720,0.066854,-0.000290,-0.009215
1640841573611719936,1.194916,-0.284574,2.393325,0.997721,0.066854,-0.000247,-0.009101
1640841573614959872,1.190540,-0.283774,2.392194,0.997725,0.066867,-0.000060,-0.008596
1640841573615759872,1.189460,-0.283579,2.391914,0.997726,0.066872,-0.000014,-0.008472
1640841573619849984,1.183941,-0.282590,2.390482,0.997729,0.066894,0.000223,-0.007841
1640841573620299776,1.183334,-0.282482,2.390324,0.997730,0.066895,0.000249,-0.007772
1640841573624839936,1.177212,-0.281408,2.388729,0.997735,0.066886,0.000517,-0.007073
1640841573625299968,1.176592,-0.281300,2.388567,0.997736,0.066883,0.000544,-0.007002
1640841573630050048,1.170193,-0.280204,2.386892,0.997745,0.066821,0.000824,-0.006271
1640841573630689792,1.169331,-0.280058,2.386666,0.997746,0.066808,0.000862,-0.006173
1640841573635020032,1.163502,-0.279083,2.385134,0.997757,0.066702,0.001109,-0.005503
1640841573635599872,1.162722,-0.278954,2.384929,0.997759,0.066686,0.001141,-0.005413
1640841573639809792,1.157061,-0.278030,2.383435,0.997769,0.066572,0.001368,-0.004756
1640841573640300032,1.156402,-0.277923,2.383261,0.997770,0.066560,0.001393,-0.004679
1640841573645530112,1.149375,-0.276804,2.381398,0.997782,0.066429,0.001655,-0.003860
1640841573646159872,1.148529,-0.276672,2.381174,0.997784,0.066411,0.001687,-0.003762
1640841573649849856,1.143577,-0.275903,2.379855,0.997794,0.066286,0.001872,-0.003203
1640841573650640128,1.142517,-0.275741,2.379573,0.997796,0.066253,0.001913,-0.003087
1640841573654850048,1.136871,-0.274886,2.378064,0.997812,0.066040,0.002137,-0.002475
1640841573655529984,1.135960,-0.274750,2.377820,0.997814,0.066000,0.002175,-0.002376
1640841573659849984,1.130173,-0.273896,2.376267,0.997834,0.065719,0.002424,-0.001724
1640841573660290048,1.129584,-0.273810,2.376108,0.997836,0.065688,0.002450,-0.001655
1640841573664909824,1.123401,-0.272923,2.374442,0.997859,0.065346,0.002724,-0.000915
1640841573665829888,1.122170,-0.272749,2.374110,0.997863,0.065276,0.002777,-0.000766
1640841573669869824,1.116769,-0.271996,2.372648,0.997883,0.064972,0.002991,-0.000124
1640841573670519808,1.115901,-0.271877,2.372412,0.997886,0.064925,0.003022,-0.000024
1640841573674939904,1.109998,-0.271077,2.370808,0.997905,0.064615,0.003224,0.000636
1640841573676290048,1.108196,-0.270837,2.370317,0.997910,0.064525,0.003289,0.000832
1640841573679809792,1.103501,-0.270221,2.369034,0.997924,0.064299,0.003492,0.001334
1640841573680320000,1.102821,-0.270132,2.368848,0.997925,0.064268,0.003527,0.001406
1640841573684899840,1.096718,-0.269354,2.367175,0.997940,0.063998,0.003882,0.002052
1640841573685600000,1.095785,-0.269237,2.366919,0.997942,0.063959,0.003941,0.002150
1640841573690019840,1.089902,-0.268510,2.365299,0.997954,0.063724,0.004313,0.002775
1640841573690939904,1.088678,-0.268362,2.364961,0.997957,0.063678,0.004387,0.002906
1640841573694850048,1.083480,-0.267741,2.363523,0.997965,0.063493,0.004683,0.003463
1640841573695309824,1.082869,-0.267669,2.363354,0.997966,0.063473,0.004716,0.003528
1640841573700179712,1.076401,-0.266921,2.361557,0.997975,0.063273,0.005059,0.004210
1640841573701189888,1.075060,-0.266770,2.361184,0.997976,0.063235,0.005130,0.004349
1640841573705080064,1.069900,-0.266195,2.359744,0.997980,0.063105,0.005399,0.004875
1640841573707340032,1.066904,-0.265869,2.358906,0.997982,0.063041,0.005555,0.005178
1640841573709889792,1.063526,-0.265508,2.357959,0.997983,0.062978,0.005730,0.005520
1640841573710429952,1.062811,-0.265432,2.357759,0.997983,0.062965,0.005768,0.005593
1640841573714829824,1.056987,-0.264828,2.356121,0.997984,0.062872,0.006066,0.006185
1640841573715299840,1.056366,-0.264765,2.355946,0.997984,0.062861,0.006097,0.006248
1640841573719869952,1.050324,-0.264161,2.354239,0.997986,0.062744,0.006390,0.006866
1640841573720719872,1.049201,-0.264051,2.353921,0.997986,0.062718,0.006442,0.006981
1640841573724929792,1.043642,-0.263519,2.352344,0.997991,0.062552,0.006684,0.007552
1640841573725449984,1.042956,-0.263454,2.352149,0.997991,0.062528,0.006712,0.007622
1640841573729809920,1.037205,-0.262925,2.350511,0.997998,0.062319,0.006946,0.008212
1640841573730340096,1.036507,-0.262862,2.350312,0.997999,0.062293,0.006974,0.008283
1640841573734860032,1.030553,-0.262338,2.348609,0.998006,0.062068,0.007218,0.008887
1640841573735429888,1.029802,-0.262273,2.348394,0.998007,0.062038,0.007250,0.008962
1640841573739960064,1.023842,-0.261771,2.346682,0.998015,0.061789,0.007525,0.009551
1640841573740599808,1.023001,-0.261702,2.346439,0.998016,0.061750,0.007567,0.009632
1640841573744940032,1.017298,-0.261244,2.344794,0.998026,0.061476,0.007868,0.010179
1640841573745649920,1.016366,-0.261171,2.344525,0.998027,0.061430,0.007918,0.010268
1640841573750079744,1.010552,-0.260727,2.342841,0.998036,0.061149,0.008210,0.010839
1640841573751079936,1.009240,-0.260629,2.342460,0.998038,0.061088,0.008268,0.010972
1640841573755019776,1.004076,-0.260255,2.340957,0.998044,0.060865,0.008480,0.011504
1640841573755810048,1.003041,-0.260182,2.340656,0.998045,0.060824,0.008520,0.011610
1640841573759909888,0.997675,-0.259813,2.339088,0.998049,0.060625,0.008726,0.012148
1640841573760529920,0.996863,-0.259758,2.338851,0.998049,0.060598,0.008757,0.012227
1640841573765120000,0.990862,-0.259368,2.337090,0.998051,0.060416,0.009004,0.012790
1640841573765600000,0.990235,-0.259329,2.336906,0.998051,0.060399,0.009031,0.012847
1640841573771030016,0.983146,-0.258897,2.334817,0.998050,0.060228,0.009369,0.013491
1640841573771680000,0.982298,-0.258847,2.334567,0.998049,0.060210,0.009413,0.013568
1640841573774829824,0.978191,-0.258612,2.333352,0.998047,0.060127,0.009631,0.013942
1640841573775379968,0.977474,-0.258572,2.333139,0.998046,0.060113,0.009670,0.014007
1640841573779899904,0.971588,-0.258254,2.331391,0.998043,0.060000,0.009968,0.014546
1640841573780580096,0.970702,-0.258207,2.331128,0.998042,0.059983,0.010009,0.014627
1640841573785219840,0.964668,-0.257905,2.329328,0.998038,0.059869,0.010263,0.015180
1640841573785699840,0.964044,-0.257874,2.329142,0.998038,0.059858,0.010287,0.015237
1640841573790720000,0.957524,-0.257573,2.327189,0.998032,0.059757,0.010520,0.015822
1640841573791169792,0.956941,-0.257547,2.327014,0.998032,0.059750,0.010539,0.015873
1640841573794909952,0.952090,-0.257339,2.325555,0.998026,0.059704,0.010699,0.016291
1640841573795409920,0.951442,-0.257312,2.325360,0.998025,0.059700,0.010720,0.016345
1640841573799849984,0.945690,-0.257085,2.323624,0.998016,0.059691,0.010908,0.016813
1640841573801329920,0.943775,-0.257013,2.323045,0.998013,0.059679,0.010971,0.016969
1640841573804819712,0.939260,-0.256852,2.321676,0.998012,0.059553,0.011113,0.017367
1640841573805359872,0.938562,-0.256828,2.321464,0.998013,0.059524,0.011133,0.017431
1640841573809890048,0.932710,-0.256638,2.319684,0.998017,0.059256,0.011290,0.017965
1640841573811219968,0.930994,-0.256586,2.319160,0.998019,0.059182,0.011329,0.018115
1640841573814869760,0.926286,-0.256451,2.317722,0.998022,0.058987,0.011428,0.018516
1640841573815899904,0.924958,-0.256415,2.317315,0.998022,0.058932,0.011453,0.018627
1640841573820369920,0.919201,-0.256270,2.315549,0.998027,0.058682,0.011562,0.019109
1640841573821420032,0.917850,-0.256239,2.315133,0.998028,0.058618,0.011588,0.019224
1640841573824859904,0.913426,-0.256143,2.313770,0.998032,0.058399,0.011679,0.019604
1640841573825399808,0.912731,-0.256129,2.313556,0.998033,0.058364,0.011695,0.019664
1640841573829860096,0.907003,-0.256022,2.311785,0.998038,0.058072,0.011844,0.020163
1640841573830400000,0.906310,-0.256010,2.311570,0.998039,0.058038,0.011865,0.020223
1640841573835459840,0.899821,-0.255913,2.309555,0.998043,0.057728,0.012087,0.020787
1640841573836339968,0.898693,-0.255898,2.309204,0.998043,0.057678,0.012127,0.020884
1640841573839830016,0.894224,-0.255846,2.307811,0.998044,0.057492,0.012287,0.021262
1640841573840410112,0.893482,-0.255839,2.307579,0.998044,0.057463,0.012312,0.021323
1640841573844960000,0.887664,-0.255790,2.305758,0.998043,0.057266,0.012491,0.021794
1640841573846459904,0.885748,-0.255777,2.305157,0.998042,0.057213,0.012540,0.021945
1640841573850040064,0.881177,-0.255755,2.303721,0.998039,0.057111,0.012631,0.022303
1640841573851249920,0.879634,-0.255751,2.303235,0.998037,0.057085,0.012653,0.022424
1640841573854980096,0.874879,-0.255743,2.301735,0.998032,0.057029,0.012695,0.022793
1640841573855670016,0.874000,-0.255743,2.301457,0.998030,0.057021,0.012700,0.022861
1640841573859809792,0.868731,-0.255751,2.299789,0.998023,0.056983,0.012727,0.023263
1640841573860270080,0.868146,-0.255753,2.299603,0.998022,0.056979,0.012731,0.023307
1640841573864829952,0.862350,-0.255779,2.297761,0.998014,0.056935,0.012770,0.023741
1640841573866360064,0.860407,-0.255792,2.297142,0.998011,0.056918,0.012784,0.023887
1640841573869880064,0.855941,-0.255829,2.295717,0.998005,0.056876,0.012814,0.024224
1640841573870779904,0.854800,-0.255840,2.295352,0.998004,0.056864,0.012821,0.024311
1640841573874859776,0.849632,-0.255897,2.293697,0.997997,0.056798,0.012846,0.024709
1640841573875320064,0.849049,-0.255905,2.293510,0.997997,0.056788,0.012847,0.024754
1640841573879920128,0.843230,-0.255988,2.291639,0.997993,0.056662,0.012854,0.025200
1640841573880620032,0.842346,-0.256002,2.291354,0.997992,0.056637,0.012853,0.025267
1640841573884889856,0.836953,-0.256096,2.289613,0.997993,0.056452,0.012840,0.025675
1640841573885579776,0.836083,-0.256113,2.289332,0.997993,0.056417,0.012837,0.025741
1640841573889849856,0.830699,-0.256223,2.287588,0.997996,0.056175,0.012818,0.026161
1640841573890419968,0.829980,-0.256239,2.287355,0.997996,0.056139,0.012816,0.026218
1640841573894809856,0.824454,-0.256370,2.285558,0.998001,0.055842,0.012800,0.026669
1640841573895379968,0.823737,-0.256388,2.285324,0.998002,0.055801,0.012797,0.026728
1640841573899859968,0.818107,-0.256538,2.283486,0.998009,0.055450,0.012775,0.027193
1640841573900930048,0.816763,-0.256577,2.283047,0.998011,0.055361,0.012768,0.027303
1640841573905740032,0.810729,-0.256759,2.281069,0.998021,0.054945,0.012733,0.027793
1640841573906359808,0.809952,-0.256784,2.280814,0.998023,0.054892,0.012729,0.027856
1640841573909890048,0.805531,-0.256931,2.279360,0.998029,0.054598,0.012704,0.028220
1640841573910419968,0.804867,-0.256954,2.279142,0.998029,0.054557,0.012700,0.028276
1640841573914989824,0.799152,-0.257159,2.277256,0.998034,0.054218,0.012683,0.028762
1640841573915729920,0.798228,-0.257194,2.276950,0.998035,0.054166,0.012683,0.028842
1640841573919869952,0.793059,-0.257396,2.275238,0.998037,0.053880,0.012702,0.029289
1640841573920529920,0.792236,-0.257430,2.274965,0.998037,0.053835,0.012708,0.029361
1640841573924849920,0.786851,-0.257656,2.273175,0.998039,0.053534,0.012779,0.029826
1640841573925329920,0.786253,-0.257682,2.272976,0.998039,0.053500,0.012789,0.029878
1640841573930089984,0.780330,-0.257950,2.271000,0.998039,0.053195,0.012882,0.030383
1640841573930820096,0.779423,-0.257992,2.270697,0.998038,0.053155,0.012891,0.030460
1640841573934860032,0.774404,-0.258234,2.269017,0.998035,0.052976,0.012913,0.030883
1640841573936430080,0.772456,-0.258331,2.268363,0.998032,0.052920,0.012910,0.031049
1640841573940259840,0.767707,-0.258576,2.266768,0.998026,0.052801,0.012896,0.031464
1640841573940790016,0.767050,-0.258611,2.266547,0.998025,0.052785,0.012893,0.031523
1640841573945779968,0.760873,-0.258947,2.264464,0.998015,0.052650,0.012870,0.032081
1640841573946970112,0.759401,-0.259030,2.263967,0.998012,0.052621,0.012865,0.032215
1640841573949809920,0.755891,-0.259232,2.262779,0.998005,0.052558,0.012852,0.032533
1640841573950340096,0.755237,-0.259270,2.262558,0.998004,0.052546,0.012850,0.032591
1640841573954999808,0.749486,-0.259615,2.260607,0.997992,0.052457,0.012831,0.033098
1640841573956280064,0.747908,-0.259713,2.260070,0.997989,0.052434,0.012824,0.033237
1640841573959889920,0.743461,-0.259994,2.258556,0.997979,0.052361,0.012799,0.033638
1640841573960800000,0.742341,-0.260067,2.258175,0.997977,0.052340,0.012790,0.033742
1640841573964839936,0.737372,-0.260395,2.256478,0.997967,0.052232,0.012740,0.034221
1640841573965410048,0.736672,-0.260442,2.256238,0.997966,0.052214,0.012731,0.034290
1640841573969889792,0.731171,-0.260821,2.254354,0.997956,0.052058,0.012654,0.034841
1640841573970459904,0.730471,-0.260871,2.254114,0.997955,0.052035,0.012643,0.034911
1640841573974969856,0.724943,-0.261268,2.252215,0.997946,0.051837,0.012555,0.035472
1640841573975479808,0.724318,-0.261314,2.252000,0.997945,0.051813,0.012546,0.035536
1640841573979919872,0.718884,-0.261720,2.250128,0.997938,0.051589,0.012480,0.036105
1640841573980529920,0.718137,-0.261777,2.249871,0.997936,0.051556,0.012474,0.036185
1640841573984829952,0.712883,-0.262186,2.248055,0.997928,0.051321,0.012443,0.036758
1640841573985410048,0.712175,-0.262242,2.247810,0.997927,0.051289,0.012439,0.036837
1640841573989799936,0.706819,-0.262674,2.245955,0.997918,0.051037,0.012401,0.037440
1640841573991469824,0.704784,-0.262841,2.245248,0.997914,0.050939,0.012378,0.037673
1640841573995129856,0.700327,-0.263216,2.243699,0.997907,0.050724,0.012314,0.038184
1640841573995999744,0.699268,-0.263306,2.243331,0.997905,0.050672,0.012298,0.038305
1640841573999840000,0.694599,-0.263711,2.241704,0.997897,0.050443,0.012240,0.038835
1640841574000339968,0.693991,-0.263764,2.241492,0.997895,0.050414,0.012235,0.038904
1640841574004809984,0.688564,-0.264249,2.239597,0.997885,0.050155,0.012213,0.039506
1640841574005400064,0.687848,-0.264314,2.239347,0.997884,0.050123,0.012212,0.039586
1640841574010079744,0.682175,-0.264839,2.237361,0.997869,0.049908,0.012199,0.040222
1640841574011249920,0.680757,-0.264972,2.236864,0.997865,0.049866,0.012191,0.040385
1640841574014899968,0.676340,-0.265394,2.235314,0.997849,0.049764,0.012152,0.040901
1640841574015549952,0.675554,-0.265471,2.235038,0.997846,0.049750,0.012143,0.040994
1640841574019820032,0.670393,-0.265978,2.233223,0.997825,0.049673,0.012062,0.041615
1640841574020339968,0.669765,-0.266041,2.233002,0.997823,0.049666,0.012050,0.041691
1640841574024879872,0.664287,-0.266595,2.231071,0.997799,0.049606,0.011926,0.042363
1640841574025519872,0.663515,-0.266674,2.230799,0.997795,0.049598,0.011906,0.042458
1640841574029969920,0.658153,-0.267233,2.228905,0.997772,0.049534,0.011763,0.043123
1640841574030469888,0.657552,-0.267297,2.228692,0.997769,0.049526,0.011747,0.043198
1640841574034859776,0.652270,-0.267863,2.226823,0.997746,0.049443,0.011597,0.043858
1640841574035389952,0.651633,-0.267932,2.226597,0.997743,0.049433,0.011578,0.043938
1640841574039820032,0.646311,-0.268518,2.224710,0.997719,0.049348,0.011407,0.044622
1640841574040369920,0.645650,-0.268591,2.224476,0.997716,0.049338,0.011384,0.044709
1640841574045019904,0.640072,-0.269222,2.222495,0.997688,0.049263,0.011172,0.045457
1640841574046049792,0.638838,-0.269364,2.222056,0.997682,0.049247,0.011122,0.045625
1640841574049829888,0.634310,-0.269890,2.220445,0.997658,0.049188,0.010934,0.046252
1640841574050299904,0.633747,-0.269956,2.220244,0.997655,0.049180,0.010910,0.046330
1640841574055179776,0.627910,-0.270651,2.218164,0.997624,0.049092,0.010666,0.047152
1640841574055810048,0.627157,-0.270742,2.217895,0.997619,0.049080,0.010636,0.047259
1640841574059949824,0.622212,-0.271346,2.216130,0.997592,0.048997,0.010442,0.047970
1640841574060469760,0.621591,-0.271423,2.215908,0.997588,0.048987,0.010419,0.048060
1640841574064899840,0.616307,-0.272083,2.214019,0.997557,0.048897,0.010227,0.048835
1640841574065440000,0.615663,-0.272165,2.213789,0.997553,0.048887,0.010204,0.048931
1640841574069819904,0.610446,-0.272833,2.211921,0.997519,0.048818,0.010010,0.049715
1640841574070339840,0.609827,-0.272913,2.211699,0.997515,0.048812,0.009986,0.049809
1640841574074909952,0.604390,-0.273625,2.209751,0.997477,0.048781,0.009760,0.050643
1640841574075379968,0.603831,-0.273699,2.209550,0.997473,0.048781,0.009736,0.050728
1640841574079879936,0.598485,-0.274416,2.207632,0.997432,0.048810,0.009492,0.051541
1640841574080809728,0.597381,-0.274566,2.207235,0.997423,0.048823,0.009439,0.051707
1640841574084950016,0.592469,-0.275240,2.205471,0.997383,0.048902,0.009201,0.052442
1640841574085669888,0.591615,-0.275359,2.205164,0.997376,0.048919,0.009160,0.052570
1640841574089880064,0.586627,-0.276058,2.203370,0.997333,0.049018,0.008916,0.053335
1640841574091079936,0.585206,-0.276260,2.202859,0.997320,0.049046,0.008848,0.053559
1640841574094879744,0.580709,-0.276905,2.201240,0.997279,0.049135,0.008625,0.054279
1640841574097309952,0.577836,-0.277322,2.200205,0.997252,0.049193,0.008474,0.054745
1640841574099859968,0.574822,-0.277765,2.199119,0.997223,0.049258,0.008302,0.055234
1640841574100399872,0.574184,-0.277859,2.198890,0.997217,0.049273,0.008264,0.055337
1640841574105339904,0.568353,-0.278731,2.196787,0.997161,0.049404,0.007895,0.056283
1640841574106240000,0.567291,-0.278892,2.196404,0.997150,0.049427,0.007826,0.056456
1640841574109920000,0.562952,-0.279554,2.194839,0.997107,0.049513,0.007549,0.057168
1640841574110569984,0.562186,-0.279672,2.194563,0.997100,0.049526,0.007501,0.057295
1640841574114909952,0.557075,-0.280468,2.192718,0.997049,0.049598,0.007200,0.058154
1640841574115559936,0.556310,-0.280588,2.192442,0.997041,0.049606,0.007156,0.058285
1640841574119869952,0.551240,-0.281393,2.190611,0.996989,0.049654,0.006875,0.059170
1640841574120489728,0.550511,-0.281509,2.190347,0.996981,0.049659,0.006835,0.059300
1640841574124969984,0.545247,-0.282361,2.188446,0.996924,0.049700,0.006540,0.060251
1640841574125730048,0.544354,-0.282507,2.188123,0.996914,0.049709,0.006487,0.060412
1640841574129789952,0.539589,-0.283294,2.186401,0.996861,0.049772,0.006179,0.061264
1640841574130349824,0.538932,-0.283403,2.186164,0.996853,0.049784,0.006133,0.061380
1640841574134919936,0.533574,-0.284303,2.184227,0.996792,0.049899,0.005740,0.062313
1640841574135609856,0.532766,-0.284441,2.183935,0.996783,0.049917,0.005682,0.062454
1640841574141319936,0.526079,-0.285589,2.181517,0.996702,0.050061,0.005268,0.063651
1640841574141939968,0.525354,-0.285715,2.181255,0.996693,0.050075,0.005232,0.063785
1640841574144870144,0.521927,-0.286315,2.180016,0.996649,0.050148,0.005076,0.064425
1640841574145409792,0.521295,-0.286426,2.179788,0.996641,0.050163,0.005048,0.064543
1640841574149839872,0.516118,-0.287346,2.177916,0.996570,0.050339,0.004815,0.065510
1640841574150349824,0.515522,-0.287452,2.177701,0.996561,0.050366,0.004785,0.065620
1640841574155319808,0.509719,-0.288502,2.175603,0.996476,0.050717,0.004443,0.066667
1640841574157409792,0.507281,-0.288949,2.174722,0.996438,0.050890,0.004280,0.067102
1640841574159859968,0.504424,-0.289477,2.173689,0.996394,0.051095,0.004082,0.067614
1640841574160529920,0.503643,-0.289622,2.173407,0.996382,0.051149,0.004026,0.067754
1640841574164819968,0.498644,-0.290558,2.171600,0.996303,0.051488,0.003668,0.068666
1640841574165380096,0.497992,-0.290681,2.171365,0.996293,0.051531,0.003621,0.068787
1640841574169900032,0.492730,-0.291684,2.169464,0.996208,0.051878,0.003239,0.069767
1640841574172099840,0.490170,-0.292177,2.168540,0.996166,0.052050,0.003053,0.070251
1640841574175809792,0.485856,-0.293017,2.166982,0.996093,0.052337,0.002738,0.071071
1640841574176499968,0.485054,-0.293174,2.166693,0.996080,0.052388,0.002679,0.071224
1640841574180049920,0.480929,-0.293989,2.165204,0.996011,0.052638,0.002367,0.072012
1640841574180819968,0.480035,-0.294167,2.164882,0.995996,0.052688,0.002297,0.072182
1640841574185380096,0.474741,-0.295229,2.162973,0.995909,0.052959,0.001874,0.073188
1640841574186159872,0.473836,-0.295412,2.162646,0.995894,0.053005,0.001800,0.073360
1640841574189920000,0.469475,-0.296301,2.161075,0.995821,0.053246,0.001440,0.074190
1640841574196239872,0.462150,-0.297819,2.158437,0.995689,0.053728,0.000852,0.075602
1640841574196640000,0.461687,-0.297916,2.158270,0.995681,0.053758,0.000817,0.075693
1640841574196969984,0.461305,-0.297996,2.158133,0.995674,0.053783,0.000789,0.075767
1640841574199839744,0.457982,-0.298696,2.156937,0.995613,0.053987,0.000558,0.076424
1640841574200349696,0.457391,-0.298821,2.156725,0.995602,0.054020,0.000521,0.076542
1640841574204910080,0.452115,-0.299948,2.154828,0.995505,0.054288,0.000212,0.077606
1640841574205560064,0.451363,-0.300110,2.154558,0.995491,0.054325,0.000170,0.077759
1640841574209990144,0.446241,-0.301222,2.152718,0.995395,0.054599,-0.000135,0.078792
1640841574210589952,0.445548,-0.301373,2.152469,0.995382,0.054641,-0.000180,0.078930
1640841574214959872,0.440500,-0.302486,2.150658,0.995283,0.054979,-0.000519,0.079934
1640841574215799808,0.439530,-0.302701,2.150310,0.995263,0.055051,-0.000585,0.080127
1640841574219839744,0.434866,-0.303745,2.148639,0.995167,0.055417,-0.000887,0.081055
1640841574220339968,0.434289,-0.303875,2.148433,0.995155,0.055464,-0.000922,0.081170
1640841574224920064,0.429006,-0.305075,2.146542,0.995042,0.055922,-0.001218,0.082232
1640841574225489920,0.428349,-0.305225,2.146307,0.995028,0.055982,-0.001253,0.082364
1640841574229849856,0.423323,-0.306383,2.144511,0.994917,0.056453,-0.001516,0.083372
1640841574230340096,0.422759,-0.306515,2.144309,0.994904,0.056508,-0.001546,0.083485
1640841574234870016,0.417541,-0.307735,2.142446,0.994787,0.057028,-0.001830,0.084521
1640841574235419904,0.416907,-0.307884,2.142221,0.994772,0.057093,-0.001866,0.084646
1640841574239939840,0.411704,-0.309119,2.140367,0.994652,0.057640,-0.002155,0.085680
1640841574240630016,0.410911,-0.309309,2.140084,0.994633,0.057725,-0.002199,0.085839
1640841574244930048,0.405964,-0.310500,2.138324,0.994515,0.058260,-0.002471,0.086835
1640841574246150144,0.404561,-0.310841,2.137826,0.994481,0.058410,-0.002549,0.087119
1640841574249979904,0.400159,-0.311918,2.136262,0.994375,0.058857,-0.002801,0.088013
1640841574251389952,0.398538,-0.312317,2.135687,0.994336,0.059011,-0.002897,0.088342
1640841574255179776,0.394185,-0.313397,2.134144,0.994234,0.059394,-0.003161,0.089228
1640841574255679744,0.393610,-0.313541,2.133941,0.994220,0.059442,-0.003195,0.089345
1640841574259879936,0.388788,-0.314753,2.132235,0.994107,0.059822,-0.003476,0.090337
1640841574260609792,0.387950,-0.314965,2.131938,0.994087,0.059885,-0.003523,0.090510
1640841574266189824,0.381547,-0.316599,2.129678,0.993936,0.060347,-0.003859,0.091844
1640841574266959872,0.380664,-0.316826,2.129366,0.993915,0.060409,-0.003905,0.092028
1640841574269819904,0.377384,-0.317675,2.128211,0.993837,0.060642,-0.004076,0.092708
1640841574270399744,0.376719,-0.317848,2.127977,0.993821,0.060689,-0.004112,0.092845
1640841574274839808,0.371629,-0.319180,2.126187,0.993699,0.061059,-0.004387,0.093884
1640841574279000064,0.366863,-0.320443,2.124514,0.993584,0.061407,-0.004618,0.094861
1640841574280849920,0.364744,-0.321009,2.123771,0.993532,0.061560,-0.004700,0.095303
1640841574281299712,0.364228,-0.321147,2.123591,0.993519,0.061597,-0.004717,0.095411
1640841574284960000,0.360037,-0.322275,2.122124,0.993414,0.061898,-0.004837,0.096299
1640841574285430016,0.359499,-0.322421,2.121936,0.993401,0.061937,-0.004850,0.096413
1640841574290220032,0.354016,-0.323916,2.120021,0.993261,0.062346,-0.004997,0.097571
1640841574291139840,0.352963,-0.324205,2.119654,0.993234,0.062428,-0.005030,0.097790
1640841574294839808,0.348730,-0.325376,2.118180,0.993126,0.062762,-0.005175,0.098665
1640841574296640000,0.346671,-0.325949,2.117464,0.993073,0.062926,-0.005252,0.099089
1640841574299990016,0.342840,-0.327023,2.116133,0.992974,0.063226,-0.005398,0.099881
1640841574300599808,0.342142,-0.327219,2.115891,0.992956,0.063280,-0.005425,0.100026
1640841574305999872,0.335968,-0.328972,2.113753,0.992793,0.063765,-0.005636,0.101310
1640841574306599936,0.335283,-0.329169,2.113516,0.992775,0.063823,-0.005654,0.101452
1640841574309880064,0.331534,-0.330247,2.112221,0.992674,0.064170,-0.005725,0.102218
1640841574310439936,0.330894,-0.330431,2.112000,0.992656,0.064235,-0.005732,0.102348
1640841574318820096,0.321321,-0.333230,2.108706,0.992388,0.065272,-0.005829,0.104264
1640841574319429888,0.320624,-0.333436,2.108466,0.992369,0.065345,-0.005845,0.104405
1640841574320509952,0.319391,-0.333801,2.108043,0.992334,0.065473,-0.005878,0.104656
1640841574321199872,0.318603,-0.334035,2.107773,0.992311,0.065553,-0.005903,0.104816
1640841574324839936,0.314446,-0.335276,2.106350,0.992193,0.065960,-0.006066,0.105669
1640841574325419776,0.313784,-0.335475,2.106124,0.992174,0.066022,-0.006095,0.105805
1640841574330119936,0.308419,-0.337095,2.104292,0.992021,0.066514,-0.006357,0.106910
1640841574330929920,0.307494,-0.337377,2.103977,0.991995,0.066597,-0.006404,0.107100
1640841574334869760,0.302997,-0.338752,2.102447,0.991867,0.066993,-0.006621,0.108016
1640841574335459840,0.302324,-0.338959,2.102218,0.991848,0.067051,-0.006652,0.108152
1640841574340080128,0.297052,-0.340592,2.100430,0.991701,0.067469,-0.006883,0.109221
1640841574340809728,0.296219,-0.340851,2.100148,0.991678,0.067528,-0.006918,0.109390
1640841574344859904,0.291598,-0.342299,2.098586,0.991552,0.067824,-0.007106,0.110332
1640841574345639936,0.290708,-0.342580,2.098286,0.991528,0.067876,-0.007143,0.110514
1640841574350989824,0.284606,-0.344518,2.096231,0.991364,0.068197,-0.007429,0.111766
1640841574351960064,0.283499,-0.344872,2.095859,0.991334,0.068251,-0.007488,0.111994
1640841574355299840,0.279690,-0.346098,2.094581,0.991231,0.068429,-0.007695,0.112778
1640841574356269824,0.278584,-0.346456,2.094211,0.991201,0.068479,-0.007753,0.113005
1640841574359849984,0.274501,-0.347783,2.092846,0.991092,0.068656,-0.007947,0.113840
1640841574360359936,0.273920,-0.347973,2.092652,0.991077,0.068680,-0.007971,0.113959
1640841574364879872,0.268766,-0.349667,2.090934,0.990941,0.068893,-0.008143,0.114997
1640841574365489920,0.268070,-0.349897,2.090703,0.990922,0.068922,-0.008163,0.115135
1640841574369890048,0.263053,-0.351566,2.089037,0.990793,0.069125,-0.008318,0.116112
1640841574370409984,0.262460,-0.351764,2.088841,0.990778,0.069150,-0.008339,0.116225
1640841574375259904,0.256931,-0.353625,2.087013,0.990638,0.069377,-0.008545,0.117263
1640841574375820032,0.256293,-0.353842,2.086802,0.990622,0.069403,-0.008569,0.117381
1640841574379889920,0.251653,-0.355422,2.085274,0.990504,0.069593,-0.008738,0.118246
1640841574380960000,0.250433,-0.355840,2.084873,0.990473,0.069643,-0.008779,0.118475
1640841574385619968,0.245121,-0.357673,2.083131,0.990336,0.069870,-0.008940,0.119468
1640841574386790144,0.243787,-0.358136,2.082695,0.990302,0.069931,-0.008979,0.119713
1640841574389910016,0.240230,-0.359377,2.081534,0.990211,0.070110,-0.009088,0.120347
1640841574390560000,0.239490,-0.359637,2.081292,0.990193,0.070151,-0.009112,0.120476
1640841574395629824,0.233710,-0.361675,2.079412,0.990049,0.070491,-0.009300,0.121441
1640841574396219904,0.233038,-0.361914,2.079194,0.990032,0.070533,-0.009321,0.121551
1640841574399809792,0.228946,-0.363374,2.077869,0.989931,0.070787,-0.009441,0.122213
1640841574400369920,0.228307,-0.363603,2.077663,0.989916,0.070827,-0.009457,0.122317
1640841574405040128,0.222984,-0.365522,2.075946,0.989784,0.071152,-0.009584,0.123177
1640841574405609728,0.222334,-0.365758,2.075737,0.989768,0.071191,-0.009599,0.123281
1640841574410359808,0.216920,-0.367733,2.073998,0.989635,0.071526,-0.009755,0.124140
1640841574412309760,0.214697,-0.368550,2.073287,0.989581,0.071667,-0.009840,0.124484
1640841574415319808,0.211265,-0.369818,2.072191,0.989498,0.071884,-0.009993,0.125003
1640841574416059904,0.210422,-0.370131,2.071923,0.989478,0.071935,-0.010033,0.125128
1640841574419899904,0.206044,-0.371764,2.070530,0.989379,0.072171,-0.010231,0.125762
1640841574420509696,0.205349,-0.372025,2.070310,0.989364,0.072202,-0.010260,0.125860
1640841574425230080,0.199968,-0.374053,2.068606,0.989253,0.072392,-0.010467,0.126603
1640841574426429952,0.198600,-0.374572,2.068174,0.989226,0.072428,-0.010519,0.126788
1640841574429929984,0.194610,-0.376094,2.066918,0.989150,0.072507,-0.010681,0.127321
1640841574431609856,0.192694,-0.376828,2.066316,0.989115,0.072535,-0.010767,0.127574
1640841574434860032,0.188989,-0.378256,2.065155,0.989048,0.072576,-0.010942,0.128054
1640841574435409920,0.188362,-0.378499,2.064959,0.989037,0.072581,-0.010971,0.128134
1640841574439899904,0.183242,-0.380491,2.063362,0.988950,0.072622,-0.011201,0.128761
1640841574440389888,0.182684,-0.380710,2.063188,0.988940,0.072626,-0.011224,0.128826
1640841574444979968,0.177450,-0.382768,2.061564,0.988859,0.072656,-0.011425,0.129414
1640841574445529856,0.176823,-0.383016,2.061370,0.988850,0.072657,-0.011447,0.129482
1640841574449839872,0.171909,-0.384970,2.059853,0.988781,0.072649,-0.011622,0.129999
1640841574450409984,0.171258,-0.385230,2.059653,0.988772,0.072644,-0.011646,0.130065
1640841574454860032,0.166184,-0.387268,2.058095,0.988707,0.072597,-0.011821,0.130572
1640841574455659776,0.165272,-0.387636,2.057816,0.988695,0.072588,-0.011850,0.130661
1640841574460389888,0.159878,-0.389827,2.056170,0.988629,0.072558,-0.012003,0.131165
1640841574460989952,0.159194,-0.390106,2.055962,0.988620,0.072559,-0.012019,0.131226
1640841574464839936,0.154803,-0.391907,2.054630,0.988566,0.072596,-0.012100,0.131606
1640841574465369856,0.154199,-0.392157,2.054447,0.988559,0.072604,-0.012109,0.131657
1640841574469879808,0.149055,-0.394287,2.052895,0.988498,0.072686,-0.012207,0.132060
1640841574470350080,0.148519,-0.394510,2.052733,0.988492,0.072694,-0.012220,0.132099
1640841574475049984,0.143159,-0.396754,2.051125,0.988435,0.072767,-0.012371,0.132469
1640841574476539904,0.141460,-0.397469,2.050618,0.988418,0.072790,-0.012420,0.132578
1640841574481089792,0.136270,-0.399668,2.049073,0.988368,0.072868,-0.012542,0.132894
1640841574481760000,0.135506,-0.399994,2.048846,0.988361,0.072881,-0.012556,0.132938
1640841574484869888,0.131959,-0.401510,2.047796,0.988329,0.072942,-0.012611,0.133138
1640841574485459968,0.131286,-0.401799,2.047597,0.988323,0.072954,-0.012621,0.133175
1640841574490039808,0.126062,-0.404052,2.046059,0.988278,0.073047,-0.012708,0.133448
1640841574490510080,0.125526,-0.404284,2.045902,0.988274,0.073056,-0.012719,0.133475
1640841574494989824,0.120417,-0.406509,2.044408,0.988234,0.073135,-0.012853,0.133717
1640841574495659776,0.119652,-0.406844,2.044185,0.988228,0.073145,-0.012876,0.133751
1640841574500000000,0.114702,-0.409021,2.042747,0.988197,0.073183,-0.013029,0.133944
1640841574500550144,0.114075,-0.409298,2.042566,0.988194,0.073184,-0.013048,0.133966
1640841574506379776,0.107425,-0.412254,2.040650,0.988169,0.073144,-0.013225,0.134152
1640841574507799808,0.105806,-0.412979,2.040185,0.988165,0.073121,-0.013262,0.134192
1640841574510269952,0.102988,-0.414245,2.039380,0.988159,0.073069,-0.013321,0.134258
1640841574511459840,0.101631,-0.414857,2.038993,0.988157,0.073039,-0.013346,0.134290
1640841574515339776,0.097206,-0.416861,2.037735,0.988152,0.072920,-0.013422,0.134383
1640841574515919872,0.096544,-0.417162,2.037548,0.988151,0.072900,-0.013432,0.134396
1640841574519889920,0.092016,-0.419230,2.036270,0.988153,0.072747,-0.013504,0.134458
1640841574520730112,0.091058,-0.419670,2.036001,0.988154,0.072712,-0.013519,0.134467
1640841574524920064,0.086279,-0.421873,2.034662,0.988165,0.072529,-0.013583,0.134482
1640841574526219776,0.084797,-0.422559,2.034249,0.988169,0.072472,-0.013596,0.134479
1640841574529909760,0.080589,-0.424517,2.033080,0.988184,0.072317,-0.013607,0.134453
1640841574530619904,0.079779,-0.424896,2.032855,0.988187,0.072290,-0.013603,0.134445
1640841574534899968,0.074898,-0.427186,2.031509,0.988207,0.072138,-0.013554,0.134382
1640841574539449856,0.069709,-0.429640,2.030089,0.988231,0.072002,-0.013490,0.134286
1640841574540979968,0.067964,-0.430469,2.029614,0.988240,0.071962,-0.013475,0.134247
1640841574541549824,0.067314,-0.430779,2.029437,0.988243,0.071948,-0.013470,0.134231
1640841574544989952,0.063392,-0.432654,2.028374,0.988263,0.071867,-0.013452,0.134127
1640841574546419968,0.061761,-0.433436,2.027934,0.988272,0.071836,-0.013447,0.134078
1640841574550040064,0.057634,-0.435426,2.026825,0.988297,0.071764,-0.013436,0.133935
1640841574550899968,0.056653,-0.435901,2.026562,0.988303,0.071748,-0.013433,0.133897
1640841574555029760,0.051945,-0.438189,2.025308,0.988336,0.071678,-0.013411,0.133695
1640841574555739904,0.051135,-0.438584,2.025093,0.988342,0.071668,-0.013405,0.133657
1640841574560250112,0.045993,-0.441104,2.023735,0.988382,0.071611,-0.013347,0.133399
1640841574561260032,0.044842,-0.441671,2.023433,0.988391,0.071601,-0.013328,0.133337
1640841574564920064,0.040670,-0.443734,2.022342,0.988427,0.071558,-0.013249,0.133100
1640841574566569984,0.038789,-0.444667,2.021852,0.988445,0.071528,-0.013210,0.132989
1640841574569949952,0.034936,-0.446588,2.020854,0.988485,0.071426,-0.013135,0.132750
1640841574571349760,0.033341,-0.447387,2.020443,0.988504,0.071366,-0.013107,0.132648
1640841574575059968,0.029112,-0.449511,2.019359,0.988557,0.071169,-0.013041,0.132365
1640841574575840000,0.028223,-0.449960,2.019132,0.988568,0.071124,-0.013028,0.132304
1640841574579859968,0.023642,-0.452279,2.017967,0.988630,0.070888,-0.012963,0.131973
1640841574580369920,0.023061,-0.452574,2.017820,0.988638,0.070859,-0.012955,0.131929
1640841574584909824,0.017887,-0.455213,2.016519,0.988709,0.070643,-0.012878,0.131522
1640841574585979904,0.016668,-0.455838,2.016214,0.988726,0.070603,-0.012858,0.131421
1640841574589859840,0.012247,-0.458111,2.015114,0.988790,0.070433,-0.012766,0.131035
1640841574590370048,0.011666,-0.458411,2.014970,0.988800,0.070401,-0.012751,0.130982
1640841574595099904,0.006278,-0.461203,2.013643,0.988899,0.069996,-0.012586,0.130467
1640841574595500032,0.005822,-0.461440,2.013531,0.988908,0.069957,-0.012571,0.130422
1640841574599920128,0.000787,-0.464068,2.012305,0.989006,0.069513,-0.012424,0.129926
1640841574600539904,0.000081,-0.464438,2.012134,0.989019,0.069454,-0.012407,0.129857
1640841574605589760,-0.005671,-0.467464,2.010750,0.989127,0.069000,-0.012274,0.129289
1640841574606129920,-0.006286,-0.467789,2.010603,0.989139,0.068954,-0.012258,0.129227
1640841574609910016,-0.010591,-0.470070,2.009579,0.989222,0.068626,-0.012119,0.128775
1640841574610409984,-0.011161,-0.470373,2.009444,0.989234,0.068582,-0.012095,0.128712
1640841574614879744,-0.016251,-0.473088,2.008246,0.989340,0.068185,-0.011843,0.128126
1640841574615429888,-0.016877,-0.473424,2.008100,0.989354,0.068136,-0.011809,0.128051
1640841574619909888,-0.021978,-0.476164,2.006914,0.989465,0.067765,-0.011533,0.127414
1640841574620539904,-0.022695,-0.476551,2.006748,0.989480,0.067717,-0.011497,0.127321
1640841574624919808,-0.027681,-0.479249,2.005604,0.989589,0.067407,-0.011261,0.126663
1640841574625519872,-0.028365,-0.479620,2.005448,0.989604,0.067367,-0.011230,0.126571
1640841574629839872,-0.033282,-0.482299,2.004333,0.989710,0.067086,-0.011002,0.125905
1640841574630400000,-0.033919,-0.482647,2.004189,0.989724,0.067050,-0.010971,0.125818
1640841574634879744,-0.039018,-0.485443,2.003048,0.989835,0.066762,-0.010712,0.125118
1640841574635429888,-0.039644,-0.485788,2.002909,0.989849,0.066728,-0.010680,0.125030
1640841574639889920,-0.044720,-0.488590,2.001788,0.989962,0.066463,-0.010421,0.124299
1640841574640440064,-0.045346,-0.488936,2.001651,0.989976,0.066432,-0.010390,0.124206
1640841574645679872,-0.051308,-0.492251,2.000353,0.990113,0.066149,-0.010111,0.123284
1640841574646449920,-0.052184,-0.492740,2.000164,0.990133,0.066107,-0.010073,0.123145
1640841574650230016,-0.056484,-0.495146,1.999241,0.990236,0.065884,-0.009896,0.122449
1640841574650769920,-0.057099,-0.495491,1.999110,0.990251,0.065849,-0.009872,0.122348
1640841574654909952,-0.061808,-0.498141,1.998112,0.990368,0.065561,-0.009698,0.121570
1640841574656029952,-0.063082,-0.498860,1.997844,0.990400,0.065476,-0.009651,0.121358
1640841574660259840,-0.067893,-0.501585,1.996841,0.990522,0.065139,-0.009463,0.120556
1640841574661280000,-0.069053,-0.502244,1.996600,0.990551,0.065054,-0.009414,0.120363
1640841574664919808,-0.073193,-0.504602,1.995749,0.990658,0.064733,-0.009226,0.119671
1640841574666210048,-0.074660,-0.505440,1.995450,0.990697,0.064612,-0.009158,0.119422
1640841574669839872,-0.078787,-0.507805,1.994613,0.990809,0.064243,-0.008969,0.118704
1640841574670509824,-0.079549,-0.508242,1.994460,0.990830,0.064170,-0.008935,0.118568
1640841574674889984,-0.084529,-0.511111,1.993465,0.990973,0.063655,-0.008722,0.117659
1640841574675639808,-0.085381,-0.511603,1.993296,0.990999,0.063561,-0.008686,0.117501
1640841574682969856,-0.093713,-0.516438,1.991665,0.991248,0.062563,-0.008346,0.115948
1640841574684419840,-0.095361,-0.517398,1.991347,0.991298,0.062354,-0.008279,0.115640
1640841574684859904,-0.095861,-0.517690,1.991251,0.991313,0.062291,-0.008259,0.115546
1640841574685449728,-0.096531,-0.518082,1.991122,0.991333,0.062206,-0.008232,0.115421
1640841574689809920,-0.101486,-0.520983,1.990177,0.991482,0.061587,-0.008033,0.114480
1640841574690599936,-0.102383,-0.521509,1.990008,0.991509,0.061479,-0.007997,0.114307
1640841574694999808,-0.107382,-0.524452,1.989071,0.991659,0.060900,-0.007793,0.113326
1640841574695590144,-0.108053,-0.524848,1.988946,0.991679,0.060825,-0.007765,0.113192
1640841574699939840,-0.112994,-0.527771,1.988035,0.991827,0.060276,-0.007541,0.112203
1640841574700499968,-0.113630,-0.528148,1.987918,0.991846,0.060205,-0.007509,0.112076
1640841574704879872,-0.118605,-0.531106,1.987016,0.991994,0.059650,-0.007249,0.111074
1640841574705390080,-0.119184,-0.531451,1.986912,0.992011,0.059585,-0.007218,0.110957
1640841574709959936,-0.124373,-0.534551,1.985987,0.992165,0.059007,-0.006940,0.109907
1640841574710639872,-0.125145,-0.535014,1.985850,0.992187,0.058921,-0.006900,0.109751
1640841574714969856,-0.130061,-0.537965,1.984989,0.992331,0.058385,-0.006656,0.108749
1640841574715839744,-0.131048,-0.538559,1.984818,0.992359,0.058280,-0.006610,0.108547
1640841574719859712,-0.135611,-0.541312,1.984033,0.992491,0.057812,-0.006410,0.107606
1640841574720399872,-0.136224,-0.541682,1.983928,0.992508,0.057752,-0.006386,0.107479
1640841574724979968,-0.141422,-0.544831,1.983050,0.992655,0.057257,-0.006189,0.106390
1640841574725679872,-0.142216,-0.545313,1.982917,0.992678,0.057183,-0.006160,0.106222
1640841574729920000,-0.147027,-0.548240,1.982119,0.992814,0.056722,-0.005990,0.105197
1640841574731689984,-0.149036,-0.549465,1.981789,0.992872,0.056520,-0.005919,0.104765
1640841574735099904,-0.152904,-0.551831,1.981161,0.992984,0.056116,-0.005778,0.103929
1640841574735630080,-0.153505,-0.552199,1.981064,0.993001,0.056053,-0.005756,0.103799
1640841574739830016,-0.158269,-0.555121,1.980303,0.993136,0.055550,-0.005573,0.102777
1640841574740480000,-0.159006,-0.555575,1.980186,0.993157,0.055474,-0.005544,0.102620
1640841574747119872,-0.166535,-0.560217,1.979012,0.993366,0.054680,-0.005235,0.101033
1640841574748999936,-0.168666,-0.561535,1.978685,0.993425,0.054438,-0.005143,0.100584
1640841574749760000,-0.169528,-0.562068,1.978553,0.993449,0.054335,-0.005106,0.100401
1640841574750639872,-0.170525,-0.562687,1.978402,0.993477,0.054214,-0.005062,0.100190
1640841574754839808,-0.175286,-0.565642,1.977685,0.993614,0.053591,-0.004853,0.099174
1640841574755529984,-0.176068,-0.566128,1.977569,0.993637,0.053483,-0.004819,0.099007
1640841574760529920,-0.181734,-0.569659,1.976735,0.993802,0.052661,-0.004587,0.097788
1640841574761179904,-0.182470,-0.570119,1.976628,0.993824,0.052551,-0.004559,0.097629
1640841574765499904,-0.187364,-0.573180,1.975924,0.993967,0.051804,-0.004384,0.096575
1640841574766459904,-0.188452,-0.573862,1.975769,0.993999,0.051636,-0.004346,0.096340
1640841574770020096,-0.192484,-0.576392,1.975202,0.994115,0.051015,-0.004205,0.095472
1640841574770680064,-0.193232,-0.576862,1.975097,0.994137,0.050901,-0.004178,0.095311
1640841574774799872,-0.197897,-0.579799,1.974454,0.994269,0.050195,-0.003999,0.094307
1640841574778449920,-0.202030,-0.582407,1.973894,0.994385,0.049583,-0.003824,0.093411
1640841574780499968,-0.204351,-0.583874,1.973583,0.994450,0.049245,-0.003717,0.092904
1640841574781359872,-0.205324,-0.584490,1.973454,0.994477,0.049104,-0.003670,0.092690
1640841574784989952,-0.209433,-0.587094,1.972914,0.994591,0.048521,-0.003459,0.091778
1640841574785709824,-0.210248,-0.587611,1.972808,0.994613,0.048406,-0.003416,0.091595
1640841574789939968,-0.215035,-0.590653,1.972193,0.994745,0.047736,-0.003184,0.090519
1640841574790409984,-0.215567,-0.590991,1.972126,0.994759,0.047661,-0.003162,0.090399
1640841574795290112,-0.221088,-0.594510,1.971434,0.994909,0.046881,-0.002980,0.089163
1640841574796219904,-0.222139,-0.595181,1.971304,0.994937,0.046734,-0.002950,0.088929
1640841574799899904,-0.226302,-0.597842,1.970796,0.995045,0.046161,-0.002828,0.088010
1640841574800519936,-0.227003,-0.598290,1.970712,0.995063,0.046066,-0.002805,0.087857
1640841574804930048,-0.231990,-0.601486,1.970119,0.995188,0.045422,-0.002600,0.086779
1640841574805869824,-0.233052,-0.602168,1.969994,0.995214,0.045292,-0.002544,0.086553
1640841574811059968,-0.238919,-0.605939,1.969318,0.995353,0.044595,-0.002180,0.085316
1640841574812379904,-0.240411,-0.606899,1.969149,0.995389,0.044405,-0.002106,0.084995
1640841574814970112,-0.243338,-0.608786,1.968821,0.995462,0.044002,-0.002005,0.084355
1640841574815779840,-0.244253,-0.609376,1.968720,0.995485,0.043870,-0.001982,0.084153
1640841574819820032,-0.248818,-0.612323,1.968222,0.995598,0.043197,-0.001878,0.083154
1640841574820819968,-0.249948,-0.613054,1.968100,0.995626,0.043031,-0.001848,0.082911
1640841574824920064,-0.254579,-0.616051,1.967610,0.995736,0.042349,-0.001697,0.081933
1640841574826989824,-0.256916,-0.617566,1.967367,0.995791,0.041999,-0.001609,0.081445
1640841574830240000,-0.260586,-0.619948,1.966992,0.995877,0.041432,-0.001461,0.080680
1640841574831169792,-0.261636,-0.620630,1.966887,0.995902,0.041266,-0.001418,0.080461
1640841574835579904,-0.266614,-0.623867,1.966394,0.996019,0.040451,-0.001209,0.079420
1640841574836199936,-0.267314,-0.624323,1.966326,0.996036,0.040334,-0.001180,0.079274
1640841574839920128,-0.271512,-0.627058,1.965924,0.996134,0.039623,-0.001008,0.078402
1640841574840559872,-0.272234,-0.627529,1.965856,0.996150,0.039500,-0.000980,0.078253
1640841574845600000,-0.277919,-0.631240,1.965331,0.996279,0.038521,-0.000770,0.077090
1640841574846230016,-0.278630,-0.631705,1.965266,0.996295,0.038398,-0.000746,0.076946
1640841574849969920,-0.282847,-0.634464,1.964891,0.996389,0.037672,-0.000612,0.076092
1640841574850599936,-0.283558,-0.634929,1.964829,0.996404,0.037550,-0.000591,0.075949
1640841574854899968,-0.288405,-0.638105,1.964412,0.996509,0.036730,-0.000456,0.074972
1640841574855549696,-0.289138,-0.638586,1.964351,0.996524,0.036609,-0.000435,0.074824
1640841574860110080,-0.294277,-0.641959,1.963928,0.996631,0.035793,-0.000258,0.073789
1640841574861129984,-0.295426,-0.642714,1.963835,0.996655,0.035621,-0.000208,0.073557
1640841574865679872,-0.300552,-0.646085,1.963433,0.996756,0.034900,0.000045,0.072524
1640841574866380032,-0.301340,-0.646604,1.963372,0.996771,0.034795,0.000083,0.072366
1640841574869880064,-0.305281,-0.649200,1.963076,0.996846,0.034287,0.000250,0.071577
1640841574870589952,-0.306080,-0.649726,1.963017,0.996860,0.034186,0.000277,0.071418
1640841574875059968,-0.311112,-0.653045,1.962655,0.996952,0.033566,0.000404,0.070422
1640841574875759872,-0.311899,-0.653565,1.962600,0.996967,0.033469,0.000420,0.070266
1640841574880000000,-0.316670,-0.656716,1.962274,0.997052,0.032878,0.000513,0.069325
1640841574882649856,-0.319651,-0.658687,1.962077,0.997105,0.032497,0.000582,0.068736
1640841574884909824,-0.322192,-0.660369,1.961914,0.997150,0.032165,0.000645,0.068234
1640841574885509888,-0.322867,-0.660815,1.961872,0.997162,0.032076,0.000661,0.068102
1640841574890080000,-0.328004,-0.664217,1.961557,0.997252,0.031392,0.000768,0.067103
1640841574891480064,-0.329577,-0.665260,1.961464,0.997279,0.031182,0.000791,0.066802
1640841574894969856,-0.333498,-0.667860,1.961239,0.997344,0.030652,0.000834,0.066062
1640841574895569920,-0.334173,-0.668308,1.961201,0.997355,0.030561,0.000840,0.065936
1640841574899749888,-0.338867,-0.671424,1.960947,0.997432,0.029912,0.000883,0.065065
1640841574900419840,-0.339619,-0.671923,1.960907,0.997444,0.029807,0.000891,0.064926
1640841574904870144,-0.344614,-0.675242,1.960655,0.997525,0.029092,0.000960,0.064010
1640841574905920000,-0.345792,-0.676026,1.960598,0.997543,0.028921,0.000981,0.063795
1640841574909949952,-0.350313,-0.679033,1.960387,0.997614,0.028259,0.001078,0.062977
1640841574910449920,-0.350874,-0.679406,1.960362,0.997623,0.028176,0.001093,0.062877
1640841574915779840,-0.356849,-0.683385,1.960106,0.997714,0.027295,0.001261,0.061812
1640841574916349952,-0.357488,-0.683810,1.960080,0.997723,0.027201,0.001278,0.061699
1640841574919899904,-0.361466,-0.686461,1.959924,0.997782,0.026619,0.001374,0.060996
1640841574920719872,-0.362384,-0.687073,1.959889,0.997796,0.026485,0.001390,0.060833
1640841574924890112,-0.367054,-0.690187,1.959723,0.997863,0.025815,0.001450,0.060009
1640841574925580032,-0.367826,-0.690702,1.959697,0.997874,0.025706,0.001458,0.059874
1640841574929789952,-0.372538,-0.693845,1.959546,0.997939,0.025063,0.001516,0.059053
1640841574931820032,-0.374809,-0.695361,1.959478,0.997969,0.024768,0.001557,0.058663
1640841574934840064,-0.378186,-0.697616,1.959384,0.998013,0.024344,0.001631,0.058087
1640841574935489792,-0.378913,-0.698101,1.959365,0.998023,0.024255,0.001649,0.057963
1640841574939919872,-0.383864,-0.701408,1.959244,0.998086,0.023665,0.001776,0.057113
1640841574940440064,-0.384445,-0.701796,1.959230,0.998093,0.023597,0.001791,0.057012
1640841574945920000,-0.390565,-0.705886,1.959106,0.998169,0.022907,0.001953,0.055952
1640841574946519808,-0.391235,-0.706333,1.959093,0.998177,0.022834,0.001971,0.055837
1640841574949779968,-0.394873,-0.708765,1.959033,0.998220,0.022448,0.002071,0.055220
1640841574950469888,-0.395643,-0.709280,1.959021,0.998229,0.022368,0.002093,0.055091
1640841574954889984,-0.400573,-0.712575,1.958956,0.998283,0.021877,0.002228,0.054285
1640841574955430144,-0.401175,-0.712978,1.958949,0.998290,0.021819,0.002243,0.054187
1640841574959919872,-0.406178,-0.716323,1.958902,0.998343,0.021352,0.002347,0.053378
1640841574960399872,-0.406713,-0.716681,1.958898,0.998349,0.021303,0.002356,0.053291
1640841574964849920,-0.411669,-0.719994,1.958871,0.998401,0.020865,0.002420,0.052481
1640841574965469952,-0.412359,-0.720456,1.958868,0.998408,0.020805,0.002428,0.052367
1640841574969889792,-0.417277,-0.723744,1.958860,0.998459,0.020387,0.002491,0.051559
1640841574970399744,-0.417844,-0.724123,1.958860,0.998464,0.020340,0.002500,0.051466
1640841574974839808,-0.422781,-0.727423,1.958870,0.998514,0.019923,0.002589,0.050657
1640841574979689728,-0.428169,-0.731024,1.958901,0.998567,0.019442,0.002688,0.049792
1640841574980599808,-0.429180,-0.731699,1.958909,0.998576,0.019346,0.002704,0.049633
1640841574981070080,-0.429702,-0.732048,1.958913,0.998581,0.019296,0.002712,0.049551
1640841574986830080,-0.436094,-0.736318,1.958982,0.998642,0.018643,0.002803,0.048566
1640841574988179968,-0.437592,-0.737318,1.959003,0.998656,0.018481,0.002823,0.048338
1640841574989859840,-0.439454,-0.738561,1.959030,0.998673,0.018276,0.002849,0.048054
1640841574990439936,-0.440097,-0.738991,1.959040,0.998679,0.018203,0.002858,0.047956
1640841574994799872,-0.444929,-0.742215,1.959125,0.998724,0.017646,0.002931,0.047218
1640841574995440128,-0.445638,-0.742688,1.959139,0.998731,0.017563,0.002942,0.047109
1640841574999820032,-0.450488,-0.745922,1.959242,0.998775,0.016981,0.003028,0.046373
1640841575000529920,-0.451273,-0.746446,1.959261,0.998782,0.016886,0.003043,0.046255
1640841575004889856,-0.456096,-0.749660,1.959383,0.998825,0.016299,0.003137,0.045541
1640841575005580032,-0.456859,-0.750168,1.959404,0.998831,0.016207,0.003152,0.045429
1640841575009929984,-0.461667,-0.753370,1.959545,0.998872,0.015639,0.003238,0.044728
1640841575010589952,-0.462396,-0.753855,1.959567,0.998878,0.015556,0.003249,0.044622
1640841575014899968,-0.467155,-0.757021,1.959725,0.998916,0.015031,0.003315,0.043928
1640841575015569920,-0.467895,-0.757512,1.959751,0.998922,0.014953,0.003324,0.043820
1640841575020239872,-0.473047,-0.760936,1.959942,0.998962,0.014431,0.003380,0.043062
1640841575021019904,-0.473907,-0.761507,1.959976,0.998969,0.014348,0.003389,0.042935
1640841575024839936,-0.478117,-0.764301,1.960149,0.999001,0.013952,0.003437,0.042311
1640841575025420032,-0.478756,-0.764725,1.960176,0.999006,0.013892,0.003445,0.042217
1640841575030010112,-0.483810,-0.768076,1.960402,0.999043,0.013417,0.003532,0.041476
1640841575030809856,-0.484691,-0.768660,1.960444,0.999050,0.013332,0.003552,0.041349
1640841575035279872,-0.489608,-0.771915,1.960684,0.999084,0.012858,0.003671,0.040643
1640841575036569856,-0.491026,-0.772853,1.960757,0.999094,0.012726,0.003702,0.040439
1640841575039980032,-0.494774,-0.775330,1.960955,0.999120,0.012399,0.003757,0.039898
1640841575040519936,-0.495367,-0.775722,1.960987,0.999124,0.012350,0.003762,0.039812
1640841575044800000,-0.500067,-0.778825,1.961252,0.999155,0.011983,0.003766,0.039124
1640841575045459968,-0.500791,-0.779303,1.961294,0.999160,0.011927,0.003762,0.039018
1640841575050370048,-0.506177,-0.782852,1.961620,0.999196,0.011494,0.003719,0.038234
1640841575052819968,-0.508863,-0.784620,1.961790,0.999213,0.011253,0.003695,0.037849
1640841575054829824,-0.511065,-0.786068,1.961933,0.999228,0.011038,0.003677,0.037537
1640841575055510016,-0.511810,-0.786558,1.961982,0.999232,0.010963,0.003671,0.037432
1640841575059929856,-0.516649,-0.789735,1.962311,0.999263,0.010439,0.003644,0.036761
1640841575060439808,-0.517207,-0.790102,1.962350,0.999266,0.010376,0.003642,0.036684
1640841575065469952,-0.522709,-0.793707,1.962747,0.999300,0.009736,0.003627,0.035933
1640841575066649856,-0.523999,-0.794551,1.962843,0.999308,0.009586,0.003623,0.035757
1640841575070230016,-0.527910,-0.797109,1.963141,0.999331,0.009144,0.003605,0.035217
1640841575071040000,-0.528794,-0.797687,1.963210,0.999337,0.009049,0.003599,0.035094
1640841575074939904,-0.533051,-0.800465,1.963550,0.999362,0.008609,0.003559,0.034491
1640841575078779904,-0.537239,-0.803194,1.963897,0.999386,0.008163,0.003523,0.033900
1640841575079749888,-0.538297,-0.803882,1.963987,0.999392,0.008041,0.003517,0.033753
1640841575080760064,-0.539398,-0.804599,1.964081,0.999398,0.007910,0.003513,0.033601
1640841575084989952,-0.544005,-0.807593,1.964485,0.999423,0.007324,0.003512,0.032976
1640841575085659904,-0.544735,-0.808066,1.964550,0.999427,0.007229,0.003514,0.032877
1640841575089870080,-0.549316,-0.811036,1.964968,0.999451,0.006634,0.003536,0.032255
1640841575090449920,-0.549947,-0.811444,1.965027,0.999455,0.006555,0.003539,0.032168
1640841575094769920,-0.554643,-0.814482,1.965474,0.999479,0.005989,0.003568,0.031514
1640841575095490048,-0.555425,-0.814987,1.965549,0.999483,0.005899,0.003573,0.031404
1640841575102139904,-0.562645,-0.819641,1.966271,0.999519,0.005105,0.003592,0.030383
1640841575103030016,-0.563611,-0.820263,1.966370,0.999523,0.005004,0.003591,0.030247
1640841575104979968,-0.565726,-0.821622,1.966590,0.999534,0.004784,0.003585,0.029949
1640841575105559808,-0.566354,-0.822026,1.966656,0.999537,0.004720,0.003583,0.029861
1640841575109870080,-0.571025,-0.825023,1.967154,0.999558,0.004258,0.003574,0.029206
1640841575110429952,-0.571632,-0.825412,1.967220,0.999561,0.004200,0.003574,0.029121
1640841575115579904,-0.577206,-0.828977,1.967838,0.999585,0.003685,0.003581,0.028346
1640841575116940032,-0.578678,-0.829917,1.968005,0.999591,0.003553,0.003582,0.028142
1640841575119819776,-0.581792,-0.831902,1.968364,0.999604,0.003277,0.003579,0.027714
1640841575120420096,-0.582440,-0.832315,1.968439,0.999607,0.003220,0.003577,0.027626
1640841575124899840,-0.587280,-0.835393,1.969012,0.999626,0.002791,0.003545,0.026966
1640841575125469952,-0.587895,-0.835784,1.969086,0.999629,0.002735,0.003538,0.026882
1640841575129809920,-0.592578,-0.838753,1.969659,0.999647,0.002290,0.003473,0.026242
1640841575130470144,-0.593291,-0.839204,1.969747,0.999650,0.002219,0.003461,0.026145
1640841575134879744,-0.598044,-0.842208,1.970347,0.999668,0.001715,0.003374,0.025492
1640841575135479808,-0.598691,-0.842616,1.970429,0.999670,0.001643,0.003363,0.025403
1640841575139819776,-0.603364,-0.845560,1.971037,0.999687,0.001091,0.003311,0.024772
1640841575140389888,-0.603978,-0.845945,1.971118,0.999689,0.001014,0.003308,0.024690
1640841575144929792,-0.608861,-0.849011,1.971771,0.999705,0.000381,0.003311,0.024050
1640841575145550080,-0.609528,-0.849429,1.971862,0.999707,0.000292,0.003312,0.023964
1640841575149799936,-0.614095,-0.852285,1.972491,0.999721,-0.000330,0.003303,0.023372
1640841575150679808,-0.615040,-0.852875,1.972623,0.999724,-0.000460,0.003294,0.023250
1640841575154929920,-0.619602,-0.855718,1.973269,0.999738,-0.001092,0.003225,0.022656
1640841575155639808,-0.620364,-0.856192,1.973379,0.999740,-0.001198,0.003211,0.022556
1640841575159960064,-0.624996,-0.859068,1.974053,0.999752,-0.001841,0.003133,0.021951
1640841575160460032,-0.625532,-0.859400,1.974132,0.999754,-0.001915,0.003125,0.021881
1640841575164859904,-0.630245,-0.862316,1.974835,0.999766,-0.002557,0.003078,0.021262
1640841575165469952,-0.630898,-0.862719,1.974934,0.999768,-0.002644,0.003074,0.021176
1640841575169839872,-0.635574,-0.865600,1.975650,0.999779,-0.003241,0.003059,0.020556
1640841575170390016,-0.636163,-0.865962,1.975741,0.999780,-0.003312,0.003058,0.020478
1640841575174840064,-0.640920,-0.868882,1.976487,0.999791,-0.003858,0.003061,0.019837
1640841575175529984,-0.641657,-0.869333,1.976605,0.999793,-0.003938,0.003061,0.019737
1640841575180519936,-0.646985,-0.872589,1.977463,0.999805,-0.004487,0.003043,0.018997
1640841575181179904,-0.647690,-0.873019,1.977578,0.999806,-0.004556,0.003037,0.018898
1640841575184809984,-0.651562,-0.875375,1.978216,0.999815,-0.004930,0.002993,0.018346
1640841575185469952,-0.652266,-0.875802,1.978333,0.999817,-0.004997,0.002984,0.018246
1640841575189789952,-0.656870,-0.878592,1.979108,0.999826,-0.005438,0.002926,0.017590
1640841575192590080,-0.659852,-0.880394,1.979618,0.999832,-0.005726,0.002892,0.017171
1640841575195329792,-0.662768,-0.882151,1.980123,0.999837,-0.006005,0.002858,0.016762
1640841575196310016,-0.663811,-0.882779,1.980305,0.999839,-0.006104,0.002844,0.016616
1640841575199889920,-0.667618,-0.885064,1.980976,0.999846,-0.006453,0.002787,0.016082
1640841575201120000,-0.668926,-0.885847,1.981209,0.999848,-0.006567,0.002763,0.015898
1640841575205109760,-0.673165,-0.888381,1.981972,0.999855,-0.006932,0.002672,0.015297
1640841575205859840,-0.673962,-0.888856,1.982117,0.999857,-0.007002,0.002652,0.015183
1640841575210389760,-0.678770,-0.891715,1.983001,0.999864,-0.007443,0.002529,0.014496
1640841575211680000,-0.680139,-0.892527,1.983256,0.999866,-0.007578,0.002492,0.014299
1640841575215350016,-0.684031,-0.894828,1.983987,0.999871,-0.007975,0.002381,0.013740
1640841575216259840,-0.684995,-0.895398,1.984170,0.999872,-0.008074,0.002352,0.013601
1640841575221829888,-0.690896,-0.898868,1.985303,0.999879,-0.008671,0.002160,0.012748
1640841575222429952,-0.691531,-0.899241,1.985426,0.999879,-0.008734,0.002138,0.012656
1640841575224869888,-0.694114,-0.900753,1.985931,0.999882,-0.008995,0.002051,0.012284
1640841575225719808,-0.695013,-0.901278,1.986108,0.999883,-0.009088,0.002022,0.012155
1640841575230000128,-0.699540,-0.903917,1.987007,0.999886,-0.009600,0.001899,0.011515
1640841575230929920,-0.700523,-0.904488,1.987204,0.999886,-0.009724,0.001878,0.011379
1640841575235089920,-0.704919,-0.907036,1.988093,0.999887,-0.010315,0.001805,0.010775
1640841575236280064,-0.706176,-0.907762,1.988350,0.999887,-0.010490,0.001786,0.010602
1640841575239830016,-0.709924,-0.909922,1.989122,0.999887,-0.011001,0.001720,0.010074
1640841575240480000,-0.710610,-0.910317,1.989265,0.999887,-0.011091,0.001705,0.009976
1640841575245679872,-0.716096,-0.913460,1.990415,0.999887,-0.011778,0.001558,0.009171
1640841575246409984,-0.716865,-0.913900,1.990579,0.999887,-0.011871,0.001534,0.009057
1640841575249869824,-0.720512,-0.915977,1.991357,0.999887,-0.012299,0.001413,0.008521
1640841575250479872,-0.721155,-0.916343,1.991495,0.999887,-0.012373,0.001391,0.008427
1640841575254999808,-0.725916,-0.919040,1.992527,0.999886,-0.012907,0.001219,0.007742
1640841575255529984,-0.726474,-0.919356,1.992649,0.999886,-0.012968,0.001198,0.007662
1640841575259800064,-0.730968,-0.921887,1.993640,0.999885,-0.013427,0.001035,0.007013
1640841575260449792,-0.731652,-0.922271,1.993792,0.999885,-0.013493,0.001011,0.006913
1640841575264910080,-0.736342,-0.924897,1.994842,0.999883,-0.013917,0.000849,0.006217
1640841575265559808,-0.737025,-0.925278,1.994997,0.999883,-0.013976,0.000826,0.006114
1640841575270159872,-0.741859,-0.927967,1.996097,0.999882,-0.014383,0.000664,0.005370
1640841575271350016,-0.743109,-0.928659,1.996385,0.999881,-0.014487,0.000622,0.005174
1640841575275030016,-0.746974,-0.930794,1.997279,0.999880,-0.014802,0.000486,0.004562
1640841575275609856,-0.747583,-0.931129,1.997421,0.999880,-0.014851,0.000463,0.004466
1640841575279840000,-0.752022,-0.933566,1.998464,0.999877,-0.015191,0.000275,0.003769
1640841575280400128,-0.752609,-0.933888,1.998603,0.999877,-0.015234,0.000247,0.003678
1640841575284839936,-0.757266,-0.936428,1.999712,0.999874,-0.015566,0.000001,0.002969
1640841575285499904,-0.757958,-0.936804,1.999878,0.999874,-0.015616,-0.000037,0.002864
1640841575289999872,-0.762674,-0.939358,2.001020,0.999870,-0.015967,-0.000297,0.002156
1640841575290649856,-0.763355,-0.939726,2.001186,0.999869,-0.016021,-0.000334,0.002053
1640841575294849792,-0.767754,-0.942092,2.002265,0.999865,-0.016388,-0.000569,0.001388
1640841575295480064,-0.768414,-0.942445,2.002429,0.999864,-0.016446,-0.000605,0.001288
1640841575299840000,-0.772978,-0.944883,2.003565,0.999857,-0.016867,-0.000867,0.000588
1640841575302389760,-0.775647,-0.946301,2.004236,0.999853,-0.017126,-0.001035,0.000174
1640841575305430016,-0.778827,-0.947984,2.005041,0.999847,-0.017450,-0.001243,-0.000320
1640841575305999872,-0.779423,-0.948299,2.005193,0.999846,-0.017512,-0.001283,-0.000412
1640841575311129856,-0.784787,-0.951117,2.006569,0.999834,-0.018099,-0.001627,-0.001223
1640841575311899904,-0.785592,-0.951539,2.006778,0.999832,-0.018191,-0.001677,-0.001342
1640841575314880000,-0.788706,-0.953163,2.007587,0.999825,-0.018553,-0.001864,-0.001797
1640841575315490048,-0.789344,-0.953495,2.007754,0.999823,-0.018628,-0.001902,-0.001889
1640841575319789824,-0.793836,-0.955823,2.008935,0.999811,-0.019164,-0.002173,-0.002544
1640841575320659968,-0.794744,-0.956292,2.009175,0.999808,-0.019273,-0.002229,-0.002678
1640841575324859904,-0.799130,-0.958547,2.010344,0.999795,-0.019798,-0.002513,-0.003338
1640841575325459968,-0.799757,-0.958868,2.010512,0.999793,-0.019873,-0.002555,-0.003434
1640841575329789952,-0.804276,-0.961173,2.011731,0.999779,-0.020426,-0.002842,-0.004130
1640841575330400000,-0.804913,-0.961497,2.011904,0.999777,-0.020507,-0.002879,-0.004227
1640841575335119872,-0.809837,-0.963988,2.013250,0.999759,-0.021140,-0.003139,-0.004973
1640841575336439808,-0.811214,-0.964681,2.013629,0.999754,-0.021314,-0.003209,-0.005180
1640841575340420096,-0.815365,-0.966762,2.014779,0.999739,-0.021811,-0.003436,-0.005798
1640841575342149888,-0.817169,-0.967662,2.015283,0.999733,-0.022007,-0.003547,-0.006065
1640841575344879872,-0.820015,-0.969076,2.016082,0.999723,-0.022294,-0.003736,-0.006489
1640841575345530112,-0.820693,-0.969412,2.016273,0.999721,-0.022359,-0.003783,-0.006590
1640841575349870080,-0.825217,-0.971643,2.017555,0.999706,-0.022766,-0.004105,-0.007278
1640841575350459904,-0.825832,-0.971945,2.017730,0.999704,-0.022819,-0.004150,-0.007374
1640841575354949888,-0.830511,-0.974234,2.019072,0.999688,-0.023199,-0.004490,-0.008114
1640841575355680000,-0.831271,-0.974604,2.019292,0.999685,-0.023258,-0.004545,-0.008235
1640841575360029952,-0.835803,-0.976800,2.020607,0.999670,-0.023585,-0.004879,-0.008961
1640841575360539904,-0.836335,-0.977056,2.020762,0.999668,-0.023620,-0.004918,-0.009045
1640841575364819968,-0.840793,-0.979198,2.022070,0.999653,-0.023910,-0.005253,-0.009751
1640841575365489920,-0.841491,-0.979532,2.022276,0.999650,-0.023954,-0.005306,-0.009860
1640841575369900032,-0.846083,-0.981718,2.023639,0.999634,-0.024251,-0.005666,-0.010573
1640841575370859776,-0.847083,-0.982191,2.023938,0.999630,-0.024318,-0.005746,-0.010726
1640841575375170048,-0.851571,-0.984306,2.025285,0.999612,-0.024645,-0.006122,-0.011404
1640841575375899904,-0.852331,-0.984663,2.025515,0.999609,-0.024706,-0.006187,-0.011517
1640841575379840000,-0.856433,-0.986578,2.026759,0.999591,-0.025054,-0.006553,-0.012122
1640841575380430080,-0.857048,-0.986864,2.026947,0.999588,-0.025107,-0.006608,-0.012213
1640841575385309952,-0.862128,-0.989213,2.028505,0.999566,-0.025492,-0.007047,-0.012977
1640841575385919744,-0.862763,-0.989505,2.028701,0.999563,-0.025532,-0.007099,-0.013075
1640841575391490048,-0.868562,-0.992156,2.030501,0.999538,-0.025918,-0.007564,-0.013954
1640841575392359936,-0.869468,-0.992567,2.030784,0.999534,-0.025984,-0.007637,-0.014088
1640841575395289856,-0.872518,-0.993947,2.031741,0.999520,-0.026211,-0.007883,-0.014536
1640841575396189952,-0.873455,-0.994369,2.032036,0.999515,-0.026280,-0.007960,-0.014673
1640841575399799808,-0.877213,-0.996055,2.033226,0.999498,-0.026543,-0.008272,-0.015224
1640841575400450048,-0.877890,-0.996357,2.033441,0.999494,-0.026586,-0.008330,-0.015324
1640841575404899840,-0.882523,-0.998415,2.034920,0.999473,-0.026852,-0.008727,-0.016020
1640841575405479936,-0.883127,-0.998682,2.035114,0.999470,-0.026883,-0.008779,-0.016113
1640841575410119936,-0.887959,-1.000804,2.036673,0.999448,-0.027121,-0.009183,-0.016866
1640841575410779904,-0.888646,-1.001104,2.036896,0.999444,-0.027153,-0.009239,-0.016976
1640841575414909952,-0.892947,-1.002974,2.038296,0.999424,-0.027349,-0.009588,-0.017667
1640841575417449984,-0.895592,-1.004115,2.039164,0.999411,-0.027460,-0.009811,-0.018091
1640841575419749888,-0.897988,-1.005143,2.039952,0.999399,-0.027554,-0.010027,-0.018470
1640841575420499968,-0.898769,-1.005477,2.040210,0.999396,-0.027582,-0.010102,-0.018593
1640841575424919808,-0.903374,-1.007434,2.041738,0.999373,-0.027738,-0.010573,-0.019296
1640841575425459968,-0.903937,-1.007672,2.041926,0.999370,-0.027756,-0.010632,-0.019381
1640841575429789952,-0.908449,-1.009569,2.043436,0.999348,-0.027904,-0.011097,-0.020066
1640841575430519808,-0.909209,-1.009887,2.043692,0.999344,-0.027930,-0.011171,-0.020183
1640841575435099904,-0.913983,-1.011869,2.045304,0.999319,-0.028100,-0.011615,-0.020928
1640841575435829760,-0.914744,-1.012183,2.045563,0.999314,-0.028127,-0.011685,-0.021047
1640841575439800064,-0.918884,-1.013882,2.046974,0.999292,-0.028266,-0.012082,-0.021696
1640841575440470016,-0.919582,-1.014167,2.047213,0.999288,-0.028288,-0.012153,-0.021805
1640841575445740032,-0.925079,-1.016394,2.049103,0.999257,-0.028450,-0.012742,-0.022655
1640841575446299904,-0.925664,-1.016630,2.049305,0.999254,-0.028467,-0.012807,-0.022745
1640841575449889792,-0.929410,-1.018129,2.050604,0.999232,-0.028582,-0.013229,-0.023317
1640841575451119872,-0.930693,-1.018639,2.051050,0.999224,-0.028624,-0.013375,-0.023513
1640841575455680000,-0.935454,-1.020519,2.052715,0.999195,-0.028791,-0.013907,-0.024238
1640841575456310016,-0.936112,-1.020777,2.052946,0.999191,-0.028814,-0.013979,-0.024339
1640841575459759872,-0.939715,-1.022183,2.054216,0.999168,-0.028940,-0.014363,-0.024897
1640841575460470016,-0.940457,-1.022471,2.054478,0.999163,-0.028964,-0.014440,-0.025013
1640841575464900096,-0.945086,-1.024256,2.056121,0.999133,-0.029117,-0.014897,-0.025750
1640841575465539840,-0.945754,-1.024512,2.056359,0.999129,-0.029140,-0.014960,-0.025858
1640841575469819904,-0.950229,-1.026215,2.057959,0.999098,-0.029314,-0.015380,-0.026577
1640841575472250112,-0.952771,-1.027173,2.058872,0.999080,-0.029433,-0.015617,-0.026984
1640841575474799872,-0.955438,-1.028172,2.059834,0.999061,-0.029560,-0.015870,-0.027411
1640841575475459840,-0.956129,-1.028430,2.060084,0.999056,-0.029592,-0.015938,-0.027521
1640841575479840000,-0.960714,-1.030128,2.061747,0.999023,-0.029763,-0.016408,-0.028258
1640841575480589824,-0.961499,-1.030416,2.062033,0.999017,-0.029782,-0.016494,-0.028384
1640841575484769792,-0.965878,-1.032015,2.063633,0.998987,-0.029821,-0.017004,-0.029098
1640841575485580032,-0.966727,-1.032323,2.063944,0.998981,-0.029820,-0.017106,-0.029238
1640841575490249984,-0.971622,-1.034084,2.065745,0.998948,-0.029787,-0.017675,-0.030047
1640841575491209984,-0.972629,-1.034444,2.066117,0.998941,-0.029780,-0.017786,-0.030214
1640841575494829824,-0.976427,-1.035790,2.067524,0.998916,-0.029754,-0.018191,-0.030846
1640841575495499776,-0.977130,-1.036038,2.067785,0.998911,-0.029750,-0.018265,-0.030962
1640841575500460032,-0.982338,-1.037858,2.069727,0.998874,-0.029723,-0.018814,-0.031821
1640841575501220096,-0.983137,-1.038134,2.070026,0.998869,-0.029720,-0.018900,-0.031951
1640841575504969728,-0.987078,-1.039490,2.071504,0.998840,-0.029710,-0.019338,-0.032591
1640841575506739968,-0.988939,-1.040125,2.072205,0.998826,-0.029710,-0.019552,-0.032891
1640841575509929984,-0.992295,-1.041261,2.073472,0.998800,-0.029719,-0.019948,-0.033433
1640841575510569728,-0.992969,-1.041488,2.073727,0.998794,-0.029723,-0.020030,-0.033542
1640841575514979840,-0.997612,-1.043039,2.075489,0.998756,-0.029762,-0.020600,-0.034293
1640841575515659776,-0.998329,-1.043276,2.075762,0.998750,-0.029770,-0.020689,-0.034408
1640841575519810048,-1.002703,-1.044714,2.077431,0.998713,-0.029819,-0.021227,-0.035113
1640841575520539904,-1.003473,-1.044966,2.077726,0.998706,-0.029828,-0.021320,-0.035236
1640841575525489920,-1.008697,-1.046654,2.079731,0.998661,-0.029886,-0.021956,-0.036072
1640841575525969920,-1.009204,-1.046816,2.079926,0.998656,-0.029891,-0.022018,-0.036153
1640841575530129920,-1.013599,-1.048214,2.081623,0.998617,-0.029929,-0.022575,-0.036857
1640841575530880000,-1.014391,-1.048464,2.081930,0.998610,-0.029935,-0.022679,-0.036984
1640841575535089920,-1.018845,-1.049857,2.083657,0.998569,-0.029964,-0.023273,-0.037701
1640841575536559872,-1.020400,-1.050339,2.084262,0.998554,-0.029976,-0.023482,-0.037953
1640841575540239872,-1.024298,-1.051536,2.085783,0.998516,-0.030013,-0.023991,-0.038585
1640841575541060096,-1.025167,-1.051800,2.086122,0.998508,-0.030024,-0.024102,-0.038727
1640841575544800000,-1.029134,-1.053000,2.087676,0.998469,-0.030068,-0.024590,-0.039375
1640841575545549824,-1.029929,-1.053238,2.087988,0.998461,-0.030074,-0.024687,-0.039506
1640841575549819904,-1.034463,-1.054586,2.089772,0.998418,-0.030064,-0.025231,-0.040260
1640841575550569984,-1.035260,-1.054821,2.090087,0.998411,-0.030052,-0.025326,-0.040394
1640841575555199744,-1.040184,-1.056258,2.092033,0.998365,-0.029907,-0.025927,-0.041231
1640841575556669952,-1.041748,-1.056710,2.092653,0.998351,-0.029848,-0.026121,-0.041499
1640841575559779840,-1.045061,-1.057658,2.093969,0.998320,-0.029724,-0.026538,-0.042062
1640841575560580096,-1.045913,-1.057900,2.094308,0.998312,-0.029695,-0.026646,-0.042206
1640841575564899840,-1.050521,-1.059198,2.096145,0.998267,-0.029559,-0.027245,-0.042979
1640841575565549824,-1.051214,-1.059391,2.096422,0.998260,-0.029541,-0.027337,-0.043094
1640841575569839872,-1.055797,-1.060657,2.098256,0.998213,-0.029426,-0.027963,-0.043860
1640841575571349760,-1.057411,-1.061099,2.098904,0.998195,-0.029386,-0.028191,-0.044131
1640841575575229952,-1.061564,-1.062222,2.100573,0.998151,-0.029282,-0.028782,-0.044828
1640841575575939840,-1.062324,-1.062426,2.100879,0.998142,-0.029263,-0.028890,-0.044955
1640841575580019968,-1.066697,-1.063587,2.102643,0.998095,-0.029153,-0.029492,-0.045683
1640841575581179904,-1.067942,-1.063914,2.103146,0.998081,-0.029122,-0.029657,-0.045889
1640841575584800000,-1.071829,-1.064926,2.104720,0.998040,-0.029028,-0.030161,-0.046527
1640841575585539840,-1.072624,-1.065131,2.105042,0.998031,-0.029010,-0.030265,-0.046656
1640841575589849856,-1.077259,-1.066316,2.106925,0.997978,-0.028921,-0.030902,-0.047409
1640841575591490048,-1.079025,-1.066761,2.107643,0.997957,-0.028895,-0.031166,-0.047694
1640841575594980096,-1.082786,-1.067701,2.109177,0.997911,-0.028857,-0.031758,-0.048302
1640841575595729920,-1.083595,-1.067901,2.109507,0.997900,-0.028851,-0.031887,-0.048433
1640841575599789824,-1.087978,-1.068975,2.111298,0.997845,-0.028831,-0.032553,-0.049146
1640841575600459776,-1.088702,-1.069151,2.111595,0.997835,-0.028829,-0.032655,-0.049265
1640841575604930048,-1.093537,-1.070311,2.113577,0.997775,-0.028819,-0.033277,-0.050064
1640841575605549824,-1.094208,-1.070470,2.113853,0.997767,-0.028817,-0.033358,-0.050175
1640841575610060032,-1.099097,-1.071617,2.115863,0.997706,-0.028792,-0.033962,-0.050990
1640841575611439872,-1.100594,-1.071964,2.116479,0.997687,-0.028778,-0.034158,-0.051240
1640841575614919936,-1.104374,-1.072831,2.118038,0.997638,-0.028730,-0.034675,-0.051870
1640841575615589888,-1.105103,-1.072996,2.118339,0.997629,-0.028719,-0.034776,-0.051991
1640841575620009984,-1.109913,-1.074076,2.120327,0.997566,-0.028632,-0.035447,-0.052789
1640841575620999936,-1.110992,-1.074316,2.120773,0.997551,-0.028610,-0.035595,-0.052967
1640841575624950016,-1.115300,-1.075260,2.122559,0.997495,-0.028507,-0.036185,-0.053680
1640841575625519872,-1.115923,-1.075395,2.122817,0.997487,-0.028490,-0.036270,-0.053783
1640841575629859840,-1.120666,-1.076413,2.124786,0.997424,-0.028343,-0.036931,-0.054579
1640841575630749952,-1.121640,-1.076619,2.125191,0.997410,-0.028308,-0.037070,-0.054745
1640841575634840064,-1.126121,-1.077557,2.127056,0.997348,-0.028124,-0.037727,-0.055517
1640841575635649792,-1.127009,-1.077741,2.127426,0.997336,-0.028082,-0.037859,-0.055671
1640841575639889920,-1.131664,-1.078693,2.129367,0.997271,-0.027829,-0.038561,-0.056482
1640841575640539904,-1.132379,-1.078837,2.129665,0.997261,-0.027784,-0.038669,-0.056606
1640841575645269760,-1.137585,-1.079874,2.131839,0.997188,-0.027432,-0.039458,-0.057504
1640841575646359808,-1.138786,-1.080110,2.132342,0.997171,-0.027349,-0.039641,-0.057710
1640841575649809920,-1.142592,-1.080850,2.133934,0.997116,-0.027104,-0.040227,-0.058361
1640841575650709760,-1.143586,-1.081040,2.134350,0.997102,-0.027046,-0.040381,-0.058530
1640841575654939904,-1.148264,-1.081927,2.136310,0.997031,-0.026812,-0.041112,-0.059325
1640841575655529984,-1.148917,-1.082049,2.136584,0.997021,-0.026784,-0.041214,-0.059436
1640841575659969792,-1.153839,-1.082958,2.138649,0.996944,-0.026609,-0.041975,-0.060266
1640841575660480000,-1.154405,-1.083061,2.138887,0.996935,-0.026593,-0.042062,-0.060361
1640841575664769792,-1.159172,-1.083919,2.140889,0.996859,-0.026488,-0.042778,-0.061159
1640841575665519872,-1.160007,-1.084067,2.141240,0.996846,-0.026475,-0.042902,-0.061298
1640841575670029824,-1.165031,-1.084946,2.143353,0.996763,-0.026425,-0.043644,-0.062133
1640841575671229952,-1.166370,-1.085177,2.143916,0.996741,-0.026419,-0.043841,-0.062355
1640841575674830080,-1.170392,-1.085860,2.145609,0.996673,-0.026413,-0.044427,-0.063019
1640841575677870080,-1.173794,-1.086427,2.147042,0.996616,-0.026411,-0.044907,-0.063577
1640841575680409856,-1.176641,-1.086895,2.148241,0.996569,-0.026402,-0.045291,-0.064042
1640841575680839936,-1.177123,-1.086973,2.148444,0.996561,-0.026400,-0.045354,-0.064121
1640841575684869888,-1.181648,-1.087700,2.150352,0.996488,-0.026362,-0.045925,-0.064860
1640841575686479872,-1.183459,-1.087986,2.151115,0.996459,-0.026340,-0.046147,-0.065159
1640841575690019840,-1.187446,-1.088606,2.152797,0.996394,-0.026283,-0.046635,-0.065834
1640841575691089920,-1.188652,-1.088791,2.153306,0.996373,-0.026263,-0.046784,-0.066043
1640841575694850048,-1.192898,-1.089432,2.155097,0.996301,-0.026175,-0.047309,-0.066787
1640841575695529984,-1.193667,-1.089547,2.155421,0.996288,-0.026155,-0.047403,-0.066922
1640841575699800064,-1.198501,-1.090257,2.157461,0.996208,-0.025993,-0.047990,-0.067758
1640841575700489984,-1.199283,-1.090370,2.157791,0.996195,-0.025960,-0.048083,-0.067890
1640841575704999936,-1.204403,-1.091097,2.159951,0.996115,-0.025701,-0.048685,-0.068739
1640841575705629952,-1.205119,-1.091198,2.160253,0.996103,-0.025661,-0.048769,-0.068856
1640841575709809920,-1.209878,-1.091852,2.162261,0.996027,-0.025387,-0.049346,-0.069645
1640841575710619904,-1.210802,-1.091977,2.162651,0.996012,-0.025334,-0.049461,-0.069800
1640841575714860032,-1.215643,-1.092622,2.164693,0.995930,-0.025060,-0.050076,-0.070627
1640841575715529984,-1.216409,-1.092722,2.165016,0.995917,-0.025017,-0.050174,-0.070758
1640841575719939840,-1.221460,-1.093371,2.167146,0.995830,-0.024736,-0.050798,-0.071628
1640841575720519936,-1.222125,-1.093455,2.167427,0.995819,-0.024699,-0.050876,-0.071742
1640841575725219840,-1.227524,-1.094125,2.169702,0.995727,-0.024404,-0.051496,-0.072661
1640841575725679872,-1.228053,-1.094189,2.169925,0.995718,-0.024376,-0.051557,-0.072750
1640841575729799936,-1.232799,-1.094758,2.171925,0.995637,-0.024131,-0.052110,-0.073549
1640841575730589952,-1.233711,-1.094865,2.172308,0.995621,-0.024086,-0.052221,-0.073702
1640841575734850048,-1.238633,-1.095433,2.174381,0.995533,-0.023853,-0.052832,-0.074522
1640841575735569920,-1.239466,-1.095527,2.174731,0.995518,-0.023815,-0.052935,-0.074661
1640841575740489984,-1.245170,-1.096159,2.177130,0.995418,-0.023553,-0.053591,-0.075609
1640841575741469952,-1.246308,-1.096282,2.177608,0.995398,-0.023500,-0.053707,-0.075798
1640841575744819968,-1.250204,-1.096696,2.179245,0.995333,-0.023329,-0.054072,-0.076448
1640841575745539840,-1.251043,-1.096784,2.179597,0.995319,-0.023296,-0.054146,-0.076588
1640841575749850112,-1.256070,-1.097299,2.181707,0.995234,-0.023154,-0.054578,-0.077428
1640841575750729984,-1.257098,-1.097402,2.182138,0.995216,-0.023140,-0.054668,-0.077600
1640841575756749824,-1.264146,-1.098088,2.185092,0.995088,-0.023158,-0.055302,-0.078777
1640841575757469952,-1.264991,-1.098168,2.185446,0.995072,-0.023160,-0.055376,-0.078917
1640841575760019968,-1.267986,-1.098447,2.186700,0.995020,-0.023142,-0.055621,-0.079410
1640841575761090048,-1.269245,-1.098563,2.187226,0.994999,-0.023118,-0.055716,-0.079615
1640841575764780032,-1.273591,-1.098953,2.189043,0.994928,-0.022972,-0.056017,-0.080322
1640841575765519872,-1.274464,-1.099030,2.189407,0.994915,-0.022934,-0.056075,-0.080465
1640841575769949952,-1.279698,-1.099479,2.191592,0.994830,-0.022680,-0.056430,-0.081329
1640841575771279872,-1.281272,-1.099610,2.192248,0.994803,-0.022602,-0.056545,-0.081595
1640841575775009792,-1.285695,-1.099970,2.194091,0.994725,-0.022395,-0.056895,-0.082357
1640841575775529984,-1.286313,-1.100019,2.194348,0.994714,-0.022367,-0.056946,-0.082463
1640841575779830016,-1.291427,-1.100417,2.196475,0.994623,-0.022132,-0.057348,-0.083342
1640841575780449792,-1.292166,-1.100473,2.196782,0.994610,-0.022097,-0.057403,-0.083467
1640841575784849920,-1.297416,-1.100860,2.198962,0.994520,-0.021838,-0.057779,-0.084343
1640841575785989888,-1.298779,-1.100958,2.199527,0.994497,-0.021769,-0.057876,-0.084568
1640841575789889792,-1.303450,-1.101283,2.201463,0.994416,-0.021524,-0.058223,-0.085339
1640841575790939904,-1.304710,-1.101368,2.201984,0.994394,-0.021457,-0.058323,-0.085547
1640841575794849792,-1.309408,-1.101677,2.203927,0.994309,-0.021204,-0.058716,-0.086328
1640841575795509760,-1.310203,-1.101728,2.204255,0.994294,-0.021162,-0.058783,-0.086460
1640841575799779840,-1.315351,-1.102048,2.206379,0.994200,-0.020905,-0.059205,-0.087321
1640841575801049856,-1.316885,-1.102140,2.207011,0.994171,-0.020836,-0.059322,-0.087578
1640841575804909824,-1.321556,-1.102411,2.208934,0.994086,-0.020643,-0.059659,-0.088362
1640841575809360128,-1.326957,-1.102708,2.211153,0.993987,-0.020452,-0.060032,-0.089263
1640841575809969920,-1.327698,-1.102747,2.211457,0.993973,-0.020429,-0.060084,-0.089386
1640841575810479872,-1.328318,-1.102780,2.211712,0.993962,-0.020409,-0.060127,-0.089489
1640841575814929920,-1.333740,-1.103055,2.213933,0.993861,-0.020251,-0.060513,-0.090380
1640841575815680000,-1.334655,-1.103100,2.214308,0.993844,-0.020227,-0.060576,-0.090529
1640841575820089856,-1.340047,-1.103353,2.216512,0.993747,-0.020097,-0.060907,-0.091400
1640841575820689920,-1.340782,-1.103386,2.216812,0.993734,-0.020081,-0.060945,-0.091518
1640841575825280000,-1.346415,-1.103629,2.219108,0.993637,-0.019958,-0.061203,-0.092421
1640841575826289920,-1.347657,-1.103681,2.219613,0.993616,-0.019929,-0.061255,-0.092622
1640841575829789952,-1.351967,-1.103851,2.221366,0.993540,-0.019818,-0.061436,-0.093331
1640841575830579968,-1.352942,-1.103888,2.221762,0.993523,-0.019790,-0.061479,-0.093494
1640841575834820096,-1.358181,-1.104079,2.223886,0.993428,-0.019615,-0.061720,-0.094376
1640841575835500032,-1.359022,-1.104108,2.224227,0.993413,-0.019584,-0.061760,-0.094517
1640841575839889920,-1.364466,-1.104286,2.226429,0.993316,-0.019361,-0.062017,-0.095405
1640841575840459776,-1.365174,-1.104308,2.226715,0.993304,-0.019330,-0.062050,-0.095516
1640841575845270016,-1.371160,-1.104483,2.229129,0.993204,-0.019049,-0.062326,-0.096424
1640841575845919744,-1.371971,-1.104505,2.229455,0.993191,-0.019010,-0.062364,-0.096545
1640841575849809920,-1.376829,-1.104630,2.231409,0.993109,-0.018769,-0.062603,-0.097281
1640841575850560000,-1.377768,-1.104653,2.231786,0.993092,-0.018723,-0.062652,-0.097428
1640841575855129856,-1.383496,-1.104781,2.234082,0.992987,-0.018439,-0.062971,-0.098346
1640841575856219904,-1.384865,-1.104809,2.234630,0.992961,-0.018370,-0.063050,-0.098568
1640841575859789824,-1.389356,-1.104894,2.236425,0.992877,-0.018142,-0.063311,-0.099283
1640841575860479744,-1.390225,-1.104909,2.236773,0.992861,-0.018098,-0.063361,-0.099418
1640841575865009920,-1.395943,-1.105000,2.239052,0.992759,-0.017809,-0.063687,-0.100286
1640841575865530112,-1.396601,-1.105009,2.239313,0.992747,-0.017778,-0.063724,-0.100385
1640841575869789952,-1.401997,-1.105077,2.241457,0.992650,-0.017540,-0.064020,-0.101189
1640841575870539776,-1.402949,-1.105087,2.241835,0.992633,-0.017502,-0.064071,-0.101331
1640841575874889728,-1.408478,-1.105139,2.244025,0.992533,-0.017311,-0.064357,-0.102160
1640841575875559680,-1.409332,-1.105145,2.244363,0.992518,-0.017285,-0.064400,-0.102288
1640841575879889920,-1.414856,-1.105179,2.246544,0.992417,-0.017126,-0.064664,-0.103117
1640841575880479744,-1.415609,-1.105182,2.246841,0.992404,-0.017105,-0.064698,-0.103230
1640841575884919808,-1.421294,-1.105199,2.249078,0.992301,-0.016959,-0.064942,-0.104082
1640841575885910016,-1.422564,-1.105201,2.249577,0.992278,-0.016930,-0.064993,-0.104272
1640841575889799936,-1.427561,-1.105199,2.251537,0.992189,-0.016828,-0.065182,-0.105020
1640841575890550016,-1.428527,-1.105198,2.251915,0.992172,-0.016811,-0.065216,-0.105164
1640841575894909952,-1.434147,-1.105179,2.254113,0.992072,-0.016722,-0.065403,-0.106001
1640841575895599872,-1.435039,-1.105175,2.254461,0.992056,-0.016708,-0.065431,-0.106133
1640841575900009984,-1.440744,-1.105139,2.256684,0.991957,-0.016603,-0.065603,-0.106969
1640841575901029888,-1.442066,-1.105128,2.257198,0.991934,-0.016573,-0.065642,-0.107160
1640841575905009920,-1.447234,-1.105079,2.259204,0.991847,-0.016428,-0.065789,-0.107897
1640841575906199808,-1.448782,-1.105062,2.259804,0.991821,-0.016382,-0.065831,-0.108118
1640841575909900032,-1.453603,-1.105002,2.261669,0.991738,-0.016261,-0.065950,-0.108818
1640841575910579968,-1.454490,-1.104990,2.262012,0.991723,-0.016245,-0.065970,-0.108950
1640841575916539904,-1.462284,-1.104868,2.265016,0.991583,-0.016154,-0.066118,-0.110138
1640841575917399808,-1.463412,-1.104848,2.265450,0.991563,-0.016138,-0.066140,-0.110309
1640841575919829760,-1.466601,-1.104788,2.266674,0.991507,-0.016068,-0.066206,-0.110779
1640841575920640000,-1.467665,-1.104767,2.267083,0.991489,-0.016035,-0.066230,-0.110932
1640841575924859904,-1.473218,-1.104651,2.269209,0.991396,-0.015815,-0.066368,-0.111707
1640841575925540096,-1.474115,-1.104631,2.269552,0.991382,-0.015773,-0.066391,-0.111830
1640841575929859840,-1.479818,-1.104495,2.271728,0.991287,-0.015505,-0.066533,-0.112623
1640841575930560000,-1.480744,-1.104472,2.272080,0.991271,-0.015463,-0.066554,-0.112755
1640841575934860032,-1.486440,-1.104320,2.274246,0.991172,-0.015234,-0.066674,-0.113584
1640841575935549952,-1.487356,-1.104295,2.274593,0.991156,-0.015202,-0.066691,-0.113718
1640841575940640000,-1.494122,-1.104094,2.277156,0.991038,-0.015022,-0.066811,-0.114691
1640841575941099776,-1.494735,-1.104075,2.277387,0.991028,-0.015010,-0.066821,-0.114777
1640841575944789760,-1.499656,-1.103917,2.279244,0.990945,-0.014937,-0.066897,-0.115453
1640841575945609728,-1.500751,-1.103880,2.279656,0.990927,-0.014924,-0.066913,-0.115602
1640841575949959936,-1.506570,-1.103677,2.281843,0.990830,-0.014866,-0.066983,-0.116396
1640841575951419904,-1.508527,-1.103606,2.282577,0.990797,-0.014846,-0.067002,-0.116667
1640841575954959872,-1.513278,-1.103426,2.284356,0.990717,-0.014795,-0.067034,-0.117330
1640841575955559936,-1.514085,-1.103395,2.284658,0.990704,-0.014787,-0.067038,-0.117443
1640841575959829760,-1.519833,-1.103164,2.286802,0.990610,-0.014731,-0.067041,-0.118240
1640841575960589824,-1.520857,-1.103122,2.287184,0.990593,-0.014723,-0.067038,-0.118380
1640841575964839936,-1.526597,-1.102876,2.289316,0.990504,-0.014693,-0.066994,-0.119155
1640841575965549824,-1.527557,-1.102834,2.289673,0.990489,-0.014691,-0.066982,-0.119284
1640841575969769984,-1.533273,-1.102575,2.291789,0.990403,-0.014703,-0.066888,-0.120051
1640841575970809856,-1.534683,-1.102509,2.292310,0.990382,-0.014712,-0.066858,-0.120241
1640841575975009792,-1.540390,-1.102235,2.294414,0.990297,-0.014756,-0.066715,-0.121012
1640841575979109888,-1.545975,-1.101955,2.296466,0.990215,-0.014766,-0.066555,-0.121764
1640841575984470016,-1.553297,-1.101570,2.299146,0.990111,-0.014663,-0.066337,-0.122735
1640841575985219840,-1.554323,-1.101515,2.299520,0.990097,-0.014641,-0.066307,-0.122870
1640841575985910016,-1.555268,-1.101463,2.299865,0.990084,-0.014619,-0.066278,-0.122994
1640841575986449920,-1.556007,-1.101423,2.300135,0.990073,-0.014601,-0.066256,-0.123092
1640841575990000128,-1.560875,-1.101152,2.301907,0.990005,-0.014485,-0.066110,-0.123735
1640841575991119872,-1.562413,-1.101064,2.302466,0.989983,-0.014451,-0.066064,-0.123940
1640841575995129856,-1.567926,-1.100744,2.304466,0.989903,-0.014339,-0.065894,-0.124674
1640841575995559936,-1.568518,-1.100709,2.304680,0.989895,-0.014328,-0.065875,-0.124753
1640841575999749888,-1.574295,-1.100360,2.306767,0.989813,-0.014221,-0.065688,-0.125513
1640841576000519936,-1.575358,-1.100295,2.307150,0.989798,-0.014201,-0.065651,-0.125651
1640841576004829952,-1.581316,-1.099921,2.309294,0.989717,-0.014090,-0.065441,-0.126410
1640841576005600000,-1.582382,-1.099853,2.309677,0.989703,-0.014069,-0.065403,-0.126544
1640841576014279936,-1.594429,-1.099055,2.313985,0.989539,-0.013816,-0.065007,-0.128042
1640841576014899968,-1.595291,-1.098996,2.314292,0.989527,-0.013798,-0.064982,-0.128150
1640841576015559936,-1.596210,-1.098933,2.314619,0.989514,-0.013779,-0.064956,-0.128265
1640841576016069888,-1.596920,-1.098884,2.314872,0.989504,-0.013765,-0.064935,-0.128355
1640841576019810048,-1.602133,-1.098519,2.316723,0.989430,-0.013692,-0.064769,-0.129015
1640841576020529920,-1.603138,-1.098447,2.317079,0.989416,-0.013686,-0.064732,-0.129144
1640841576025179904,-1.609636,-1.097977,2.319378,0.989325,-0.013699,-0.064457,-0.129976
1640841576026659840,-1.611707,-1.097824,2.320108,0.989296,-0.013721,-0.064357,-0.130240
1640841576029779968,-1.616079,-1.097497,2.321648,0.989238,-0.013791,-0.064131,-0.130790
1640841576030520064,-1.617117,-1.097419,2.322012,0.989224,-0.013811,-0.064074,-0.130918
1640841576034739968,-1.623043,-1.096963,2.324091,0.989148,-0.013946,-0.063729,-0.131643
1640841576035499776,-1.624112,-1.096880,2.324465,0.989135,-0.013973,-0.063662,-0.131773
1640841576039840000,-1.630222,-1.096396,2.326599,0.989058,-0.014118,-0.063248,-0.132530
1640841576046159872,-1.639142,-1.095667,2.329699,0.988947,-0.014299,-0.062539,-0.133672
1640841576046969856,-1.640287,-1.095572,2.330096,0.988933,-0.014322,-0.062440,-0.133818
1640841576047369984,-1.640853,-1.095525,2.330292,0.988926,-0.014333,-0.062390,-0.133890
1640841576049909760,-1.644447,-1.095222,2.331535,0.988884,-0.014407,-0.062064,-0.134344
1640841576051519744,-1.646728,-1.095028,2.332322,0.988859,-0.014456,-0.061849,-0.134625
1640841576054819840,-1.651408,-1.094624,2.333935,0.988808,-0.014569,-0.061391,-0.135194
1640841576055719936,-1.652685,-1.094512,2.334374,0.988795,-0.014603,-0.061263,-0.135348
1640841576062399744,-1.662183,-1.093668,2.337629,0.988692,-0.014907,-0.060284,-0.136496
1640841576063099904,-1.663180,-1.093577,2.337970,0.988681,-0.014942,-0.060179,-0.136618
1640841576065399808,-1.666458,-1.093278,2.339088,0.988645,-0.015059,-0.059835,-0.137019
1640841576065909760,-1.667185,-1.093211,2.339335,0.988637,-0.015084,-0.059759,-0.137108
1640841576069870080,-1.672837,-1.092686,2.341257,0.988573,-0.015259,-0.059168,-0.137802
1640841576070540032,-1.673795,-1.092596,2.341582,0.988562,-0.015283,-0.059068,-0.137919
1640841576075029760,-1.680216,-1.091985,2.343756,0.988490,-0.015403,-0.058409,-0.138703
1640841576076499968,-1.682321,-1.091782,2.344467,0.988466,-0.015426,-0.058196,-0.138959
1640841576080260096,-1.687712,-1.091256,2.346283,0.988406,-0.015454,-0.057659,-0.139610
1640841576081019904,-1.688802,-1.091148,2.346649,0.988393,-0.015454,-0.057551,-0.139740
1640841576084790016,-1.694216,-1.090609,2.348465,0.988333,-0.015436,-0.057022,-0.140387
1640841576086289920,-1.696372,-1.090391,2.349187,0.988309,-0.015426,-0.056809,-0.140644
1640841576089959936,-1.701653,-1.089852,2.350950,0.988249,-0.015416,-0.056265,-0.141280
1640841576090880000,-1.702978,-1.089716,2.351392,0.988234,-0.015421,-0.056121,-0.141442
1640841576095840000,-1.710130,-1.088969,2.353768,0.988152,-0.015497,-0.055304,-0.142323
1640841576096590080,-1.711212,-1.088855,2.354127,0.988140,-0.015513,-0.055179,-0.142456
1640841576099889920,-1.715978,-1.088347,2.355704,0.988085,-0.015585,-0.054640,-0.143034
1640841576100509952,-1.716874,-1.088250,2.355999,0.988075,-0.015599,-0.054542,-0.143141
1640841576104899840,-1.723225,-1.087560,2.358092,0.988002,-0.015694,-0.053868,-0.143886
1640841576106179840,-1.725078,-1.087357,2.358701,0.987981,-0.015724,-0.053674,-0.144102
1640841576110400000,-1.731194,-1.086676,2.360706,0.987910,-0.015839,-0.053022,-0.144817
1640841576111429888,-1.732688,-1.086509,2.361194,0.987892,-0.015872,-0.052857,-0.144994
1640841576114879744,-1.737696,-1.085940,2.362829,0.987833,-0.015999,-0.052289,-0.145588
1640841576115569920,-1.738698,-1.085826,2.363155,0.987821,-0.016028,-0.052172,-0.145706
1640841576119859968,-1.744934,-1.085105,2.365182,0.987749,-0.016236,-0.051422,-0.146436
1640841576120630016,-1.746055,-1.084974,2.365545,0.987737,-0.016279,-0.051284,-0.146566
1640841576125079808,-1.752533,-1.084210,2.367640,0.987664,-0.016567,-0.050464,-0.147307
1640841576126309888,-1.754325,-1.083996,2.368218,0.987643,-0.016660,-0.050233,-0.147512
1640841576129799936,-1.759413,-1.083384,2.369856,0.987584,-0.016960,-0.049573,-0.148098
1640841576130699776,-1.760726,-1.083225,2.370278,0.987568,-0.017047,-0.049402,-0.148251
1640841576134899968,-1.766857,-1.082473,2.372243,0.987491,-0.017489,-0.048599,-0.148975
1640841576135670016,-1.767982,-1.082334,2.372602,0.987477,-0.017574,-0.048449,-0.149109
1640841576139819776,-1.774048,-1.081576,2.374537,0.987399,-0.018038,-0.047623,-0.149835
1640841576140529920,-1.775086,-1.081445,2.374868,0.987385,-0.018116,-0.047478,-0.149959
1640841576144849920,-1.781409,-1.080640,2.376875,0.987305,-0.018573,-0.046563,-0.150716
1640841576145570048,-1.782463,-1.080505,2.377209,0.987292,-0.018647,-0.046406,-0.150842
1640841576149760000,-1.788601,-1.079709,2.379149,0.987216,-0.019087,-0.045466,-0.151568
1640841576150609920,-1.789847,-1.079546,2.379542,0.987201,-0.019178,-0.045270,-0.151714
1640841576155239936,-1.796638,-1.078649,2.381677,0.987118,-0.019686,-0.044195,-0.152505
1640841576156309760,-1.798208,-1.078439,2.382169,0.987098,-0.019803,-0.043946,-0.152687
1640841576159790080,-1.803318,-1.077752,2.383768,0.987034,-0.020181,-0.043145,-0.153281
1640841576160509952,-1.804375,-1.077608,2.384098,0.987021,-0.020257,-0.042982,-0.153404
1640841576164889856,-1.810812,-1.076728,2.386103,0.986936,-0.020710,-0.041998,-0.154155
1640841576165999872,-1.812444,-1.076502,2.386610,0.986915,-0.020821,-0.041747,-0.154346
1640841576169969920,-1.818283,-1.075688,2.388420,0.986838,-0.021212,-0.040833,-0.155029
1640841576171830016,-1.821020,-1.075303,2.389266,0.986802,-0.021391,-0.040391,-0.155349
1640841576174799872,-1.825392,-1.074682,2.390614,0.986745,-0.021670,-0.039668,-0.155859
1640841576175819776,-1.826894,-1.074467,2.391076,0.986725,-0.021764,-0.039416,-0.156035
1640841576179899904,-1.832903,-1.073600,2.392921,0.986646,-0.022130,-0.038394,-0.156737
1640841576180569856,-1.833890,-1.073457,2.393223,0.986633,-0.022188,-0.038225,-0.156852
1640841576184899840,-1.840272,-1.072521,2.395173,0.986547,-0.022555,-0.037130,-0.157599
1640841576185600000,-1.841304,-1.072368,2.395487,0.986533,-0.022613,-0.036954,-0.157720
1640841576189949952,-1.847719,-1.071411,2.397437,0.986444,-0.022988,-0.035888,-0.158468
1640841576190809856,-1.848988,-1.071220,2.397822,0.986426,-0.023066,-0.035684,-0.158615
1640841576194769920,-1.854830,-1.070333,2.399589,0.986341,-0.023435,-0.034765,-0.159292
1640841576195549952,-1.855981,-1.070157,2.399936,0.986324,-0.023508,-0.034586,-0.159426
1640841576199810048,-1.862269,-1.069187,2.401829,0.986229,-0.023901,-0.033600,-0.160162
1640841576203300096,-1.867421,-1.068382,2.403374,0.986150,-0.024216,-0.032773,-0.160773
1640841576205339904,-1.870433,-1.067907,2.404275,0.986103,-0.024407,-0.032284,-0.161130
1640841576205999872,-1.871407,-1.067753,2.404566,0.986088,-0.024471,-0.032126,-0.161244
1640841576210299904,-1.877757,-1.066739,2.406457,0.985988,-0.024935,-0.031091,-0.161983
1640841576211180032,-1.879057,-1.066530,2.406843,0.985968,-0.025041,-0.030879,-0.162131
1640841576214779904,-1.884374,-1.065667,2.408419,0.985883,-0.025512,-0.030011,-0.162734
1640841576215559936,-1.885526,-1.065479,2.408760,0.985865,-0.025621,-0.029822,-0.162865
1640841576219830016,-1.891833,-1.064440,2.410621,0.985759,-0.026254,-0.028772,-0.163590
1640841576220549888,-1.892896,-1.064263,2.410934,0.985741,-0.026366,-0.028592,-0.163715
1640841576225100032,-1.899616,-1.063138,2.412906,0.985620,-0.027086,-0.027430,-0.164519
1640841576225570048,-1.900310,-1.063020,2.413109,0.985608,-0.027160,-0.027308,-0.164603
1640841576229789952,-1.906542,-1.061960,2.414929,0.985494,-0.027812,-0.026200,-0.165356
1640841576230520064,-1.907620,-1.061775,2.415243,0.985474,-0.027919,-0.026006,-0.165484
1640841576235009792,-1.914249,-1.060629,2.417169,0.985356,-0.028554,-0.024801,-0.166264
1640841576235859968,-1.915504,-1.060410,2.417533,0.985333,-0.028672,-0.024570,-0.166410
1640841576239779840,-1.921290,-1.059393,2.419205,0.985230,-0.029229,-0.023494,-0.167081
1640841576240710144,-1.922663,-1.059150,2.419601,0.985205,-0.029367,-0.023236,-0.167240
1640841576244940032,-1.928903,-1.058035,2.421395,0.985089,-0.030008,-0.022054,-0.167965
1640841576245559808,-1.929818,-1.057870,2.421658,0.985072,-0.030103,-0.021881,-0.168072
1640841576250109952,-1.936528,-1.056653,2.423577,0.984942,-0.030783,-0.020609,-0.168868
1640841576251249920,-1.938208,-1.056345,2.424056,0.984909,-0.030947,-0.020292,-0.169071
1640841576254949888,-1.943661,-1.055339,2.425607,0.984799,-0.031462,-0.019264,-0.169733
1640841576255650048,-1.944693,-1.055147,2.425900,0.984778,-0.031557,-0.019069,-0.169859
1640841576259779840,-1.950775,-1.054009,2.427622,0.984655,-0.032101,-0.017912,-0.170598
1640841576260499968,-1.951835,-1.053809,2.427922,0.984633,-0.032193,-0.017709,-0.170726
1640841576264839936,-1.958222,-1.052594,2.429720,0.984503,-0.032742,-0.016478,-0.171492
1640841576266000128,-1.959929,-1.052267,2.430200,0.984468,-0.032888,-0.016149,-0.171696
1640841576269860096,-1.965605,-1.051170,2.431789,0.984351,-0.033383,-0.015064,-0.172373
1640841576270619904,-1.966721,-1.050952,2.432101,0.984327,-0.033482,-0.014853,-0.172507
1640841576274909952,-1.973023,-1.049715,2.433857,0.984191,-0.034049,-0.013675,-0.173266
1640841576277210112,-1.976400,-1.049045,2.434795,0.984117,-0.034348,-0.013051,-0.173675
1640841576279909888,-1.980361,-1.048254,2.435892,0.984029,-0.034683,-0.012321,-0.174159
1640841576286659840,-1.990253,-1.046246,2.438617,0.983806,-0.035471,-0.010494,-0.175380
1640841576287379968,-1.991307,-1.046030,2.438907,0.983781,-0.035561,-0.010297,-0.175510
1640841576288549888,-1.993020,-1.045677,2.439376,0.983741,-0.035712,-0.009974,-0.175721
1640841576289779968,-1.994820,-1.045305,2.439869,0.983699,-0.035881,-0.009633,-0.175942
1640841576291200000,-1.996897,-1.044874,2.440437,0.983650,-0.036089,-0.009235,-0.176196
1640841576295279872,-2.002860,-1.043626,2.442062,0.983506,-0.036742,-0.008071,-0.176923
1640841576295980032,-2.003883,-1.043410,2.442340,0.983480,-0.036859,-0.007869,-0.177048
1640841576299820032,-2.009488,-1.042219,2.443861,0.983340,-0.037496,-0.006747,-0.177738
1640841576300989952,-2.011194,-1.041854,2.444322,0.983297,-0.037683,-0.006401,-0.177951
1640841576304760064,-2.016688,-1.040668,2.445805,0.983155,-0.038268,-0.005276,-0.178645
1640841576305600000,-2.017911,-1.040402,2.446134,0.983123,-0.038397,-0.005022,-0.178801
1640841576310259712,-2.024690,-1.038916,2.447953,0.982943,-0.039137,-0.003592,-0.179661
1640841576311409920,-2.026362,-1.038546,2.448400,0.982898,-0.039332,-0.003232,-0.179871
1640841576315660032,-2.032532,-1.037169,2.450045,0.982730,-0.040126,-0.001875,-0.180634
1640841576316399872,-2.033606,-1.036928,2.450331,0.982700,-0.040278,-0.001634,-0.180763
1640841576319869952,-2.038635,-1.035789,2.451665,0.982559,-0.041040,-0.000489,-0.181364
1640841576320699904,-2.039837,-1.035515,2.451984,0.982525,-0.041220,-0.000214,-0.181509
1640841576325059840,-2.046144,-1.034065,2.453649,0.982342,-0.042037,0.001212,-0.182306
1640841576325809920,-2.047228,-1.033814,2.453934,0.982310,-0.042159,0.001456,-0.182448
1640841576329839872,-2.053045,-1.032456,2.455461,0.982137,-0.042759,0.002775,-0.183223
1640841576330579968,-2.054112,-1.032205,2.455741,0.982105,-0.042863,0.003020,-0.183366
1640841576334990080,-2.060464,-1.030699,2.457399,0.981914,-0.043479,0.004506,-0.184212
1640841576335859968,-2.061716,-1.030400,2.457725,0.981876,-0.043602,0.004801,-0.184378
1640841576339769856,-2.067334,-1.029046,2.459184,0.981703,-0.044173,0.006109,-0.185122
1640841576340519936,-2.068411,-1.028784,2.459463,0.981670,-0.044288,0.006353,-0.185265
1640841576345339904,-2.075319,-1.027093,2.461247,0.981449,-0.045050,0.007891,-0.186186
1640841576346619904,-2.077151,-1.026640,2.461719,0.981390,-0.045257,0.008298,-0.186432
1640841576349910016,-2.081854,-1.025468,2.462926,0.981235,-0.045782,0.009367,-0.187067
1640841576350589952,-2.082825,-1.025225,2.463175,0.981203,-0.045889,0.009593,-0.187198
1640841576358939904,-2.094718,-1.022200,2.466206,0.980801,-0.047167,0.012411,-0.188815
1640841576359409920,-2.095386,-1.022028,2.466376,0.980778,-0.047238,0.012568,-0.188906
1640841576359859968,-2.096025,-1.021863,2.466538,0.980756,-0.047305,0.012718,-0.188992
1640841576360770048,-2.097317,-1.021528,2.466865,0.980712,-0.047442,0.013020,-0.189167
1640841576365039872,-2.103370,-1.019948,2.468394,0.980503,-0.048083,0.014421,-0.189985
1640841576365769984,-2.104404,-1.019676,2.468654,0.980467,-0.048194,0.014660,-0.190125
1640841576370859776,-2.111596,-1.017766,2.470460,0.980212,-0.048993,0.016347,-0.191094
1640841576371520000,-2.112527,-1.017516,2.470693,0.980178,-0.049102,0.016571,-0.191220
1640841576375639808,-2.118328,-1.015949,2.472141,0.979965,-0.049805,0.017996,-0.192001
1640841576376309760,-2.119270,-1.015692,2.472375,0.979930,-0.049924,0.018232,-0.192128
1640841576380349952,-2.124941,-1.014136,2.473783,0.979715,-0.050668,0.019663,-0.192883
1640841576382109952,-2.127407,-1.013453,2.474393,0.979621,-0.051007,0.020290,-0.193207
1640841576385929728,-2.132748,-1.011960,2.475711,0.979415,-0.051755,0.021646,-0.193904
1640841576387239936,-2.134577,-1.011445,2.476160,0.979344,-0.052010,0.022108,-0.194143
1640841576389789696,-2.138130,-1.010437,2.477032,0.979205,-0.052496,0.023001,-0.194610
1640841576390640128,-2.139314,-1.010099,2.477322,0.979158,-0.052654,0.023296,-0.194767
1640841576395219968,-2.145676,-1.008268,2.478875,0.978906,-0.053469,0.024882,-0.195616
1640841576396590080,-2.147575,-1.007717,2.479337,0.978830,-0.053704,0.025358,-0.195871
1640841576399789824,-2.152002,-1.006420,2.480412,0.978651,-0.054241,0.026486,-0.196468
1640841576400539904,-2.153038,-1.006115,2.480663,0.978608,-0.054365,0.026754,-0.196608
1640841576404800000,-2.158911,-1.004370,2.482080,0.978366,-0.055056,0.028300,-0.197405
1640841576405580032,-2.159984,-1.004048,2.482339,0.978321,-0.055181,0.028586,-0.197552
1640841576411279872,-2.167804,-1.001680,2.484214,0.977986,-0.056067,0.030672,-0.198644
1640841576411929856,-2.168694,-1.001408,2.484426,0.977947,-0.056166,0.030908,-0.198771
1640841576414799872,-2.172615,-1.000201,2.485361,0.977773,-0.056600,0.031944,-0.199337
1640841576416509952,-2.174947,-0.999477,2.485915,0.977669,-0.056859,0.032558,-0.199675
1640841576419819776,-2.179450,-0.998069,2.486983,0.977466,-0.057371,0.033739,-0.200325
1640841576420620032,-2.180536,-0.997727,2.487240,0.977417,-0.057498,0.034024,-0.200481
1640841576425179904,-2.186713,-0.995764,2.488696,0.977135,-0.058231,0.035639,-0.201361
1640841576428220160,-2.190817,-0.994443,2.489658,0.976946,-0.058716,0.036708,-0.201946
1640841576429789952,-2.192931,-0.993757,2.490153,0.976848,-0.058959,0.037257,-0.202249
1640841576431869952,-2.195728,-0.992844,2.490806,0.976717,-0.059270,0.037981,-0.202653
1640841576434860032,-2.199737,-0.991525,2.491739,0.976528,-0.059689,0.039014,-0.203243
1640841576435649792,-2.200795,-0.991174,2.491985,0.976478,-0.059797,0.039286,-0.203400
1640841576439980032,-2.206576,-0.989243,2.493323,0.976198,-0.060440,0.040795,-0.204253
1640841576440579840,-2.207375,-0.988974,2.493507,0.976159,-0.060542,0.041008,-0.204369
1640841576447899904,-2.217083,-0.985658,2.495737,0.975665,-0.061966,0.043695,-0.205738
1640841576448419840,-2.217769,-0.985421,2.495893,0.975630,-0.062069,0.043892,-0.205835
1640841576449760000,-2.219538,-0.984807,2.496297,0.975537,-0.062330,0.044404,-0.206083
1640841576450559744,-2.220592,-0.984440,2.496537,0.975482,-0.062481,0.044711,-0.206231
1640841576455030016,-2.226465,-0.982375,2.497872,0.975172,-0.063284,0.046450,-0.207069
1640841576455600128,-2.227212,-0.982110,2.498041,0.975132,-0.063383,0.046673,-0.207177
1640841576460249856,-2.233287,-0.979936,2.499412,0.974801,-0.064188,0.048485,-0.208068
1640841576460859904,-2.234081,-0.979649,2.499591,0.974757,-0.064296,0.048720,-0.208186
1640841576464839936,-2.239251,-0.977768,2.500751,0.974467,-0.065000,0.050248,-0.208962
1640841576465590016,-2.240222,-0.977412,2.500968,0.974412,-0.065132,0.050536,-0.209107
1640841576469799936,-2.245659,-0.975400,2.502180,0.974105,-0.065855,0.052167,-0.209908
1640841576470649856,-2.246753,-0.974992,2.502423,0.974044,-0.065995,0.052501,-0.210066
1640841576475100160,-2.252464,-0.972841,2.503688,0.973724,-0.066696,0.054267,-0.210875
1640841576476039936,-2.253665,-0.972384,2.503953,0.973656,-0.066838,0.054640,-0.211046
1640841576479810048,-2.258472,-0.970541,2.505011,0.973382,-0.067397,0.056118,-0.211746
1640841576480739840,-2.259654,-0.970084,2.505270,0.973313,-0.067533,0.056476,-0.211924
1640841576484819968,-2.264824,-0.968069,2.506400,0.973006,-0.068115,0.058025,-0.212727
1640841576485609984,-2.265821,-0.967677,2.506617,0.972946,-0.068225,0.058323,-0.212885
1640841576490000128,-2.271346,-0.965485,2.507816,0.972611,-0.068816,0.059981,-0.213764
1640841576490850048,-2.272412,-0.965058,2.508047,0.972546,-0.068926,0.060305,-0.213933
1640841576495460096,-2.278171,-0.962729,2.509288,0.972195,-0.069493,0.062087,-0.214832
1640841576496049920,-2.278905,-0.962430,2.509446,0.972150,-0.069562,0.062317,-0.214946
1640841576499830016,-2.283596,-0.960501,2.510450,0.971865,-0.069981,0.063779,-0.215671
1640841576500689920,-2.284659,-0.960061,2.510677,0.971800,-0.070071,0.064108,-0.215836
1640841576504760064,-2.289675,-0.957963,2.511744,0.971494,-0.070479,0.065641,-0.216620
1640841576505809920,-2.290964,-0.957419,2.512018,0.971414,-0.070585,0.066032,-0.216822
1640841576509920000,-2.295990,-0.955279,2.513079,0.971100,-0.071029,0.067566,-0.217611
1640841576511229952,-2.297585,-0.954593,2.513415,0.970998,-0.071185,0.068058,-0.217862
1640841576515049984,-2.302219,-0.952582,2.514386,0.970698,-0.071666,0.069500,-0.218586
1640841576515620096,-2.302908,-0.952281,2.514530,0.970653,-0.071739,0.069716,-0.218693
1640841576519759872,-2.307894,-0.950081,2.515569,0.970324,-0.072269,0.071294,-0.219467
1640841576524869888,-2.314003,-0.947341,2.516832,0.969917,-0.072903,0.073255,-0.220409
1640841576525469952,-2.314717,-0.947018,2.516979,0.969869,-0.072978,0.073486,-0.220519
1640841576525920000,-2.315252,-0.946775,2.517090,0.969833,-0.073033,0.073659,-0.220601
1640841576529889792,-2.319954,-0.944623,2.518055,0.969514,-0.073535,0.075183,-0.221319
1640841576530959872,-2.321216,-0.944040,2.518313,0.969428,-0.073674,0.075593,-0.221511
1640841576534809856,-2.325738,-0.941933,2.519234,0.969116,-0.074188,0.077066,-0.222196
1640841576535609856,-2.326674,-0.941493,2.519424,0.969051,-0.074295,0.077373,-0.222338
1640841576539789824,-2.331543,-0.939184,2.520408,0.968708,-0.074851,0.078993,-0.223077
1640841576540519936,-2.332389,-0.938779,2.520579,0.968647,-0.074945,0.079279,-0.223206
1640841576545080064,-2.337653,-0.936235,2.521635,0.968267,-0.075522,0.081078,-0.224011
1640841576545739776,-2.338411,-0.935865,2.521786,0.968212,-0.075603,0.081339,-0.224128
1640841576550560000,-2.343920,-0.933150,2.522882,0.967807,-0.076183,0.083238,-0.224982
1640841576551069952,-2.344500,-0.932861,2.522997,0.967764,-0.076243,0.083437,-0.225073
1640841576554919936,-2.348861,-0.930673,2.523858,0.967439,-0.076678,0.084935,-0.225760
1640841576555889920,-2.349954,-0.930120,2.524074,0.967358,-0.076781,0.085311,-0.225933
1640841576559810048,-2.354353,-0.927872,2.524935,0.967028,-0.077167,0.086819,-0.226639
1640841576560689920,-2.355336,-0.927365,2.525127,0.966954,-0.077247,0.087157,-0.226798
1640841576564819712,-2.359925,-0.924977,2.526020,0.966606,-0.077593,0.088740,-0.227548
1640841576566010112,-2.361241,-0.924285,2.526274,0.966505,-0.077687,0.089197,-0.227765
1640841576570200064,-2.365848,-0.921839,2.527162,0.966148,-0.078003,0.090817,-0.228532
1640841576570759936,-2.366460,-0.921511,2.527279,0.966099,-0.078045,0.091036,-0.228634
1640841576575150080,-2.371238,-0.918926,2.528192,0.965719,-0.078354,0.092750,-0.229443
1640841576575739904,-2.371877,-0.918578,2.528314,0.965669,-0.078392,0.092979,-0.229552
1640841576579830016,-2.376284,-0.916150,2.529149,0.965319,-0.078607,0.094538,-0.230310
1640841576580529920,-2.377034,-0.915733,2.529291,0.965260,-0.078635,0.094799,-0.230440
1640841576586850048,-2.383756,-0.911944,2.530552,0.964737,-0.078813,0.097090,-0.231614
1640841576587649792,-2.384600,-0.911461,2.530709,0.964671,-0.078832,0.097375,-0.231762
1640841576589849856,-2.386913,-0.910132,2.531140,0.964490,-0.078888,0.098156,-0.232168
1640841576590720000,-2.387825,-0.909604,2.531309,0.964418,-0.078913,0.098465,-0.232328
1640841576594810112,-2.392087,-0.907116,2.532095,0.964075,-0.079074,0.099925,-0.233072
1640841576595589888,-2.392895,-0.906639,2.532244,0.964008,-0.079114,0.100205,-0.233213
1640841576599859968,-2.397294,-0.904020,2.533048,0.963641,-0.079344,0.101745,-0.233983
1640841576600630016,-2.398082,-0.903546,2.533192,0.963575,-0.079382,0.102021,-0.234123
1640841576604999936,-2.402529,-0.900844,2.533998,0.963198,-0.079584,0.103584,-0.234917
1640841576605659904,-2.403196,-0.900435,2.534118,0.963141,-0.079613,0.103819,-0.235037
1640841576613549824,-2.411092,-0.895505,2.535530,0.962455,-0.080001,0.106648,-0.236445
1640841576614099968,-2.411636,-0.895159,2.535627,0.962407,-0.080030,0.106846,-0.236541
1640841576615559936,-2.413078,-0.894240,2.535882,0.962280,-0.080109,0.107371,-0.236796
1640841576616189952,-2.413698,-0.893843,2.535991,0.962225,-0.080142,0.107596,-0.236905
1640841576619899904,-2.417332,-0.891495,2.536630,0.961902,-0.080324,0.108914,-0.237550
1640841576620630016,-2.418042,-0.891032,2.536755,0.961839,-0.080355,0.109169,-0.237678
1640841576624770048,-2.422047,-0.888394,2.537452,0.961484,-0.080503,0.110605,-0.238401
1640841576625579776,-2.422826,-0.887876,2.537587,0.961414,-0.080527,0.110885,-0.238544
1640841576629880064,-2.426929,-0.885116,2.538295,0.961043,-0.080636,0.112380,-0.239302
1640841576630779904,-2.427782,-0.884537,2.538441,0.960964,-0.080656,0.112697,-0.239461
1640841576634899968,-2.431658,-0.881874,2.539102,0.960602,-0.080732,0.114160,-0.240194
1640841576635589888,-2.432303,-0.881426,2.539211,0.960541,-0.080742,0.114406,-0.240317
1640841576639869952,-2.436275,-0.878640,2.539881,0.960166,-0.080777,0.115921,-0.241080
1640841576640600064,-2.436947,-0.878164,2.539994,0.960102,-0.080778,0.116177,-0.241210
1640841576645179904,-2.441134,-0.875162,2.540691,0.959706,-0.080754,0.117762,-0.242024
1640841576646159872,-2.442022,-0.874517,2.540839,0.959622,-0.080742,0.118096,-0.242197
1640841576649890048,-2.445380,-0.872055,2.541392,0.959306,-0.080677,0.119353,-0.242854
1640841576650859776,-2.446246,-0.871413,2.541533,0.959225,-0.080655,0.119676,-0.243024
1640841576654840064,-2.449777,-0.868770,2.542108,0.958895,-0.080539,0.120984,-0.243713
1640841576656029952,-2.450824,-0.867977,2.542278,0.958799,-0.080495,0.121369,-0.243917
1640841576659780096,-2.454098,-0.865470,2.542804,0.958498,-0.080326,0.122572,-0.244551
1640841576660809984,-2.454990,-0.864779,2.542946,0.958417,-0.080271,0.122900,-0.244722
1640841576665089792,-2.458666,-0.861900,2.543530,0.958085,-0.080023,0.124248,-0.245421
1640841576666279936,-2.459679,-0.861097,2.543689,0.957994,-0.079951,0.124621,-0.245611
1640841576669789952,-2.462644,-0.858720,2.544153,0.957728,-0.079741,0.125718,-0.246159
1640841576670830080,-2.463516,-0.858014,2.544289,0.957649,-0.079681,0.126042,-0.246317
1640841576674830080,-2.466840,-0.855291,2.544803,0.957349,-0.079474,0.127292,-0.246908
1640841576675709952,-2.467565,-0.854690,2.544914,0.957283,-0.079432,0.127568,-0.247034
1640841576679889920,-2.470979,-0.851827,2.545434,0.956973,-0.079244,0.128878,-0.247615
1640841576680809984,-2.471724,-0.851195,2.545547,0.956906,-0.079203,0.129168,-0.247738
1640841576685039872,-2.475117,-0.848280,2.546056,0.956598,-0.079012,0.130500,-0.248290
1640841576685740032,-2.475673,-0.847797,2.546138,0.956547,-0.078979,0.130720,-0.248380
1640841576689869824,-2.478927,-0.844935,2.546619,0.956252,-0.078765,0.132004,-0.248905
1640841576690680064,-2.479559,-0.844373,2.546712,0.956194,-0.078718,0.132252,-0.249009
1640841576695579904,-2.483343,-0.840958,2.547262,0.955851,-0.078403,0.133727,-0.249638
1640841576696359936,-2.483939,-0.840413,2.547347,0.955797,-0.078349,0.133960,-0.249737
1640841576700059904,-2.486740,-0.837820,2.547748,0.955543,-0.078088,0.135069,-0.250191
1640841576700709888,-2.487228,-0.837364,2.547817,0.955499,-0.078042,0.135265,-0.250268
1640841576704769792,-2.490247,-0.834506,2.548241,0.955227,-0.077747,0.136497,-0.250729
1640841576705629952,-2.490881,-0.833899,2.548329,0.955170,-0.077683,0.136759,-0.250823
1640841576709760000,-2.493891,-0.830976,2.548745,0.954900,-0.077367,0.138022,-0.251258
1640841576710599936,-2.494497,-0.830381,2.548828,0.954846,-0.077301,0.138279,-0.251343
1640841576716640000,-2.498791,-0.826082,2.549407,0.954460,-0.076799,0.140126,-0.251937
1640841576717700096,-2.499533,-0.825325,2.549506,0.954394,-0.076706,0.140449,-0.252038
1640841576719769856,-2.500972,-0.823845,2.549696,0.954264,-0.076518,0.141078,-0.252234
1640841576720859904,-2.501725,-0.823064,2.549794,0.954196,-0.076414,0.141409,-0.252336
1640841576725669888,-2.505003,-0.819610,2.550219,0.953901,-0.075877,0.142873,-0.252790
1640841576726400000,-2.505494,-0.819085,2.550282,0.953857,-0.075786,0.143094,-0.252858
1640841576729949952,-2.507860,-0.816524,2.550581,0.953650,-0.075324,0.144144,-0.253182
1640841576732509952,-2.509541,-0.814673,2.550791,0.953507,-0.074974,0.144875,-0.253406
1640841576734889984,-2.511087,-0.812948,2.550982,0.953379,-0.074642,0.145538,-0.253607
1640841576735559936,-2.511518,-0.812462,2.551035,0.953343,-0.074547,0.145722,-0.253663
1640841576739729920,-2.514174,-0.809430,2.551356,0.953127,-0.073958,0.146846,-0.253998
1640841576740519936,-2.514671,-0.808854,2.551415,0.953087,-0.073847,0.147056,-0.254059
1640841576745019904,-2.517465,-0.805568,2.551743,0.952864,-0.073220,0.148236,-0.254392
1640841576746699776,-2.518492,-0.804339,2.551861,0.952782,-0.072991,0.148674,-0.254507
1640841576750609920,-2.520846,-0.801471,2.552129,0.952598,-0.072471,0.149691,-0.254749
1640841576751709952,-2.521500,-0.800663,2.552202,0.952548,-0.072329,0.149979,-0.254810
1640841576754839808,-2.523339,-0.798360,2.552404,0.952407,-0.071929,0.150797,-0.254966
1640841576755610112,-2.523787,-0.797792,2.552453,0.952373,-0.071831,0.150998,-0.255002
1640841576759840000,-2.526212,-0.794670,2.552712,0.952193,-0.071278,0.152081,-0.255184
1640841576760599808,-2.526642,-0.794108,2.552758,0.952162,-0.071175,0.152272,-0.255216
1640841576764889856,-2.529032,-0.790930,2.553004,0.951991,-0.070566,0.153338,-0.255384
1640841576766579968,-2.529958,-0.789676,2.553097,0.951926,-0.070313,0.153757,-0.255445
1640841576769779968,-2.531685,-0.787298,2.553267,0.951805,-0.069810,0.154557,-0.255552
1640841576770639872,-2.532143,-0.786658,2.553312,0.951773,-0.069669,0.154774,-0.255578
1640841576774739968,-2.534296,-0.783602,2.553516,0.951623,-0.068970,0.155816,-0.255693
1640841576775559936,-2.534720,-0.782990,2.553555,0.951594,-0.068826,0.156023,-0.255713
1640841576779899904,-2.536928,-0.779746,2.553755,0.951447,-0.068051,0.157085,-0.255815
1640841576780930048,-2.537443,-0.778975,2.553800,0.951415,-0.067864,0.157327,-0.255837
1640841576784969728,-2.539428,-0.775948,2.553970,0.951296,-0.067115,0.158241,-0.255912
1640841576786340096,-2.540090,-0.774919,2.554024,0.951259,-0.066852,0.158542,-0.255932
1640841576789829888,-2.541746,-0.772297,2.554157,0.951173,-0.066149,0.159295,-0.255968
1640841576790629888,-2.542120,-0.771695,2.554187,0.951154,-0.065981,0.159465,-0.255974
1640841576794870016,-2.544067,-0.768503,2.554333,0.951063,-0.065056,0.160364,-0.255988
1640841576795609856,-2.544401,-0.767945,2.554358,0.951048,-0.064890,0.160521,-0.255989
1640841576800060160,-2.546369,-0.764587,2.554495,0.950954,-0.063879,0.161460,-0.256000
1640841576801110016,-2.546824,-0.763794,2.554525,0.950932,-0.063637,0.161681,-0.256003
1640841576804930048,-2.548448,-0.760905,2.554628,0.950853,-0.062748,0.162481,-0.256009
1640841576805619968,-2.548736,-0.760383,2.554646,0.950840,-0.062586,0.162623,-0.256008
1640841576809769984,-2.550435,-0.757241,2.554743,0.950767,-0.061588,0.163465,-0.255983
1640841576811159808,-2.550991,-0.756187,2.554773,0.950747,-0.061247,0.163740,-0.255966
1640841576814810112,-2.552420,-0.753418,2.554845,0.950699,-0.060347,0.164449,-0.255904
1640841576815619840,-2.552731,-0.752803,2.554860,0.950689,-0.060147,0.164603,-0.255886
1640841576819789824,-2.554297,-0.749636,2.554928,0.950644,-0.059130,0.165390,-0.255783
1640841576820590080,-2.554591,-0.749028,2.554939,0.950636,-0.058938,0.165539,-0.255761
1640841576825100032,-2.556206,-0.745599,2.554996,0.950594,-0.057876,0.166372,-0.255620
1640841576825749760,-2.556433,-0.745104,2.555003,0.950589,-0.057725,0.166491,-0.255597
1640841576829769728,-2.557806,-0.742044,2.555039,0.950558,-0.056806,0.167219,-0.255442
1640841576831149824,-2.558264,-0.740994,2.555049,0.950549,-0.056494,0.167466,-0.255383
1640841576834889984,-2.559474,-0.738145,2.555070,0.950530,-0.055647,0.168131,-0.255203
1640841576835599872,-2.559698,-0.737604,2.555072,0.950527,-0.055484,0.168257,-0.255166
1640841576839869952,-2.561010,-0.734349,2.555081,0.950521,-0.054473,0.169013,-0.254907
1640841576840620032,-2.561234,-0.733778,2.555081,0.950521,-0.054290,0.169146,-0.254857
1640841576844819968,-2.562453,-0.730576,2.555076,0.950527,-0.053234,0.169890,-0.254562
1640841576845649920,-2.562686,-0.729943,2.555073,0.950529,-0.053020,0.170037,-0.254502
1640841576849969920,-2.563864,-0.726649,2.555052,0.950534,-0.051887,0.170806,-0.254201
1640841576850819840,-2.564088,-0.726001,2.555047,0.950534,-0.051660,0.170958,-0.254143
1640841576854840064,-2.565114,-0.722936,2.555014,0.950535,-0.050573,0.171679,-0.253875
1640841576856019968,-2.565404,-0.722036,2.555002,0.950535,-0.050249,0.171891,-0.253795
1640841576860509952,-2.566466,-0.718614,2.554948,0.950539,-0.048996,0.172704,-0.253474
1640841576861260032,-2.566636,-0.718043,2.554938,0.950540,-0.048783,0.172839,-0.253417
1640841576864739840,-2.567401,-0.715392,2.554886,0.950552,-0.047779,0.173458,-0.253140
1640841576865929728,-2.567653,-0.714486,2.554866,0.950559,-0.047428,0.173663,-0.253041
1640841576870390016,-2.568554,-0.711091,2.554784,0.950597,-0.046069,0.174384,-0.252654
1640841576871130112,-2.568696,-0.710528,2.554770,0.950605,-0.045836,0.174495,-0.252587
1640841576875030016,-2.569417,-0.707562,2.554686,0.950659,-0.044578,0.175047,-0.252226
1640841576875759872,-2.569546,-0.707007,2.554669,0.950670,-0.044338,0.175146,-0.252158
1640841576879949824,-2.570250,-0.703824,2.554566,0.950733,-0.042945,0.175719,-0.251766
1640841576880899840,-2.570401,-0.703103,2.554541,0.950746,-0.042626,0.175851,-0.251678
1640841576884839936,-2.570993,-0.700114,2.554432,0.950801,-0.041295,0.176400,-0.251307
1640841576885619968,-2.571104,-0.699523,2.554409,0.950812,-0.041029,0.176507,-0.251232
1640841576890199808,-2.571712,-0.696055,2.554268,0.950886,-0.039457,0.177118,-0.250774
1640841576890889984,-2.571797,-0.695533,2.554245,0.950899,-0.039218,0.177207,-0.250702
1640841576894860032,-2.572255,-0.692531,2.554111,0.950975,-0.037846,0.177704,-0.250270
1640841576895680000,-2.572342,-0.691912,2.554082,0.950992,-0.037563,0.177806,-0.250177
1640841576899760128,-2.572743,-0.688834,2.553932,0.951078,-0.036170,0.178310,-0.249695
1640841576900719872,-2.572829,-0.688111,2.553895,0.951099,-0.035845,0.178429,-0.249578
1640841576906370048,-2.573267,-0.683860,2.553668,0.951225,-0.033941,0.179128,-0.248862
1640841576907849984,-2.573364,-0.682748,2.553606,0.951259,-0.033441,0.179308,-0.248669
1640841576910899968,-2.573538,-0.680460,2.553473,0.951331,-0.032404,0.179677,-0.248267
1640841576911439872,-2.573565,-0.680056,2.553449,0.951343,-0.032219,0.179742,-0.248195
1640841576914819840,-2.573713,-0.677526,2.553295,0.951426,-0.031058,0.180144,-0.247736
1640841576915609856,-2.573742,-0.676935,2.553258,0.951445,-0.030785,0.180237,-0.247627
1640841576920019968,-2.573862,-0.673643,2.553045,0.951559,-0.029252,0.180758,-0.246997
1640841576920640000,-2.573873,-0.673181,2.553014,0.951575,-0.029035,0.180831,-0.246905
1640841576924859904,-2.573915,-0.670041,2.552799,0.951689,-0.027545,0.181330,-0.246270
1640841576925599744,-2.573915,-0.669492,2.552761,0.951709,-0.027281,0.181418,-0.246157
1640841576929719808,-2.573884,-0.666437,2.552540,0.951821,-0.025790,0.181912,-0.245518
1640841576930599936,-2.573870,-0.665785,2.552492,0.951845,-0.025467,0.182018,-0.245380
1640841576934809856,-2.573763,-0.662675,2.552256,0.951959,-0.023889,0.182529,-0.244719
1640841576935749888,-2.573730,-0.661982,2.552201,0.951984,-0.023529,0.182642,-0.244572
1640841576939929856,-2.573548,-0.658907,2.551956,0.952094,-0.021884,0.183143,-0.243919
1640841576940879872,-2.573498,-0.658209,2.551899,0.952119,-0.021500,0.183255,-0.243771
1640841576944989952,-2.573244,-0.655198,2.551647,0.952228,-0.019801,0.183728,-0.243133
1640841576945689856,-2.573195,-0.654687,2.551603,0.952247,-0.019506,0.183806,-0.243024
1640841576949740032,-2.572877,-0.651732,2.551346,0.952359,-0.017774,0.184240,-0.242388
1640841576950639872,-2.572799,-0.651077,2.551287,0.952385,-0.017384,0.184332,-0.242245
1640841576955049984,-2.572372,-0.647875,2.550996,0.952516,-0.015448,0.184759,-0.241536
1640841576956169728,-2.572253,-0.647065,2.550921,0.952550,-0.014950,0.184861,-0.241354
1640841576960209920,-2.571786,-0.644147,2.550644,0.952677,-0.013134,0.185210,-0.240689
1640841576960700160,-2.571726,-0.643794,2.550610,0.952693,-0.012912,0.185251,-0.240608
1640841576964920064,-2.571169,-0.640761,2.550313,0.952829,-0.010993,0.185589,-0.239902
1640841576965760000,-2.571051,-0.640159,2.550253,0.952856,-0.010610,0.185655,-0.239762
1640841576970710016,-2.570303,-0.636622,2.549892,0.953009,-0.008361,0.186049,-0.238934
1640841576971439872,-2.570186,-0.636102,2.549838,0.953031,-0.008031,0.186108,-0.238813
1640841576974710016,-2.569636,-0.633778,2.549594,0.953128,-0.006555,0.186369,-0.238266
1640841576975790080,-2.569446,-0.633013,2.549512,0.953161,-0.006067,0.186452,-0.238083
1640841576980049920,-2.568657,-0.630003,2.549185,0.953297,-0.004136,0.186746,-0.237347
1640841576980849920,-2.568502,-0.629440,2.549123,0.953324,-0.003771,0.186795,-0.237206
1640841576985649920,-2.567523,-0.626071,2.548745,0.953494,-0.001585,0.187059,-0.236339
1640841576986809856,-2.567275,-0.625260,2.548652,0.953535,-0.001059,0.187121,-0.236127
1640841576989959936,-2.566575,-0.623063,2.548398,0.953643,0.000355,0.187296,-0.235552
1640841576990729728,-2.566399,-0.622528,2.548335,0.953669,0.000697,0.187341,-0.235412
1640841576994979840,-2.565389,-0.619582,2.547985,0.953807,0.002560,0.187599,-0.234633
1640841576995689984,-2.565214,-0.619092,2.547926,0.953830,0.002867,0.187642,-0.234501
1640841576999769856,-2.564175,-0.616283,2.547584,0.953967,0.004610,0.187880,-0.233725
1640841577002189824,-2.563531,-0.614625,2.547378,0.954052,0.005630,0.188008,-0.233252
1640841577004999936,-2.562757,-0.612708,2.547137,0.954155,0.006807,0.188140,-0.232694
1640841577005779968,-2.562537,-0.612177,2.547069,0.954184,0.007133,0.188172,-0.232538
1640841577009840128,-2.561360,-0.609423,2.546715,0.954339,0.008834,0.188312,-0.231727
1640841577011049984,-2.560998,-0.608606,2.546609,0.954386,0.009343,0.188345,-0.231486
1640841577014899968,-2.559812,-0.606016,2.546267,0.954533,0.010977,0.188449,-0.230723
1640841577015859968,-2.559508,-0.605373,2.546181,0.954568,0.011388,0.188479,-0.230535
1640841577019830016,-2.558218,-0.602723,2.545823,0.954701,0.013108,0.188638,-0.229758
1640841577021349888,-2.557709,-0.601713,2.545685,0.954748,0.013776,0.188715,-0.229463
1640841577024819968,-2.556518,-0.599418,2.545367,0.954850,0.015322,0.188897,-0.228789
1640841577025660160,-2.556223,-0.598864,2.545290,0.954875,0.015701,0.188939,-0.228625
1640841577030159872,-2.554604,-0.595912,2.544873,0.955017,0.017760,0.189108,-0.227739
1640841577031049984,-2.554275,-0.595331,2.544789,0.955047,0.018172,0.189130,-0.227562
1640841577034779904,-2.552868,-0.592906,2.544439,0.955175,0.019914,0.189195,-0.226824
1640841577035709952,-2.552509,-0.592304,2.544351,0.955207,0.020350,0.189205,-0.226641
1640841577040400128,-2.550657,-0.589284,2.543905,0.955366,0.022555,0.189239,-0.225732
1640841577041080064,-2.550382,-0.588848,2.543840,0.955389,0.022875,0.189242,-0.225602
1640841577045260032,-2.548657,-0.586183,2.543438,0.955525,0.024839,0.189255,-0.224807
1640841577046059776,-2.548320,-0.585675,2.543360,0.955551,0.025215,0.189256,-0.224655
1640841577050069760,-2.546598,-0.583143,2.542971,0.955682,0.027096,0.189252,-0.223878
1640841577051059968,-2.546164,-0.582521,2.542874,0.955715,0.027560,0.189248,-0.223682
1640841577054929920,-2.544437,-0.580102,2.542494,0.955847,0.029361,0.189227,-0.222906
1640841577056059904,-2.543923,-0.579400,2.542383,0.955886,0.029882,0.189218,-0.222677
1640841577059789824,-2.542195,-0.577092,2.542014,0.956016,0.031576,0.189177,-0.221921
1640841577060629760,-2.541799,-0.576575,2.541931,0.956045,0.031952,0.189166,-0.221751
1640841577064819712,-2.539790,-0.574010,2.541513,0.956192,0.033793,0.189096,-0.220902
1640841577065860096,-2.539282,-0.573377,2.541409,0.956229,0.034242,0.189076,-0.220690
1640841577071759872,-2.536330,-0.569815,2.540816,0.956445,0.036747,0.188936,-0.219466
1640841577073489920,-2.535442,-0.568780,2.540641,0.956511,0.037470,0.188888,-0.219098
1640841577074729984,-2.534800,-0.568040,2.540516,0.956559,0.037987,0.188852,-0.218832
1640841577075640064,-2.534325,-0.567499,2.540424,0.956594,0.038366,0.188825,-0.218636
1640841577079929856,-2.532048,-0.564963,2.539988,0.956757,0.040156,0.188698,-0.217707
1640841577080580096,-2.531698,-0.564581,2.539922,0.956782,0.040428,0.188679,-0.217566
1640841577084839936,-2.529367,-0.562094,2.539487,0.956940,0.042198,0.188551,-0.216642
1640841577085619968,-2.528933,-0.561641,2.539407,0.956969,0.042517,0.188527,-0.216473
1640841577090829824,-2.525986,-0.558641,2.538872,0.957164,0.044571,0.188351,-0.215349
1640841577091949824,-2.525341,-0.558001,2.538757,0.957206,0.044996,0.188309,-0.215108
1640841577094799872,-2.523679,-0.556382,2.538463,0.957315,0.046062,0.188194,-0.214499
1640841577095699968,-2.523149,-0.555873,2.538370,0.957349,0.046397,0.188155,-0.214308
1640841577099979776,-2.520591,-0.553471,2.537928,0.957513,0.048007,0.187947,-0.213401
1640841577100649728,-2.520185,-0.553098,2.537858,0.957539,0.048265,0.187910,-0.213260
1640841577105259776,-2.517350,-0.550547,2.537381,0.957713,0.050110,0.187629,-0.212295
1640841577106649856,-2.516482,-0.549784,2.537236,0.957765,0.050700,0.187533,-0.212006
1640841577109920000,-2.514414,-0.548002,2.536896,0.957886,0.052101,0.187300,-0.211327
1640841577111059968,-2.513685,-0.547385,2.536778,0.957927,0.052569,0.187223,-0.211090
1640841577115059968,-2.511093,-0.545236,2.536361,0.958075,0.054142,0.186960,-0.210254
1640841577116160000,-2.510371,-0.544649,2.536247,0.958117,0.054561,0.186886,-0.210022
1640841577119819776,-2.507940,-0.542712,2.535865,0.958259,0.055939,0.186618,-0.209246
1640841577120770048,-2.507302,-0.542213,2.535766,0.958298,0.056296,0.186542,-0.209042
1640841577124770048,-2.504582,-0.540127,2.535348,0.958463,0.057788,0.186198,-0.208183
1640841577125720064,-2.503929,-0.539636,2.535249,0.958502,0.058140,0.186113,-0.207978
1640841577129809920,-2.501082,-0.537538,2.534822,0.958673,0.059634,0.185743,-0.207098
1640841577131000064,-2.500244,-0.536932,2.534698,0.958722,0.060062,0.185637,-0.206843
1640841577136009984,-2.496664,-0.534411,2.534174,0.958929,0.061817,0.185187,-0.205766
1640841577136899840,-2.496019,-0.533967,2.534081,0.958966,0.062120,0.185106,-0.205573
1640841577139859968,-2.493858,-0.532502,2.533772,0.959093,0.063108,0.184833,-0.204929
1640841577140659712,-2.493269,-0.532109,2.533689,0.959127,0.063370,0.184757,-0.204753
1640841577145110016,-2.489955,-0.529941,2.533224,0.959326,0.064783,0.184326,-0.203766
1640841577146380032,-2.488998,-0.529329,2.533091,0.959384,0.065176,0.184199,-0.203483
1640841577149789696,-2.486403,-0.527699,2.532736,0.959541,0.066211,0.183851,-0.202721
1640841577150669824,-2.485727,-0.527281,2.532644,0.959582,0.066475,0.183760,-0.202525
1640841577154850048,-2.482483,-0.525318,2.532208,0.959775,0.067706,0.183321,-0.201597
1640841577155859968,-2.481691,-0.524848,2.532103,0.959821,0.067999,0.183215,-0.201375
1640841577159819776,-2.478555,-0.523025,2.531691,0.959999,0.069130,0.182801,-0.200514
1640841577160689920,-2.477860,-0.522628,2.531601,0.960038,0.069375,0.182711,-0.200327
1640841577164939776,-2.474428,-0.520709,2.531159,0.960223,0.070562,0.182273,-0.199425
1640841577165649920,-2.473849,-0.520391,2.531085,0.960253,0.070759,0.182199,-0.199275
1640841577171010048,-2.469429,-0.518025,2.530530,0.960486,0.072242,0.181631,-0.198136
1640841577172489984,-2.468193,-0.517382,2.530376,0.960551,0.072651,0.181468,-0.197819
1640841577174909952,-2.466158,-0.516338,2.530126,0.960658,0.073320,0.181194,-0.197302
1640841577175770112,-2.465430,-0.515969,2.530037,0.960697,0.073557,0.181095,-0.197119
1640841577180649984,-2.461258,-0.513905,2.529534,0.960915,0.074896,0.180504,-0.196091
1640841577181399808,-2.460610,-0.513592,2.529456,0.960949,0.075100,0.180409,-0.195934
1640841577185269760,-2.457241,-0.511993,2.529058,0.961126,0.076145,0.179900,-0.195128
1640841577187170048,-2.455571,-0.511218,2.528863,0.961215,0.076652,0.179639,-0.194731
1640841577190179840,-2.452902,-0.510004,2.528554,0.961360,0.077445,0.179210,-0.194096
1640841577190680064,-2.452456,-0.509804,2.528503,0.961385,0.077575,0.179136,-0.193989
1640841577194989824,-2.448581,-0.508102,2.528062,0.961604,0.078679,0.178483,-0.193059
1640841577195899904,-2.447755,-0.507747,2.527969,0.961651,0.078906,0.178341,-0.192862
1640841577199859968,-2.444135,-0.506220,2.527565,0.961860,0.079866,0.177706,-0.192008
1640841577200679936,-2.443379,-0.505908,2.527481,0.961904,0.080058,0.177572,-0.191833
1640841577205359872,-2.439030,-0.504152,2.527005,0.962154,0.081103,0.176794,-0.190858
1640841577206660096,-2.437810,-0.503671,2.526873,0.962224,0.081377,0.176575,-0.190589
1640841577210009856,-2.434645,-0.502449,2.526534,0.962409,0.082053,0.176004,-0.189893
1640841577210719744,-2.433970,-0.502192,2.526462,0.962449,0.082190,0.175883,-0.189743
1640841577215270144,-2.429608,-0.500574,2.526003,0.962714,0.083022,0.175101,-0.188756
1640841577216409856,-2.428506,-0.500175,2.525888,0.962782,0.083217,0.174906,-0.188502
1640841577219859712,-2.425148,-0.498983,2.525541,0.962992,0.083780,0.174319,-0.187726
1640841577223019776,-2.422042,-0.497911,2.525224,0.963184,0.084260,0.173790,-0.187013
1640841577224929792,-2.420151,-0.497274,2.525033,0.963301,0.084534,0.173473,-0.186583
1640841577225839872,-2.419246,-0.496973,2.524942,0.963356,0.084661,0.173322,-0.186379
1640841577229899776,-2.415181,-0.495649,2.524537,0.963602,0.085204,0.172650,-0.185481
1640841577230700032,-2.414374,-0.495392,2.524457,0.963651,0.085307,0.172516,-0.185306
1640841577235179776,-2.409825,-0.493977,2.524012,0.963925,0.085849,0.171759,-0.184330
1640841577235739904,-2.409253,-0.493803,2.523956,0.963960,0.085913,0.171662,-0.184207
1640841577239790080,-2.405085,-0.492564,2.523555,0.964218,0.086348,0.170947,-0.183313
1640841577240759808,-2.404081,-0.492272,2.523459,0.964282,0.086444,0.170771,-0.183096
1640841577244979968,-2.399679,-0.491024,2.523043,0.964564,0.086844,0.169996,-0.182140
1640841577245719808,-2.398902,-0.490809,2.522970,0.964614,0.086912,0.169861,-0.181972
1640841577249779968,-2.394613,-0.489649,2.522571,0.964875,0.087300,0.169150,-0.181064
1640841577250649856,-2.393688,-0.489405,2.522485,0.964928,0.087387,0.169005,-0.180873
1640841577255139840,-2.388881,-0.488169,2.522046,0.965195,0.087849,0.168272,-0.179903
1640841577256239872,-2.387696,-0.487873,2.521938,0.965260,0.087963,0.168091,-0.179668
1640841577259820032,-2.383814,-0.486926,2.521589,0.965474,0.088334,0.167478,-0.178910
1640841577260599808,-2.382964,-0.486723,2.521513,0.965521,0.088414,0.167339,-0.178746
1640841577264979712,-2.378159,-0.485607,2.521088,0.965789,0.088863,0.166532,-0.177828
1640841577265750016,-2.377309,-0.485414,2.521013,0.965836,0.088942,0.166386,-0.177668
1640841577269829888,-2.372780,-0.484417,2.520618,0.966088,0.089365,0.165597,-0.176821
1640841577270700032,-2.371808,-0.484208,2.520534,0.966142,0.089456,0.165426,-0.176641
1640841577275049984,-2.366921,-0.483190,2.520115,0.966411,0.089899,0.164563,-0.175746
1640841577276669952,-2.365089,-0.482821,2.519959,0.966512,0.090056,0.164238,-0.175414
1640841577279709696,-2.361632,-0.482143,2.519668,0.966703,0.090331,0.163624,-0.174793
1640841577280640000,-2.360570,-0.481939,2.519578,0.966762,0.090409,0.163435,-0.174604
1640841577284899840,-2.355675,-0.481029,2.519171,0.967035,0.090728,0.162563,-0.173737
1640841577285609984,-2.354855,-0.480881,2.519103,0.967081,0.090775,0.162416,-0.173593
1640841577290569984,-2.349089,-0.479875,2.518631,0.967411,0.091050,0.161374,-0.172581
1640841577292019968,-2.347392,-0.479591,2.518493,0.967510,0.091114,0.161064,-0.172284
1640841577294749952,-2.344182,-0.479067,2.518234,0.967697,0.091217,0.160477,-0.171723
1640841577295609856,-2.343167,-0.478905,2.518153,0.967756,0.091246,0.160292,-0.171546
1640841577299759872,-2.338244,-0.478145,2.517761,0.968040,0.091380,0.159409,-0.170695
1640841577300679936,-2.337146,-0.477982,2.517674,0.968102,0.091410,0.159217,-0.170507
1640841577305049856,-2.331906,-0.477228,2.517262,0.968394,0.091538,0.158316,-0.169614
1640841577308430080,-2.327820,-0.476672,2.516945,0.968624,0.091592,0.157620,-0.168922
1640841577312249856,-2.323170,-0.476072,2.516588,0.968893,0.091578,0.156817,-0.168132
1640841577312579840,-2.322767,-0.476021,2.516557,0.968917,0.091574,0.156747,-0.168064
1640841577314739968,-2.320120,-0.475696,2.516355,0.969072,0.091539,0.156284,-0.167616
1640841577315640064,-2.319014,-0.475564,2.516271,0.969137,0.091522,0.156090,-0.167429
1640841577319799808,-2.313876,-0.474972,2.515884,0.969438,0.091446,0.155183,-0.166572
1640841577320629760,-2.312846,-0.474858,2.515807,0.969497,0.091434,0.155001,-0.166402
1640841577325029888,-2.307359,-0.474278,2.515399,0.969810,0.091376,0.154028,-0.165511
1640841577325799936,-2.306394,-0.474181,2.515328,0.969864,0.091367,0.153858,-0.165357
1640841577329749760,-2.301422,-0.473699,2.514963,0.970140,0.091321,0.152985,-0.164573
1640841577330619904,-2.300322,-0.473597,2.514883,0.970200,0.091310,0.152793,-0.164403
1640841577334720000,-2.295115,-0.473138,2.514505,0.970483,0.091252,0.151887,-0.163605
1640841577335689984,-2.293878,-0.473034,2.514416,0.970550,0.091236,0.151671,-0.163417
1640841577340319744,-2.287942,-0.472564,2.513992,0.970871,0.091145,0.150626,-0.162524
1640841577341080064,-2.286962,-0.472491,2.513922,0.970924,0.091127,0.150452,-0.162377
1640841577346809856,-2.279539,-0.471977,2.513399,0.971329,0.090971,0.149107,-0.161278
1640841577347339776,-2.278848,-0.471933,2.513350,0.971367,0.090955,0.148979,-0.161178
1640841577349979904,-2.275400,-0.471720,2.513110,0.971555,0.090874,0.148338,-0.160684
1640841577350739968,-2.274405,-0.471662,2.513041,0.971609,0.090850,0.148152,-0.160543
1640841577354939904,-2.268880,-0.471358,2.512659,0.971908,0.090695,0.147108,-0.159774
1640841577355689984,-2.267890,-0.471308,2.512591,0.971962,0.090662,0.146920,-0.159637
1640841577360479744,-2.261535,-0.471010,2.512157,0.972314,0.090392,0.145714,-0.158752
1640841577361349888,-2.260375,-0.470961,2.512079,0.972379,0.090330,0.145494,-0.158588
1640841577365179904,-2.255251,-0.470761,2.511733,0.972670,0.090016,0.144530,-0.157862
1640841577365769984,-2.254459,-0.470733,2.511680,0.972716,0.089963,0.144382,-0.157750
1640841577369859840,-2.248947,-0.470555,2.511311,0.973028,0.089572,0.143357,-0.156977
1640841577370689792,-2.247824,-0.470523,2.511237,0.973091,0.089489,0.143150,-0.156822
1640841577375129856,-2.241792,-0.470373,2.510838,0.973426,0.089033,0.142051,-0.156002
1640841577376439808,-2.240005,-0.470336,2.510720,0.973524,0.088895,0.141729,-0.155762
1640841577379749888,-2.235473,-0.470257,2.510424,0.973769,0.088547,0.140922,-0.155161
1640841577380689920,-2.234182,-0.470238,2.510340,0.973838,0.088448,0.140695,-0.154991
1640841577384849920,-2.228445,-0.470174,2.509968,0.974140,0.088005,0.139694,-0.154244
1640841577385919744,-2.226965,-0.470163,2.509872,0.974218,0.087888,0.139437,-0.154052
1640841577390689792,-2.220334,-0.470138,2.509446,0.974567,0.087334,0.138278,-0.153203
1640841577391310080,-2.219468,-0.470138,2.509391,0.974613,0.087257,0.138125,-0.153093
1640841577394809856,-2.214570,-0.470151,2.509079,0.974875,0.086796,0.137248,-0.152472
1640841577395719936,-2.213292,-0.470158,2.508998,0.974944,0.086670,0.137017,-0.152312
1640841577399749888,-2.207614,-0.470206,2.508640,0.975245,0.086125,0.135990,-0.151611
1640841577400659968,-2.206327,-0.470221,2.508559,0.975311,0.086011,0.135760,-0.151456
1640841577405159936,-2.199942,-0.470317,2.508159,0.975631,0.085485,0.134626,-0.150709
1640841577405859840,-2.198945,-0.470335,2.508097,0.975680,0.085406,0.134448,-0.150595
1640841577409740032,-2.193403,-0.470451,2.507753,0.975951,0.084966,0.133450,-0.149969
1640841577410820096,-2.191855,-0.470488,2.507657,0.976028,0.084839,0.133166,-0.149796
1640841577414860032,-2.186045,-0.470644,2.507299,0.976317,0.084340,0.132080,-0.149152
1640841577415699968,-2.184833,-0.470680,2.507225,0.976378,0.084232,0.131851,-0.149018
1640841577419940096,-2.178696,-0.470881,2.506849,0.976686,0.083670,0.130687,-0.148343
1640841577420809984,-2.177433,-0.470926,2.506772,0.976749,0.083552,0.130448,-0.148204
1640841577424759808,-2.171680,-0.471146,2.506423,0.977035,0.083003,0.129367,-0.147569
1640841577425720064,-2.170277,-0.471204,2.506338,0.977105,0.082865,0.129105,-0.147414
1640841577429779968,-2.164326,-0.471464,2.505979,0.977401,0.082249,0.128004,-0.146758
1640841577430639872,-2.163062,-0.471523,2.505903,0.977464,0.082111,0.127772,-0.146619
1640841577435149824,-2.156410,-0.471850,2.505505,0.977795,0.081346,0.126552,-0.145889
1640841577435689984,-2.155611,-0.471892,2.505457,0.977835,0.081252,0.126405,-0.145802
1640841577439790080,-2.149529,-0.472222,2.505095,0.978140,0.080530,0.125263,-0.145141
1640841577440589824,-2.148339,-0.472289,2.505024,0.978200,0.080391,0.125034,-0.145013
1640841577444999936,-2.141758,-0.472680,2.504634,0.978531,0.079648,0.123724,-0.144310
1640841577447459840,-2.138073,-0.472912,2.504417,0.978716,0.079238,0.122981,-0.143916
1640841577449740032,-2.134648,-0.473135,2.504215,0.978886,0.078831,0.122325,-0.143542
1640841577450939904,-2.132842,-0.473256,2.504109,0.978975,0.078602,0.121999,-0.143340
1640841577457149952,-2.123457,-0.473916,2.503560,0.979428,0.077334,0.120410,-0.142277
1640841577457659904,-2.122683,-0.473973,2.503515,0.979464,0.077229,0.120280,-0.142190
1640841577459699968,-2.119585,-0.474205,2.503334,0.979612,0.076815,0.119749,-0.141846
1640841577460659968,-2.118124,-0.474316,2.503249,0.979681,0.076623,0.119494,-0.141686
1640841577464849920,-2.111733,-0.474817,2.502878,0.979983,0.075813,0.118338,-0.141002
1640841577465900032,-2.110126,-0.474947,2.502785,0.980059,0.075616,0.118039,-0.140834
1640841577469789952,-2.104160,-0.475441,2.502440,0.980338,0.074904,0.116900,-0.140218
1640841577470690048,-2.102777,-0.475559,2.502360,0.980403,0.074742,0.116630,-0.140077
1640841577474789888,-2.096458,-0.476109,2.501996,0.980697,0.074024,0.115375,-0.139440
1640841577475689984,-2.095067,-0.476234,2.501916,0.980761,0.073869,0.115094,-0.139301
1640841577479840000,-2.088639,-0.476821,2.501547,0.981059,0.073134,0.113794,-0.138659
1640841577480779776,-2.087179,-0.476957,2.501463,0.981126,0.072956,0.113502,-0.138513
1640841577484829952,-2.080875,-0.477559,2.501102,0.981419,0.072133,0.112262,-0.137879
1640841577486119936,-2.078862,-0.477755,2.500987,0.981512,0.071858,0.111870,-0.137677
1640841577491409920,-2.070582,-0.478585,2.500514,0.981896,0.070711,0.110242,-0.136849
1640841577492009984,-2.069640,-0.478681,2.500460,0.981939,0.070581,0.110054,-0.136755
1640841577494759936,-2.065317,-0.479129,2.500214,0.982138,0.069987,0.109188,-0.136327
1640841577495679744,-2.063869,-0.479281,2.500132,0.982204,0.069787,0.108896,-0.136183
1640841577499820032,-2.057336,-0.479980,2.499760,0.982504,0.068869,0.107582,-0.135534
1640841577500679936,-2.055975,-0.480128,2.499683,0.982566,0.068674,0.107310,-0.135397
1640841577505149952,-2.048890,-0.480912,2.499280,0.982889,0.067636,0.105900,-0.134686
1640841577506340096,-2.046999,-0.481125,2.499173,0.982974,0.067356,0.105525,-0.134497
1640841577509739776,-2.041586,-0.481744,2.498866,0.983216,0.066554,0.104458,-0.133957
1640841577510649856,-2.040135,-0.481912,2.498783,0.983281,0.066340,0.104172,-0.133814
1640841577514809856,-2.033486,-0.482693,2.498406,0.983571,0.065371,0.102869,-0.133163
1640841577515749888,-2.031981,-0.482872,2.498321,0.983636,0.065153,0.102575,-0.133016
1640841577520000000,-2.025160,-0.483697,2.497935,0.983930,0.064163,0.101254,-0.132333
1640841577520669952,-2.024083,-0.483829,2.497873,0.983977,0.064005,0.101046,-0.132222
1640841577524750080,-2.017511,-0.484644,2.497501,0.984260,0.063035,0.099790,-0.131529
1640841577526029824,-2.015445,-0.484903,2.497384,0.984349,0.062728,0.099396,-0.131311
1640841577530720000,-2.007857,-0.485870,2.496954,0.984669,0.061599,0.097943,-0.130533
1640841577531200000,-2.007080,-0.485971,2.496910,0.984702,0.061484,0.097793,-0.130456
1640841577534939904,-2.001008,-0.486762,2.496565,0.984952,0.060591,0.096617,-0.129862
1640841577535709952,-1.999757,-0.486927,2.496494,0.985003,0.060409,0.096373,-0.129741
1640841577540219904,-1.992410,-0.487905,2.496077,0.985301,0.059364,0.094935,-0.129020
1640841577540879872,-1.991333,-0.488050,2.496016,0.985344,0.059213,0.094723,-0.128913
1640841577544960000,-1.984665,-0.488956,2.495637,0.985611,0.058288,0.093410,-0.128247
1640841577546729984,-1.981767,-0.489355,2.495472,0.985726,0.057884,0.092841,-0.127958
1640841577549739776,-1.976830,-0.490040,2.495191,0.985921,0.057185,0.091876,-0.127472
1640841577550639872,-1.975352,-0.490246,2.495106,0.985978,0.056972,0.091589,-0.127328
1640841577554870016,-1.968394,-0.491229,2.494709,0.986247,0.055946,0.090236,-0.126664
1640841577555699712,-1.967027,-0.491423,2.494631,0.986300,0.055742,0.089967,-0.126535
1640841577559729920,-1.960378,-0.492379,2.494251,0.986558,0.054753,0.088621,-0.125905
1640841577562269952,-1.956179,-0.492989,2.494010,0.986722,0.054131,0.087739,-0.125502
1640841577564739840,-1.952090,-0.493588,2.493776,0.986883,0.053519,0.086870,-0.125105
1640841577565639936,-1.950598,-0.493807,2.493690,0.986942,0.053292,0.086552,-0.124959
1640841577569799936,-1.943695,-0.494832,2.493293,0.987212,0.052208,0.085101,-0.124274
1640841577570679808,-1.942233,-0.495051,2.493209,0.987269,0.051969,0.084800,-0.124126
1640841577574919936,-1.935176,-0.496115,2.492802,0.987543,0.050777,0.083367,-0.123409
1640841577575959808,-1.933443,-0.496378,2.492702,0.987610,0.050477,0.083016,-0.123232
1640841577582469888,-1.922573,-0.498046,2.492072,0.988029,0.048558,0.080777,-0.122129
1640841577583420160,-1.920984,-0.498293,2.491980,0.988090,0.048277,0.080445,-0.121969
1640841577584719872,-1.918808,-0.498631,2.491853,0.988173,0.047894,0.079989,-0.121750
1640841577585649920,-1.917250,-0.498874,2.491763,0.988231,0.047621,0.079662,-0.121592
1640841577589740032,-1.910392,-0.499950,2.491363,0.988487,0.046445,0.078228,-0.120898
1640841577591389952,-1.907622,-0.500388,2.491201,0.988589,0.045983,0.077653,-0.120615
1640841577594899968,-1.901722,-0.501326,2.490855,0.988801,0.045018,0.076439,-0.120013
1640841577595680000,-1.900409,-0.501536,2.490778,0.988848,0.044805,0.076171,-0.119879
1640841577599809792,-1.893453,-0.502654,2.490368,0.989090,0.043683,0.074771,-0.119171
1640841577600610048,-1.892104,-0.502872,2.490289,0.989136,0.043465,0.074503,-0.119034
1640841577605179904,-1.884390,-0.504126,2.489833,0.989396,0.042199,0.073000,-0.118259
1640841577606030080,-1.882953,-0.504360,2.489747,0.989444,0.041958,0.072726,-0.118116
1640841577609929984,-1.876356,-0.505443,2.489355,0.989659,0.040837,0.071478,-0.117468
1640841577610849792,-1.874799,-0.505700,2.489262,0.989709,0.040577,0.071177,-0.117317
1640841577614840064,-1.868038,-0.506821,2.488858,0.989929,0.039532,0.069769,-0.116660
1640841577615809792,-1.866393,-0.507094,2.488759,0.989983,0.039298,0.069403,-0.116500
1640841577619889920,-1.859466,-0.508253,2.488343,0.990208,0.038311,0.067864,-0.115822
1640841577620719872,-1.858056,-0.508489,2.488258,0.990253,0.038103,0.067560,-0.115683
1640841577624919808,-1.850914,-0.509693,2.487826,0.990478,0.037021,0.066054,-0.114977
1640841577625910016,-1.849229,-0.509979,2.487724,0.990530,0.036764,0.065703,-0.114811
1640841577629839872,-1.842536,-0.511116,2.487316,0.990735,0.035755,0.064297,-0.114153
1640841577630800128,-1.840899,-0.511395,2.487216,0.990785,0.035513,0.063949,-0.113993
1640841577634739968,-1.834179,-0.512545,2.486805,0.990988,0.034521,0.062501,-0.113334
1640841577635660032,-1.832609,-0.512815,2.486708,0.991035,0.034287,0.062159,-0.113179
1640841577639709952,-1.825692,-0.514007,2.486282,0.991245,0.033231,0.060639,-0.112484
1640841577640919808,-1.823624,-0.514365,2.486154,0.991307,0.032906,0.060182,-0.112273
1640841577646129920,-1.814712,-0.515911,2.485600,0.991576,0.031464,0.058214,-0.111349
1640841577646979840,-1.813257,-0.516165,2.485509,0.991619,0.031223,0.057895,-0.111197
1640841577649760000,-1.808496,-0.516995,2.485211,0.991759,0.030428,0.056861,-0.110700
1640841577650689792,-1.806903,-0.517274,2.485111,0.991806,0.030160,0.056519,-0.110533
1640841577655079936,-1.799377,-0.518593,2.484636,0.992022,0.028882,0.054919,-0.109741
1640841577656019968,-1.797765,-0.518877,2.484534,0.992067,0.028606,0.054578,-0.109569
1640841577659799808,-1.791279,-0.520019,2.484122,0.992250,0.027489,0.053210,-0.108871
1640841577660999936,-1.789219,-0.520383,2.483991,0.992308,0.027133,0.052775,-0.108646
1640841577664729856,-1.782813,-0.521516,2.483580,0.992486,0.026022,0.051418,-0.107941
1640841577665720064,-1.781112,-0.521818,2.483471,0.992532,0.025726,0.051057,-0.107754
1640841577669879808,-1.773962,-0.523087,2.483009,0.992724,0.024484,0.049539,-0.106984
1640841577670650112,-1.772638,-0.523323,2.482923,0.992759,0.024255,0.049258,-0.106845
1640841577674799872,-1.765500,-0.524595,2.482458,0.992941,0.023032,0.047745,-0.106106
1640841577676100096,-1.763263,-0.524994,2.482312,0.992997,0.022656,0.047273,-0.105874
1640841577679859968,-1.756792,-0.526150,2.481886,0.993156,0.021601,0.045916,-0.105195
1640841577680669952,-1.755398,-0.526400,2.481794,0.993190,0.021380,0.045625,-0.105046
1640841577684819968,-1.748252,-0.527680,2.481320,0.993361,0.020281,0.044137,-0.104277
1640841577685769984,-1.746616,-0.527973,2.481211,0.993400,0.020035,0.043796,-0.104101
1640841577689760000,-1.739742,-0.529207,2.480751,0.993558,0.019021,0.042355,-0.103372
1640841577690629888,-1.738244,-0.529476,2.480650,0.993592,0.018802,0.042039,-0.103217
1640841577694809856,-1.731041,-0.530771,2.480164,0.993751,0.017753,0.040499,-0.102489
1640841577695770112,-1.729386,-0.531069,2.480051,0.993787,0.017511,0.040140,-0.102323
1640841577699790080,-1.722457,-0.532316,2.479578,0.993936,0.016484,0.038620,-0.101626
1640841577700679936,-1.720923,-0.532593,2.479473,0.993969,0.016252,0.038278,-0.101469
1640841577704779776,-1.713856,-0.533866,2.478986,0.994122,0.015165,0.036691,-0.100729
1640841577705849856,-1.712011,-0.534198,2.478858,0.994161,0.014879,0.036275,-0.100531
1640841577710209792,-1.704495,-0.535553,2.478334,0.994320,0.013717,0.034600,-0.099715
1640841577711129856,-1.702909,-0.535839,2.478223,0.994353,0.013472,0.034250,-0.099541
1640841577714829824,-1.696531,-0.536988,2.477774,0.994483,0.012475,0.032847,-0.098841
1640841577716440064,-1.693756,-0.537488,2.477577,0.994538,0.012028,0.032234,-0.098538
1640841577719790080,-1.687982,-0.538529,2.477166,0.994652,0.011058,0.030945,-0.097916
1640841577720769792,-1.686293,-0.538833,2.477045,0.994685,0.010764,0.030564,-0.097736
1640841577724809984,-1.679332,-0.540086,2.476544,0.994817,0.009518,0.028987,-0.097000
1640841577725839872,-1.677557,-0.540405,2.476416,0.994849,0.009195,0.028587,-0.096813
1640841577729719808,-1.670873,-0.541607,2.475930,0.994970,0.007982,0.027096,-0.096105
1640841577730649856,-1.669271,-0.541895,2.475813,0.994999,0.007695,0.026746,-0.095933
1640841577734860032,-1.662022,-0.543196,2.475279,0.995124,0.006433,0.025207,-0.095144
1640841577735709952,-1.660559,-0.543458,2.475171,0.995148,0.006185,0.024904,-0.094981
1640841577740009984,-1.653158,-0.544784,2.474620,0.995271,0.004931,0.023384,-0.094150
1640841577741669888,-1.650302,-0.545295,2.474406,0.995318,0.004436,0.022791,-0.093827
1640841577744889856,-1.644764,-0.546285,2.473989,0.995406,0.003456,0.021627,-0.093200
1640841577745730048,-1.643319,-0.546543,2.473879,0.995429,0.003197,0.021321,-0.093037
1640841577749809920,-1.636306,-0.547793,2.473345,0.995536,0.001918,0.019822,-0.092258
1640841577750999808,-1.634261,-0.548157,2.473188,0.995566,0.001540,0.019381,-0.092036
1640841577754959872,-1.627460,-0.549365,2.472663,0.995662,0.000278,0.017912,-0.091307
1640841577755980032,-1.625709,-0.549676,2.472527,0.995686,-0.000044,0.017537,-0.091119
1640841577760619776,-1.617747,-0.551086,2.471904,0.995792,-0.001451,0.015869,-0.090245
1640841577761129984,-1.616872,-0.551240,2.471836,0.995804,-0.001600,0.015690,-0.090146
1640841577764750080,-1.610666,-0.552335,2.471345,0.995884,-0.002623,0.014426,-0.089439
1640841577765679872,-1.609072,-0.552616,2.471218,0.995905,-0.002879,0.014101,-0.089257
1640841577769939968,-1.601776,-0.553898,2.470633,0.995995,-0.004026,0.012583,-0.088432
1640841577770779904,-1.600338,-0.554150,2.470517,0.996012,-0.004248,0.012278,-0.088272
1640841577774969856,-1.593170,-0.555404,2.469936,0.996094,-0.005349,0.010731,-0.087482
1640841577775749888,-1.591836,-0.555636,2.469827,0.996109,-0.005554,0.010440,-0.087336
1640841577779830016,-1.584864,-0.556850,2.469254,0.996183,-0.006630,0.008908,-0.086580
1640841577781549824,-1.581927,-0.557360,2.469011,0.996213,-0.007089,0.008261,-0.086263
1640841577784760064,-1.576450,-0.558308,2.468554,0.996267,-0.007957,0.007057,-0.085667
1640841577785899776,-1.574506,-0.558643,2.468391,0.996286,-0.008269,0.006631,-0.085454
1640841577789870080,-1.567740,-0.559808,2.467820,0.996349,-0.009375,0.005162,-0.084698
1640841577790679808,-1.566361,-0.560044,2.467703,0.996362,-0.009603,0.004865,-0.084541
1640841577794999808,-1.559010,-0.561302,2.467074,0.996427,-0.010832,0.003290,-0.083696
1640841577795679744,-1.557853,-0.561499,2.466975,0.996437,-0.011026,0.003043,-0.083562
1640841577799789824,-1.550870,-0.562686,2.466369,0.996494,-0.012193,0.001548,-0.082757
1640841577800709888,-1.549308,-0.562951,2.466233,0.996506,-0.012452,0.001212,-0.082579
1640841577804859904,-1.542268,-0.564139,2.465614,0.996557,-0.013615,-0.000306,-0.081781
1640841577805789952,-1.540692,-0.564404,2.465475,0.996568,-0.013876,-0.000646,-0.081605
1640841577809819904,-1.533867,-0.565548,2.464867,0.996611,-0.015019,-0.002119,-0.080846
1640841577811939840,-1.530281,-0.566146,2.464545,0.996632,-0.015628,-0.002889,-0.080450
1640841577815239936,-1.524704,-0.567072,2.464040,0.996663,-0.016580,-0.004069,-0.079827
1640841577816099840,-1.523252,-0.567312,2.463908,0.996670,-0.016828,-0.004371,-0.079662
1640841577819759872,-1.517077,-0.568330,2.463342,0.996703,-0.017869,-0.005627,-0.078941
1640841577820679936,-1.515527,-0.568585,2.463199,0.996711,-0.018128,-0.005936,-0.078755
1640841577824780032,-1.508622,-0.569714,2.462558,0.996747,-0.019266,-0.007285,-0.077923
1640841577825739776,-1.507007,-0.569976,2.462407,0.996754,-0.019528,-0.007596,-0.077729
1640841577829839872,-1.500117,-0.571093,2.461758,0.996784,-0.020637,-0.008922,-0.076917
1640841577830700032,-1.498674,-0.571325,2.461621,0.996789,-0.020867,-0.009201,-0.076752
1640841577834880000,-1.491664,-0.572450,2.460951,0.996812,-0.021964,-0.010560,-0.075970
1640841577835769856,-1.490173,-0.572688,2.460807,0.996817,-0.022192,-0.010850,-0.075807
1640841577839809792,-1.483413,-0.573762,2.460152,0.996834,-0.023198,-0.012172,-0.075066
1640841577840739840,-1.481859,-0.574007,2.460001,0.996838,-0.023421,-0.012477,-0.074895
1640841577845239808,-1.474347,-0.575188,2.459262,0.996858,-0.024449,-0.013954,-0.074044
1640841577846419712,-1.472380,-0.575495,2.459067,0.996863,-0.024702,-0.014342,-0.073813
1640841577852720128,-1.461896,-0.577118,2.458016,0.996892,-0.025998,-0.016388,-0.072544
1640841577853209856,-1.461082,-0.577243,2.457933,0.996894,-0.026099,-0.016545,-0.072446
1640841577854689792,-1.458624,-0.577620,2.457684,0.996899,-0.026403,-0.017018,-0.072152
1640841577855709952,-1.456931,-0.577878,2.457511,0.996902,-0.026612,-0.017345,-0.071952
1640841577860219904,-1.449457,-0.579012,2.456743,0.996911,-0.027526,-0.018819,-0.071104
1640841577860869888,-1.448382,-0.579175,2.456632,0.996912,-0.027656,-0.019036,-0.070987
1640841577864790016,-1.441902,-0.580146,2.455957,0.996914,-0.028438,-0.020341,-0.070285
1640841577865890048,-1.440086,-0.580416,2.455766,0.996914,-0.028658,-0.020704,-0.070086
1640841577869880064,-1.433508,-0.581389,2.455071,0.996915,-0.029464,-0.021982,-0.069341
1640841577870699776,-1.432158,-0.581588,2.454927,0.996916,-0.029631,-0.022237,-0.069183
1640841577874789888,-1.425433,-0.582569,2.454206,0.996918,-0.030466,-0.023484,-0.068379
1640841577876109824,-1.423266,-0.582883,2.453972,0.996918,-0.030734,-0.023880,-0.068119
1640841577883389952,-1.411343,-0.584588,2.452667,0.996912,-0.032184,-0.026072,-0.066717
1640841577884160000,-1.410085,-0.584766,2.452527,0.996910,-0.032337,-0.026304,-0.066573
1640841577884699904,-1.409203,-0.584890,2.452430,0.996909,-0.032445,-0.026468,-0.066472
1640841577885749760,-1.407489,-0.585132,2.452239,0.996907,-0.032655,-0.026786,-0.066276
1640841577889699840,-1.401050,-0.586031,2.451517,0.996896,-0.033468,-0.027983,-0.065545
1640841577890679808,-1.399455,-0.586252,2.451337,0.996892,-0.033675,-0.028280,-0.065363
1640841577894799872,-1.392759,-0.587172,2.450576,0.996877,-0.034553,-0.029507,-0.064595
1640841577897159936,-1.388931,-0.587692,2.450136,0.996868,-0.035054,-0.030189,-0.064145
1640841577899770112,-1.384704,-0.588262,2.449647,0.996859,-0.035599,-0.030916,-0.063634
1640841577900699904,-1.383199,-0.588463,2.449472,0.996856,-0.035790,-0.031168,-0.063449
1640841577904790016,-1.376593,-0.589341,2.448699,0.996844,-0.036618,-0.032241,-0.062619
1640841577906400000,-1.373997,-0.589682,2.448392,0.996840,-0.036942,-0.032653,-0.062289
1640841577909740032,-1.368621,-0.590382,2.447752,0.996828,-0.037618,-0.033502,-0.061608
1640841577910799872,-1.366917,-0.590603,2.447548,0.996824,-0.037835,-0.033772,-0.061394
1640841577914949888,-1.360258,-0.591455,2.446744,0.996804,-0.038703,-0.034845,-0.060576
1640841577915859968,-1.358801,-0.591640,2.446567,0.996799,-0.038894,-0.035081,-0.060402
1640841577919790080,-1.352515,-0.592430,2.445797,0.996778,-0.039665,-0.036058,-0.059662
1640841577920699904,-1.351063,-0.592610,2.445618,0.996774,-0.039829,-0.036272,-0.059492
1640841577924929792,-1.344321,-0.593441,2.444780,0.996758,-0.040519,-0.037221,-0.058705
1640841577926220032,-1.342268,-0.593690,2.444523,0.996754,-0.040710,-0.037499,-0.058463
1640841577929949952,-1.336345,-0.594404,2.443775,0.996745,-0.041218,-0.038290,-0.057749
1640841577930719744,-1.335125,-0.594550,2.443620,0.996743,-0.041316,-0.038452,-0.057599
1640841577934860032,-1.328572,-0.595324,2.442781,0.996735,-0.041813,-0.039327,-0.056782
1640841577935889920,-1.326945,-0.595514,2.442571,0.996733,-0.041931,-0.039546,-0.056579
1640841577939859968,-1.320684,-0.596236,2.441757,0.996723,-0.042374,-0.040402,-0.055819
1640841577940759808,-1.319268,-0.596398,2.441572,0.996720,-0.042473,-0.040599,-0.055651
1640841577945139968,-1.312386,-0.597174,2.440664,0.996705,-0.042940,-0.041558,-0.054849
1640841577946579968,-1.310129,-0.597425,2.440364,0.996700,-0.043087,-0.041873,-0.054587
1640841577949799936,-1.305090,-0.597979,2.439689,0.996689,-0.043404,-0.042567,-0.053999
1640841577952289792,-1.301201,-0.598400,2.439163,0.996681,-0.043638,-0.043092,-0.053537
1640841577954840064,-1.297227,-0.598826,2.438622,0.996673,-0.043872,-0.043620,-0.053060
1640841577955739904,-1.295826,-0.598974,2.438431,0.996670,-0.043954,-0.043804,-0.052891
1640841577959990016,-1.289224,-0.599665,2.437521,0.996657,-0.044356,-0.044659,-0.052093
1640841577960909824,-1.287798,-0.599812,2.437323,0.996653,-0.044447,-0.044841,-0.051921
1640841577964910080,-1.281608,-0.600442,2.436457,0.996638,-0.044855,-0.045624,-0.051180
1640841577965689856,-1.280403,-0.600563,2.436287,0.996635,-0.044935,-0.045775,-0.051038
1640841577969819904,-1.274037,-0.601193,2.435384,0.996617,-0.045345,-0.046573,-0.050298
1640841577970719744,-1.272653,-0.601328,2.435186,0.996613,-0.045430,-0.046745,-0.050140
1640841577974779904,-1.266419,-0.601927,2.434289,0.996595,-0.045808,-0.047508,-0.049430
1640841577976019968,-1.264520,-0.602106,2.434014,0.996590,-0.045921,-0.047733,-0.049213
1640841577980429824,-1.257779,-0.602732,2.433028,0.996573,-0.046325,-0.048497,-0.048429
1640841577980969984,-1.256955,-0.602808,2.432907,0.996571,-0.046374,-0.048585,-0.048331
1640841577984809984,-1.251108,-0.603334,2.432040,0.996559,-0.046733,-0.049185,-0.047624
1640841577985730048,-1.249710,-0.603458,2.431832,0.996556,-0.046819,-0.049322,-0.047453
1640841577989739776,-1.243629,-0.603988,2.430918,0.996544,-0.047189,-0.049905,-0.046710
1640841577990769920,-1.242070,-0.604122,2.430682,0.996542,-0.047283,-0.050052,-0.046520
1640841577995249920,-1.235306,-0.604689,2.429651,0.996530,-0.047667,-0.050668,-0.045697
1640841577996249856,-1.233800,-0.604813,2.429419,0.996528,-0.047747,-0.050801,-0.045513
1640841577999719936,-1.228583,-0.605235,2.428612,0.996522,-0.047999,-0.051246,-0.044874
1640841578000640000,-1.227202,-0.605345,2.428397,0.996521,-0.048059,-0.051360,-0.044705
1640841578004849920,-1.220898,-0.605836,2.427409,0.996518,-0.048297,-0.051861,-0.043929
1640841578005729792,-1.219583,-0.605936,2.427201,0.996518,-0.048339,-0.051962,-0.043768
1640841578010049792,-1.213144,-0.606417,2.426177,0.996518,-0.048509,-0.052446,-0.042985
1640841578011350016,-1.211211,-0.606558,2.425867,0.996519,-0.048548,-0.052589,-0.042754
1640841578014799872,-1.206091,-0.606923,2.425041,0.996521,-0.048634,-0.052952,-0.042146
1640841578015749888,-1.204684,-0.607021,2.424812,0.996522,-0.048654,-0.053046,-0.041978
1640841578019800064,-1.198699,-0.607430,2.423834,0.996529,-0.048737,-0.053405,-0.041258
1640841578020699904,-1.197372,-0.607518,2.423616,0.996531,-0.048755,-0.053475,-0.041097
1640841578024979712,-1.191076,-0.607927,2.422572,0.996543,-0.048823,-0.053785,-0.040326
1640841578026690048,-1.188567,-0.608085,2.422152,0.996548,-0.048836,-0.053904,-0.040020
1640841578030579968,-1.182874,-0.608433,2.421194,0.996560,-0.048821,-0.054189,-0.039339
1640841578031219968,-1.181940,-0.608489,2.421035,0.996562,-0.048811,-0.054239,-0.039229
1640841578034769920,-1.176765,-0.608790,2.420153,0.996574,-0.048726,-0.054538,-0.038634
1640841578035670016,-1.175456,-0.608864,2.419929,0.996576,-0.048702,-0.054615,-0.038484
1640841578039789824,-1.169477,-0.609193,2.418897,0.996589,-0.048630,-0.054933,-0.037782
1640841578040799744,-1.168015,-0.609271,2.418643,0.996593,-0.048624,-0.055000,-0.037605
1640841578045590016,-1.161098,-0.609625,2.417431,0.996609,-0.048626,-0.055270,-0.036754
1640841578046589952,-1.159658,-0.609696,2.417177,0.996613,-0.048629,-0.055317,-0.036577
1640841578051919872,-1.152005,-0.610057,2.415815,0.996636,-0.048611,-0.055530,-0.035641
1640841578052460032,-1.151231,-0.610092,2.415676,0.996638,-0.048606,-0.055549,-0.035547
1640841578054819840,-1.147857,-0.610241,2.415069,0.996650,-0.048582,-0.055630,-0.035138
1640841578056399872,-1.145602,-0.610337,2.414661,0.996657,-0.048563,-0.055682,-0.034865
1640841578059990016,-1.140490,-0.610546,2.413729,0.996674,-0.048519,-0.055804,-0.034241
1640841578060719872,-1.139453,-0.610587,2.413539,0.996678,-0.048511,-0.055830,-0.034113
1640841578064750080,-1.133740,-0.610802,2.412486,0.996696,-0.048468,-0.055974,-0.033401
1640841578065739776,-1.132340,-0.610852,2.412226,0.996700,-0.048457,-0.056003,-0.033226
1640841578069730048,-1.126710,-0.611044,2.411175,0.996723,-0.048402,-0.056062,-0.032533
1640841578070669824,-1.125387,-0.611087,2.410926,0.996729,-0.048384,-0.056061,-0.032372
1640841578074869760,-1.119490,-0.611267,2.409811,0.996759,-0.048280,-0.056021,-0.031658
1640841578077219840,-1.116201,-0.611360,2.409184,0.996777,-0.048197,-0.055991,-0.031255
1640841578081719808,-1.109923,-0.611522,2.407976,0.996814,-0.047977,-0.055968,-0.030467
1640841578082350080,-1.109046,-0.611543,2.407806,0.996819,-0.047941,-0.055968,-0.030355
1640841578084899840,-1.105503,-0.611623,2.407118,0.996840,-0.047782,-0.055969,-0.029903
1640841578085680128,-1.104421,-0.611647,2.406907,0.996847,-0.047730,-0.055968,-0.029766
1640841578089969920,-1.098486,-0.611763,2.405741,0.996885,-0.047431,-0.055934,-0.029030
1640841578090839808,-1.097285,-0.611785,2.405503,0.996893,-0.047369,-0.055919,-0.028885
1640841578094749952,-1.091901,-0.611871,2.404433,0.996930,-0.047085,-0.055825,-0.028245
1640841578096009984,-1.090170,-0.611896,2.404087,0.996942,-0.046994,-0.055789,-0.028038
1640841578099869952,-1.084882,-0.611961,2.403022,0.996979,-0.046721,-0.055674,-0.027393
1640841578100879872,-1.083502,-0.611975,2.402742,0.996989,-0.046651,-0.055644,-0.027219
1640841578104689920,-1.078307,-0.612021,2.401684,0.997026,-0.046383,-0.055525,-0.026557
1640841578105880064,-1.076688,-0.612032,2.401352,0.997038,-0.046296,-0.055484,-0.026348
1640841578109769728,-1.071411,-0.612058,2.400264,0.997077,-0.045997,-0.055333,-0.025673
1640841578110839808,-1.069963,-0.612063,2.399964,0.997089,-0.045909,-0.055286,-0.025489
1640841578114850048,-1.064550,-0.612070,2.398834,0.997132,-0.045575,-0.055094,-0.024808
1640841578115689984,-1.063419,-0.612069,2.398596,0.997141,-0.045506,-0.055052,-0.024666
1640841578121489920,-1.055635,-0.612046,2.396950,0.997201,-0.045068,-0.054754,-0.023688
1640841578122639872,-1.054097,-0.612038,2.396622,0.997213,-0.044989,-0.054691,-0.023493
1640841578124790016,-1.051226,-0.612018,2.396007,0.997235,-0.044842,-0.054567,-0.023126
1640841578126040064,-1.049560,-0.612005,2.395649,0.997248,-0.044756,-0.054489,-0.022911
1640841578130699776,-1.043367,-0.611942,2.394309,0.997300,-0.044414,-0.054140,-0.022099
1640841578131379968,-1.042465,-0.611931,2.394113,0.997309,-0.044360,-0.054080,-0.021979
1640841578134809856,-1.037928,-0.611868,2.393120,0.997352,-0.044073,-0.053759,-0.021369
1640841578135779840,-1.036648,-0.611849,2.392839,0.997364,-0.043989,-0.053664,-0.021197
1640841578139739904,-1.031435,-0.611759,2.391686,0.997415,-0.043634,-0.053276,-0.020499
1640841578140679936,-1.030200,-0.611735,2.391411,0.997427,-0.043547,-0.053185,-0.020335
1640841578144819968,-1.024777,-0.611622,2.390199,0.997480,-0.043151,-0.052790,-0.019620
1640841578145749760,-1.023562,-0.611594,2.389926,0.997492,-0.043056,-0.052701,-0.019461
1640841578149799936,-1.018284,-0.611464,2.388732,0.997546,-0.042612,-0.052296,-0.018770
1640841578150709760,-1.017101,-0.611433,2.388463,0.997558,-0.042504,-0.052200,-0.018614
1640841578155979776,-1.010272,-0.611236,2.386900,0.997633,-0.041833,-0.051614,-0.017711
1640841578156590080,-1.009483,-0.611212,2.386718,0.997642,-0.041754,-0.051543,-0.017606
1640841578160100096,-1.004958,-0.611064,2.385671,0.997693,-0.041301,-0.051127,-0.016996
1640841578160719872,-1.004160,-0.611037,2.385485,0.997702,-0.041223,-0.051052,-0.016888
1640841578164859904,-0.998846,-0.610847,2.384244,0.997760,-0.040737,-0.050549,-0.016154
1640841578165869824,-0.997553,-0.610798,2.383940,0.997773,-0.040629,-0.050426,-0.015973
1640841578170119936,-0.992126,-0.610583,2.382658,0.997830,-0.040158,-0.049903,-0.015219
1640841578170789888,-0.991273,-0.610547,2.382455,0.997840,-0.040076,-0.049820,-0.015102
1640841578174739712,-0.986254,-0.610330,2.381257,0.997895,-0.039543,-0.049328,-0.014431
1640841578175760128,-0.984961,-0.610272,2.380947,0.997910,-0.039398,-0.049201,-0.014260
1640841578179699968,-0.979980,-0.610039,2.379746,0.997965,-0.038844,-0.048712,-0.013596
1640841578180749824,-0.978655,-0.609974,2.379425,0.997979,-0.038703,-0.048582,-0.013417
1640841578184739840,-0.973636,-0.609720,2.378202,0.998032,-0.038179,-0.048083,-0.012730
1640841578185859840,-0.972231,-0.609647,2.377858,0.998047,-0.038034,-0.047941,-0.012536
1640841578189740032,-0.967375,-0.609383,2.376663,0.998099,-0.037522,-0.047430,-0.011861
1640841578190759936,-0.966102,-0.609312,2.376348,0.998113,-0.037383,-0.047290,-0.011684
1640841578194789888,-0.961084,-0.609021,2.375100,0.998169,-0.036813,-0.046716,-0.010985
1640841578195719936,-0.959929,-0.608952,2.374812,0.998182,-0.036678,-0.046581,-0.010823
1640841578199780096,-0.954898,-0.608643,2.373549,0.998238,-0.036090,-0.045998,-0.010116
1640841578200780032,-0.953663,-0.608564,2.373237,0.998252,-0.035947,-0.045857,-0.009940
1640841578204859904,-0.948633,-0.608236,2.371962,0.998305,-0.035363,-0.045284,-0.009225
1640841578205740032,-0.947551,-0.608164,2.371686,0.998317,-0.035236,-0.045157,-0.009071
1640841578211059712,-0.941030,-0.607712,2.370015,0.998389,-0.034442,-0.044348,-0.008150
1640841578212000000,-0.939881,-0.607630,2.369719,0.998402,-0.034295,-0.044196,-0.007989
1640841578214759936,-0.936515,-0.607385,2.368848,0.998441,-0.033852,-0.043747,-0.007517
1640841578215699968,-0.935371,-0.607300,2.368551,0.998454,-0.033697,-0.043593,-0.007356
1640841578219810048,-0.930380,-0.606921,2.367249,0.998511,-0.032983,-0.042938,-0.006651
1640841578222169856,-0.927523,-0.606697,2.366500,0.998543,-0.032551,-0.042575,-0.006245
1640841578224779776,-0.924372,-0.606445,2.365669,0.998579,-0.032062,-0.042176,-0.005795
1640841578225769984,-0.923178,-0.606348,2.365354,0.998592,-0.031874,-0.042023,-0.005625
1640841578229840128,-0.918285,-0.605942,2.364054,0.998647,-0.031104,-0.041379,-0.004933
1640841578230700032,-0.917253,-0.605854,2.363779,0.998659,-0.030942,-0.041238,-0.004788
1640841578234979840,-0.912133,-0.605411,2.362407,0.998716,-0.030136,-0.040521,-0.004075
1640841578235729920,-0.911238,-0.605332,2.362166,0.998726,-0.029993,-0.040395,-0.003950
1640841578239699968,-0.906512,-0.604906,2.360889,0.998777,-0.029215,-0.039750,-0.003292
1640841578240749824,-0.905265,-0.604792,2.360550,0.998790,-0.029003,-0.039585,-0.003118
1640841578245309952,-0.899864,-0.604286,2.359078,0.998846,-0.028076,-0.038886,-0.002355
1640841578245939968,-0.899120,-0.604215,2.358874,0.998854,-0.027948,-0.038790,-0.002249
1640841578249829888,-0.894534,-0.603770,2.357613,0.998900,-0.027179,-0.038190,-0.001589
1640841578251619840,-0.892430,-0.603562,2.357032,0.998920,-0.026841,-0.037905,-0.001281
1640841578254870016,-0.888619,-0.603178,2.355975,0.998956,-0.026248,-0.037380,-0.000722
1640841578256300032,-0.886946,-0.603007,2.355510,0.998972,-0.025991,-0.037149,-0.000479
1640841578259749888,-0.882919,-0.602589,2.354384,0.999008,-0.025368,-0.036608,0.000094
1640841578261240064,-0.881184,-0.602405,2.353898,0.999023,-0.025094,-0.036384,0.000334
1640841578264750080,-0.877107,-0.601968,2.352749,0.999057,-0.024451,-0.035873,0.000885
1640841578266070016,-0.875577,-0.601802,2.352317,0.999069,-0.024215,-0.035684,0.001092
1640841578269719808,-0.871357,-0.601336,2.351120,0.999102,-0.023599,-0.035162,0.001676
1640841578270690048,-0.870237,-0.601210,2.350801,0.999110,-0.023446,-0.035021,0.001835
1640841578274899968,-0.865392,-0.600660,2.349416,0.999145,-0.022815,-0.034394,0.002542
1640841578275790080,-0.864370,-0.600542,2.349123,0.999152,-0.022686,-0.034257,0.002694
1640841578279800064,-0.859777,-0.600005,2.347801,0.999185,-0.022098,-0.033616,0.003382
1640841578281240064,-0.858132,-0.599810,2.347325,0.999197,-0.021879,-0.033375,0.003628
1640841578284819968,-0.854051,-0.599320,2.346142,0.999228,-0.021305,-0.032749,0.004234
1640841578286589952,-0.852038,-0.599075,2.345556,0.999243,-0.021008,-0.032435,0.004531
1640841578289819904,-0.848374,-0.598623,2.344486,0.999269,-0.020463,-0.031882,0.005066
1640841578291229952,-0.846778,-0.598424,2.344018,0.999280,-0.020228,-0.031656,0.005298
1640841578295189760,-0.842306,-0.597858,2.342703,0.999308,-0.019582,-0.031075,0.005945
1640841578295919872,-0.841484,-0.597753,2.342460,0.999312,-0.019463,-0.030972,0.006064
1640841578299769856,-0.837155,-0.597194,2.341179,0.999338,-0.018821,-0.030410,0.006698
1640841578300760064,-0.836044,-0.597049,2.340849,0.999345,-0.018651,-0.030258,0.006862
1640841578304709888,-0.831622,-0.596465,2.339532,0.999372,-0.017952,-0.029622,0.007521
1640841578305719808,-0.830494,-0.596315,2.339195,0.999379,-0.017769,-0.029455,0.007690
1640841578309849856,-0.825892,-0.595694,2.337816,0.999407,-0.017005,-0.028757,0.008375
1640841578310739968,-0.824902,-0.595559,2.337519,0.999413,-0.016838,-0.028606,0.008522
1640841578315939840,-0.819136,-0.594763,2.335779,0.999446,-0.015848,-0.027736,0.009363
1640841578317349888,-0.817577,-0.594545,2.335307,0.999454,-0.015575,-0.027508,0.009588
1640841578319729920,-0.814950,-0.594175,2.334509,0.999468,-0.015109,-0.027138,0.009966
1640841578320760064,-0.813815,-0.594014,2.334164,0.999473,-0.014905,-0.026983,0.010129
1640841578324699904,-0.809482,-0.593393,2.332842,0.999493,-0.014119,-0.026418,0.010755
1640841578325799936,-0.808274,-0.593219,2.332473,0.999499,-0.013898,-0.026266,0.010930
1640841578330149888,-0.803512,-0.592525,2.331011,0.999518,-0.013030,-0.025679,0.011626
1640841578332359936,-0.801099,-0.592169,2.330268,0.999527,-0.012595,-0.025384,0.011982
1640841578334859776,-0.798376,-0.591764,2.329427,0.999536,-0.012115,-0.025051,0.012386
1640841578335789824,-0.797364,-0.591612,2.329114,0.999539,-0.011942,-0.024927,0.012536
1640841578339719936,-0.793097,-0.590969,2.327791,0.999552,-0.011247,-0.024402,0.013172
1640841578340760064,-0.791970,-0.590798,2.327441,0.999555,-0.011075,-0.024262,0.013340
1640841578345219840,-0.787149,-0.590059,2.325938,0.999568,-0.010381,-0.023649,0.014057
1640841578346289920,-0.785995,-0.589881,2.325577,0.999570,-0.010218,-0.023498,0.014228
1640841578351189760,-0.780724,-0.589059,2.323924,0.999583,-0.009449,-0.022771,0.015007
1640841578352199936,-0.779640,-0.588889,2.323583,0.999586,-0.009283,-0.022615,0.015167
1640841578354799872,-0.776853,-0.588449,2.322706,0.999593,-0.008848,-0.022213,0.015578
1640841578356770048,-0.774746,-0.588114,2.322041,0.999597,-0.008513,-0.021912,0.015890
1640841578360199936,-0.771085,-0.587528,2.320883,0.999604,-0.007929,-0.021412,0.016438
1640841578361659904,-0.769530,-0.587277,2.320389,0.999606,-0.007683,-0.021213,0.016673
1640841578364999936,-0.765979,-0.586702,2.319261,0.999610,-0.007133,-0.020805,0.017221
1640841578366989824,-0.763868,-0.586357,2.318589,0.999611,-0.006816,-0.020595,0.017553
1640841578369789952,-0.760903,-0.585871,2.317642,0.999612,-0.006361,-0.020286,0.018009
1640841578370739968,-0.759898,-0.585705,2.317321,0.999613,-0.006199,-0.020167,0.018158
1640841578374699776,-0.755719,-0.585013,2.315983,0.999617,-0.005490,-0.019611,0.018759
1640841578376339968,-0.753992,-0.584725,2.315428,0.999619,-0.005181,-0.019361,0.019003
1640841578380280064,-0.749851,-0.584031,2.314096,0.999622,-0.004412,-0.018746,0.019598
1640841578381579776,-0.748488,-0.583801,2.313657,0.999623,-0.004151,-0.018545,0.019801
1640841578384809984,-0.745106,-0.583228,2.312565,0.999624,-0.003498,-0.018059,0.020318
1640841578385819904,-0.744051,-0.583049,2.312223,0.999624,-0.003295,-0.017911,0.020481
1640841578390019840,-0.739669,-0.582300,2.310804,0.999623,-0.002475,-0.017323,0.021161
1640841578390939904,-0.738711,-0.582136,2.310493,0.999622,-0.002302,-0.017199,0.021308
1640841578394979840,-0.734513,-0.581412,2.309127,0.999619,-0.001561,-0.016670,0.021947
1640841578397209856,-0.732200,-0.581011,2.308374,0.999617,-0.001155,-0.016380,0.022293
1640841578399780096,-0.729540,-0.580548,2.307505,0.999614,-0.000684,-0.016044,0.022687
1640841578400719872,-0.728568,-0.580379,2.307188,0.999612,-0.000509,-0.015919,0.022830
1640841578404790016,-0.724369,-0.579644,2.305814,0.999607,0.000260,-0.015380,0.023449
1640841578405799936,-0.723328,-0.579461,2.305473,0.999605,0.000454,-0.015248,0.023604
1640841578410299904,-0.718702,-0.578645,2.303954,0.999596,0.001329,-0.014684,0.024314
1640841578411810048,-0.717153,-0.578370,2.303445,0.999592,0.001625,-0.014505,0.024560
1640841578415030016,-0.713855,-0.577784,2.302359,0.999583,0.002251,-0.014130,0.025091
1640841578415819776,-0.713048,-0.577640,2.302092,0.999580,0.002403,-0.014039,0.025222
1640841578420089856,-0.708688,-0.576862,2.300653,0.999567,0.003200,-0.013538,0.025919
1640841578420739840,-0.708026,-0.576743,2.300434,0.999565,0.003317,-0.013460,0.026023
1640841578425829888,-0.702848,-0.575813,2.298721,0.999549,0.004192,-0.012822,0.026819
1640841578427019776,-0.701641,-0.575595,2.298320,0.999545,0.004391,-0.012668,0.027004
1640841578429699840,-0.698924,-0.575105,2.297419,0.999536,0.004840,-0.012319,0.027428
1640841578430729984,-0.697881,-0.574916,2.297073,0.999532,0.005015,-0.012184,0.027594
1640841578434929920,-0.693636,-0.574147,2.295662,0.999515,0.005745,-0.011637,0.028295
1640841578436159744,-0.692395,-0.573921,2.295249,0.999510,0.005963,-0.011477,0.028503
1640841578439859968,-0.688668,-0.573243,2.294007,0.999493,0.006624,-0.011003,0.029120
1640841578442870016,-0.685643,-0.572692,2.292998,0.999479,0.007166,-0.010625,0.029609
1640841578446159872,-0.682343,-0.572089,2.291897,0.999463,0.007767,-0.010217,0.030139
1640841578446749952,-0.681751,-0.571981,2.291699,0.999460,0.007876,-0.010144,0.030235
1640841578449829888,-0.678669,-0.571416,2.290669,0.999444,0.008454,-0.009767,0.030740
1640841578450850048,-0.677650,-0.571230,2.290328,0.999438,0.008649,-0.009643,0.030911
1640841578454789888,-0.673718,-0.570509,2.289012,0.999415,0.009422,-0.009161,0.031577
1640841578455879936,-0.672632,-0.570309,2.288648,0.999408,0.009642,-0.009026,0.031761
1640841578460019712,-0.668514,-0.569552,2.287268,0.999382,0.010506,-0.008502,0.032449
1640841578460749824,-0.667789,-0.569419,2.287024,0.999377,0.010663,-0.008406,0.032567
1640841578466709760,-0.661882,-0.568332,2.285041,0.999338,0.011961,-0.007635,0.033508
1640841578467369984,-0.661229,-0.568212,2.284822,0.999333,0.012103,-0.007553,0.033610
1640841578469910016,-0.658718,-0.567749,2.283979,0.999315,0.012637,-0.007254,0.034005
1640841578470749952,-0.657889,-0.567597,2.283700,0.999309,0.012809,-0.007161,0.034135
1640841578474959872,-0.653738,-0.566832,2.282305,0.999279,0.013644,-0.006711,0.034802
1640841578476249856,-0.652469,-0.566598,2.281877,0.999269,0.013894,-0.006572,0.035011
1640841578480569856,-0.648223,-0.565816,2.280449,0.999234,0.014725,-0.006070,0.035739
1640841578481629952,-0.647183,-0.565625,2.280099,0.999225,0.014928,-0.005940,0.035922
1640841578484789760,-0.644086,-0.565055,2.279057,0.999199,0.015533,-0.005552,0.036469
1640841578486240000,-0.642667,-0.564794,2.278579,0.999186,0.015811,-0.005378,0.036719
1640841578489819904,-0.639168,-0.564150,2.277401,0.999155,0.016500,-0.004974,0.037321
1640841578495139840,-0.633981,-0.563198,2.275654,0.999107,0.017511,-0.004444,0.038183
1640841578495579904,-0.633552,-0.563119,2.275510,0.999103,0.017593,-0.004401,0.038254
1640841578495990016,-0.633153,-0.563046,2.275375,0.999100,0.017668,-0.004361,0.038321
1640841578499699712,-0.629547,-0.562385,2.274161,0.999065,0.018321,-0.003976,0.038947
1640841578500699904,-0.628576,-0.562207,2.273834,0.999056,0.018489,-0.003866,0.039122
1640841578504849920,-0.624552,-0.561471,2.272479,0.999016,0.019157,-0.003387,0.039866
1640841578505869824,-0.623564,-0.561291,2.272146,0.999006,0.019317,-0.003266,0.040051
1640841578512759808,-0.616906,-0.560078,2.269906,0.998936,0.020396,-0.002449,0.041293
1640841578514789888,-0.614949,-0.559722,2.269248,0.998915,0.020724,-0.002211,0.041651
1640841578515329792,-0.614429,-0.559628,2.269073,0.998909,0.020813,-0.002148,0.041746
1640841578515899904,-0.613880,-0.559528,2.268888,0.998903,0.020907,-0.002082,0.041846
1640841578519719936,-0.610204,-0.558863,2.267653,0.998862,0.021565,-0.001637,0.042506
1640841578520769792,-0.609195,-0.558680,2.267314,0.998851,0.021754,-0.001515,0.042685
1640841578525260032,-0.604886,-0.557903,2.265867,0.998800,0.022590,-0.001000,0.043448
1640841578525959936,-0.604215,-0.557783,2.265641,0.998792,0.022724,-0.000922,0.043566
1640841578529969920,-0.600376,-0.557093,2.264353,0.998744,0.023493,-0.000490,0.044248
1640841578530739968,-0.599640,-0.556962,2.264107,0.998735,0.023641,-0.000411,0.044379
1640841578534710016,-0.595848,-0.556284,2.262836,0.998686,0.024399,-0.000021,0.045066
1640841578535769856,-0.594837,-0.556104,2.262497,0.998673,0.024601,0.000080,0.045253
1640841578539749888,-0.591045,-0.555430,2.261228,0.998621,0.025356,0.000449,0.045969
1640841578540859904,-0.589988,-0.555243,2.260875,0.998606,0.025565,0.000551,0.046174
1640841578545280000,-0.585786,-0.554501,2.259471,0.998546,0.026385,0.000954,0.046996
1640841578547479808,-0.583699,-0.554134,2.258775,0.998516,0.026778,0.001151,0.047399
1640841578549719808,-0.581575,-0.553761,2.258067,0.998487,0.027164,0.001349,0.047798
1640841578552120064,-0.579301,-0.553364,2.257309,0.998456,0.027557,0.001557,0.048213
1640841578554859776,-0.576709,-0.552912,2.256447,0.998421,0.027982,0.001793,0.048680
1640841578555929856,-0.575698,-0.552737,2.256110,0.998407,0.028141,0.001885,0.048862
1640841578559709952,-0.572128,-0.552119,2.254924,0.998359,0.028670,0.002211,0.049523
1640841578560859904,-0.571043,-0.551932,2.254565,0.998344,0.028821,0.002312,0.049731
1640841578564739840,-0.567387,-0.551304,2.253353,0.998293,0.029306,0.002656,0.050459
1640841578565769984,-0.566417,-0.551138,2.253032,0.998279,0.029431,0.002750,0.050656
1640841578570019840,-0.562421,-0.550457,2.251710,0.998220,0.029946,0.003147,0.051480
1640841578571239936,-0.561275,-0.550263,2.251332,0.998203,0.030095,0.003264,0.051716
1640841578574759936,-0.557972,-0.549705,2.250243,0.998153,0.030529,0.003599,0.052392
1640841578575840000,-0.556960,-0.549535,2.249909,0.998138,0.030662,0.003700,0.052595
1640841578579820032,-0.553233,-0.548911,2.248684,0.998083,0.031160,0.004054,0.053323
1640841578582059776,-0.551138,-0.548563,2.247996,0.998052,0.031441,0.004244,0.053720
1640841578584770048,-0.548605,-0.548143,2.247166,0.998014,0.031784,0.004471,0.054197
1640841578587289856,-0.546253,-0.547756,2.246396,0.997979,0.032103,0.004688,0.054646
1640841578589679872,-0.544024,-0.547391,2.245667,0.997944,0.032407,0.004903,0.055084
1640841578590729984,-0.543046,-0.547231,2.245348,0.997928,0.032540,0.005002,0.055281
1640841578594749952,-0.539303,-0.546624,2.244128,0.997866,0.033058,0.005397,0.056056
1640841578595830016,-0.538298,-0.546462,2.243801,0.997848,0.033201,0.005505,0.056266
1640841578599719936,-0.534683,-0.545881,2.242627,0.997786,0.033733,0.005887,0.057020
1640841578600909824,-0.533578,-0.545705,2.242269,0.997766,0.033904,0.005998,0.057246
1640841578605769984,-0.529071,-0.544991,2.240811,0.997687,0.034645,0.006414,0.058134
1640841578606240000,-0.528636,-0.544923,2.240670,0.997679,0.034719,0.006451,0.058218
1640841578609699840,-0.525432,-0.544421,2.239638,0.997622,0.035280,0.006705,0.058826
1640841578610859776,-0.524359,-0.544254,2.239292,0.997603,0.035470,0.006783,0.059028
1640841578615279872,-0.520274,-0.543623,2.237981,0.997529,0.036171,0.007077,0.059804
1640841578616659968,-0.519000,-0.543428,2.237573,0.997507,0.036372,0.007174,0.060052
1640841578622139904,-0.513947,-0.542660,2.235959,0.997416,0.037035,0.007613,0.061083
1640841578623139840,-0.513026,-0.542522,2.235665,0.997400,0.037136,0.007699,0.061276
1640841578625039872,-0.511276,-0.542259,2.235109,0.997369,0.037318,0.007862,0.061642
1640841578625819904,-0.510559,-0.542152,2.234881,0.997357,0.037389,0.007928,0.061791
1640841578629839872,-0.506862,-0.541604,2.233709,0.997294,0.037742,0.008245,0.062543
1640841578630820096,-0.505961,-0.541472,2.233424,0.997279,0.037826,0.008316,0.062720
1640841578635399936,-0.501757,-0.540859,2.232098,0.997212,0.038195,0.008616,0.063526
1640841578637009920,-0.500281,-0.540646,2.231633,0.997189,0.038313,0.008712,0.063803
1640841578639869952,-0.497659,-0.540270,2.230810,0.997149,0.038502,0.008877,0.064289
1640841578640739840,-0.496863,-0.540157,2.230561,0.997137,0.038553,0.008926,0.064435
1640841578644739840,-0.493202,-0.539639,2.229417,0.997083,0.038769,0.009152,0.065110
1640841578645829888,-0.492205,-0.539500,2.229106,0.997068,0.038825,0.009216,0.065295
1640841578649819904,-0.488559,-0.538994,2.227973,0.997012,0.039037,0.009462,0.065979
1640841578650769920,-0.487691,-0.538874,2.227704,0.996999,0.039091,0.009525,0.066144
1640841578654949888,-0.483877,-0.538355,2.226524,0.996938,0.039344,0.009809,0.066862
1640841578655789824,-0.483111,-0.538251,2.226288,0.996926,0.039398,0.009867,0.067003
1640841578659699968,-0.479548,-0.537775,2.225193,0.996870,0.039653,0.010131,0.067633
1640841578660749824,-0.478592,-0.537648,2.224899,0.996856,0.039724,0.010200,0.067794
1640841578664819968,-0.474889,-0.537163,2.223767,0.996801,0.040012,0.010452,0.068394
1640841578665900032,-0.473907,-0.537035,2.223468,0.996786,0.040093,0.010516,0.068549
1640841578669910016,-0.470263,-0.536567,2.222361,0.996732,0.040418,0.010733,0.069116
1640841578671020032,-0.469255,-0.536439,2.222055,0.996716,0.040515,0.010788,0.069273
1640841578674949888,-0.465689,-0.535991,2.220978,0.996661,0.040875,0.010971,0.069829
1640841578675799808,-0.464918,-0.535896,2.220746,0.996649,0.040955,0.011009,0.069949
1640841578680199936,-0.460931,-0.535406,2.219549,0.996586,0.041365,0.011205,0.070567
1640841578680909824,-0.460288,-0.535328,2.219357,0.996576,0.041429,0.011237,0.070665
1640841578684890112,-0.456685,-0.534895,2.218283,0.996521,0.041780,0.011418,0.071205
1640841578685999872,-0.455681,-0.534776,2.217984,0.996506,0.041873,0.011468,0.071351
1640841578689789952,-0.452255,-0.534375,2.216969,0.996458,0.042175,0.011635,0.071821
1640841578690799872,-0.451342,-0.534269,2.216700,0.996445,0.042250,0.011679,0.071939
1640841578695069952,-0.447487,-0.533828,2.215565,0.996396,0.042559,0.011855,0.072411
1640841578696249856,-0.446422,-0.533708,2.215253,0.996383,0.042644,0.011901,0.072536
1640841578699729920,-0.443283,-0.533359,2.214336,0.996344,0.042900,0.012028,0.072895
1640841578700749824,-0.442364,-0.533258,2.214068,0.996333,0.042979,0.012063,0.072999
1640841578704849920,-0.438670,-0.532858,2.212997,0.996287,0.043300,0.012192,0.073414
1640841578705740032,-0.437869,-0.532772,2.212765,0.996277,0.043365,0.012219,0.073503
1640841578709789952,-0.434224,-0.532388,2.211715,0.996236,0.043597,0.012342,0.073898
1640841578710749952,-0.433361,-0.532298,2.211467,0.996227,0.043633,0.012372,0.073989
1640841578714799872,-0.429720,-0.531925,2.210427,0.996194,0.043726,0.012508,0.074356
1640841578716419840,-0.428264,-0.531779,2.210012,0.996182,0.043746,0.012567,0.074494
1640841578720179968,-0.424888,-0.531445,2.209055,0.996156,0.043779,0.012718,0.074796
1640841578720979968,-0.424170,-0.531375,2.208853,0.996151,0.043787,0.012753,0.074857
1640841578724750080,-0.420788,-0.531050,2.207901,0.996127,0.043818,0.012927,0.075127
1640841578725799936,-0.419847,-0.530961,2.207637,0.996121,0.043823,0.012977,0.075199
1640841578730209792,-0.415895,-0.530595,2.206534,0.996096,0.043806,0.013185,0.075491
1640841578731789824,-0.414480,-0.530467,2.206141,0.996089,0.043781,0.013256,0.075594
1640841578734749952,-0.411830,-0.530230,2.205408,0.996075,0.043723,0.013385,0.075782
1640841578735839744,-0.410855,-0.530144,2.205139,0.996071,0.043703,0.013432,0.075848
1640841578739929856,-0.407197,-0.529829,2.204135,0.996053,0.043676,0.013602,0.076070
1640841578740759808,-0.406455,-0.529766,2.203932,0.996049,0.043683,0.013637,0.076110
1640841578747660032,-0.400291,-0.529260,2.202258,0.996018,0.043847,0.013933,0.076365
1640841578749500160,-0.398649,-0.529130,2.201815,0.996011,0.043900,0.014017,0.076413
1640841578749959936,-0.398239,-0.529098,2.201705,0.996009,0.043913,0.014039,0.076424
1640841578750909952,-0.397391,-0.529032,2.201477,0.996006,0.043939,0.014084,0.076445
1640841578754769920,-0.393949,-0.528770,2.200557,0.995993,0.044042,0.014270,0.076521
1640841578758720000,-0.390429,-0.528511,2.199622,0.995979,0.044152,0.014449,0.076597
1640841578759970048,-0.389316,-0.528431,2.199328,0.995975,0.044190,0.014501,0.076624
1640841578760759808,-0.388612,-0.528382,2.199142,0.995972,0.044214,0.014533,0.076642
1640841578764829952,-0.384990,-0.528131,2.198191,0.995957,0.044344,0.014677,0.076727
1640841578766850048,-0.383193,-0.528010,2.197722,0.995951,0.044410,0.014736,0.076760
1640841578769690112,-0.380668,-0.527845,2.197066,0.995944,0.044501,0.014802,0.076789
1640841578770729984,-0.379743,-0.527786,2.196827,0.995942,0.044534,0.014822,0.076793
1640841578774769920,-0.376154,-0.527563,2.195903,0.995936,0.044646,0.014891,0.076784
1640841578775869952,-0.375178,-0.527504,2.195653,0.995935,0.044671,0.014911,0.076777
1640841578781250048,-0.370404,-0.527227,2.194437,0.995933,0.044741,0.015054,0.076734
1640841578781939968,-0.369792,-0.527193,2.194283,0.995934,0.044743,0.015077,0.076728
1640841578784879872,-0.367186,-0.527051,2.193626,0.995935,0.044735,0.015175,0.076699
1640841578785779968,-0.366388,-0.527009,2.193426,0.995935,0.044727,0.015205,0.076689
1640841578789760000,-0.362863,-0.526828,2.192546,0.995940,0.044663,0.015314,0.076639
1640841578790789888,-0.361951,-0.526783,2.192319,0.995942,0.044639,0.015336,0.076623
1640841578795579904,-0.357712,-0.526584,2.191273,0.995954,0.044517,0.015405,0.076533
1640841578796499968,-0.356899,-0.526547,2.191074,0.995956,0.044494,0.015415,0.076512
1640841578799739904,-0.354035,-0.526423,2.190375,0.995966,0.044427,0.015442,0.076423
1640841578800770048,-0.353124,-0.526385,2.190154,0.995969,0.044412,0.015449,0.076390
1640841578804719872,-0.349636,-0.526246,2.189311,0.995981,0.044370,0.015484,0.076245
1640841578805799936,-0.348682,-0.526209,2.189082,0.995985,0.044360,0.015496,0.076200
1640841578809890048,-0.345074,-0.526080,2.188221,0.996000,0.044316,0.015567,0.076012
1640841578810779904,-0.344289,-0.526053,2.188035,0.996004,0.044303,0.015589,0.075967
1640841578814859776,-0.340693,-0.525938,2.187186,0.996021,0.044241,0.015701,0.075750
1640841578816989952,-0.338816,-0.525882,2.186747,0.996030,0.044226,0.015754,0.075630
1640841578819729920,-0.336403,-0.525816,2.186186,0.996041,0.044247,0.015796,0.075470
1640841578820770048,-0.335488,-0.525792,2.185974,0.996044,0.044267,0.015804,0.075408
1640841578824780032,-0.331960,-0.525707,2.185162,0.996058,0.044383,0.015804,0.075156
1640841578829099776,-0.328163,-0.525627,2.184298,0.996075,0.044526,0.015778,0.074852
1640841578829900032,-0.327460,-0.525614,2.184139,0.996079,0.044549,0.015773,0.074791
1640841578830829824,-0.326643,-0.525600,2.183954,0.996083,0.044576,0.015767,0.074719
1640841578834800128,-0.323157,-0.525544,2.183173,0.996103,0.044681,0.015740,0.074390
1640841578835820032,-0.322262,-0.525531,2.182974,0.996109,0.044709,0.015732,0.074301
1640841578839740160,-0.318823,-0.525490,2.182214,0.996131,0.044829,0.015692,0.073944
1640841578840770048,-0.317920,-0.525481,2.182015,0.996137,0.044865,0.015679,0.073847
1640841578845559808,-0.313723,-0.525449,2.181101,0.996164,0.045036,0.015606,0.073386
1640841578846139904,-0.313215,-0.525446,2.180992,0.996167,0.045055,0.015596,0.073329
1640841578850169856,-0.309687,-0.525434,2.180235,0.996192,0.045168,0.015514,0.072939
1640841578851429888,-0.308585,-0.525433,2.180000,0.996200,0.045194,0.015486,0.072818
1640841578854820096,-0.305620,-0.525435,2.179373,0.996223,0.045248,0.015406,0.072489
1640841578855889920,-0.304684,-0.525437,2.179176,0.996231,0.045262,0.015380,0.072382
1640841578859729920,-0.301329,-0.525452,2.178477,0.996259,0.045309,0.015286,0.071982
1640841578860839936,-0.300359,-0.525459,2.178276,0.996268,0.045323,0.015259,0.071860
1640841578864800000,-0.296902,-0.525490,2.177567,0.996299,0.045377,0.015173,0.071406
1640841578866589952,-0.295340,-0.525507,2.177249,0.996314,0.045401,0.015142,0.071195
1640841578869890048,-0.292462,-0.525546,2.176669,0.996340,0.045442,0.015102,0.070806
1640841578870859776,-0.291617,-0.525559,2.176500,0.996348,0.045453,0.015094,0.070692
1640841578874749952,-0.288227,-0.525618,2.175827,0.996379,0.045506,0.015067,0.070226
1640841578876189952,-0.286973,-0.525642,2.175580,0.996390,0.045531,0.015055,0.070048
1640841578879749888,-0.283873,-0.525710,2.174975,0.996419,0.045618,0.015005,0.069591
1640841578880780032,-0.282977,-0.525731,2.174802,0.996428,0.045649,0.014985,0.069453
1640841578884800000,-0.279481,-0.525822,2.174131,0.996461,0.045794,0.014893,0.068898
1640841578885799936,-0.278611,-0.525846,2.173966,0.996469,0.045834,0.014869,0.068757
1640841578891699968,-0.273485,-0.526006,2.173004,0.996518,0.046092,0.014736,0.067900
1640841578892179968,-0.273068,-0.526020,2.172926,0.996522,0.046114,0.014727,0.067829
1640841578895289856,-0.270368,-0.526116,2.172429,0.996547,0.046277,0.014668,0.067363
1640841578895990016,-0.269761,-0.526139,2.172318,0.996552,0.046318,0.014656,0.067257
1640841578900499712,-0.265849,-0.526293,2.171609,0.996585,0.046647,0.014567,0.066553
1640841578900940032,-0.265467,-0.526309,2.171541,0.996589,0.046685,0.014558,0.066482
1640841578906759936,-0.260424,-0.526533,2.170648,0.996629,0.047198,0.014411,0.065534
1640841578907830016,-0.259498,-0.526577,2.170486,0.996637,0.047282,0.014379,0.065358
1640841578909720064,-0.257861,-0.526656,2.170202,0.996653,0.047411,0.014317,0.065046
1640841578910830080,-0.256900,-0.526705,2.170036,0.996662,0.047477,0.014278,0.064863
1640841578914719744,-0.253535,-0.526880,2.169462,0.996697,0.047663,0.014129,0.064218
1640841578915760128,-0.252635,-0.526929,2.169310,0.996707,0.047705,0.014086,0.064044
1640841578919770112,-0.249169,-0.527126,2.168730,0.996745,0.047860,0.013914,0.063367
1640841578920809984,-0.248270,-0.527179,2.168582,0.996755,0.047902,0.013868,0.063189
1640841578924800000,-0.244824,-0.527390,2.168019,0.996793,0.048063,0.013693,0.062497
1640841578925880064,-0.243891,-0.527449,2.167868,0.996804,0.048107,0.013648,0.062307
1640841578929959936,-0.240370,-0.527681,2.167306,0.996843,0.048261,0.013495,0.061582
1640841578930739968,-0.239697,-0.527726,2.167200,0.996851,0.048287,0.013471,0.061441
1640841578934769920,-0.236222,-0.527970,2.166657,0.996891,0.048411,0.013358,0.060712
1640841578935869952,-0.235274,-0.528039,2.166511,0.996902,0.048440,0.013329,0.060512
1640841578939909888,-0.231793,-0.528299,2.165981,0.996943,0.048539,0.013202,0.059783
1640841578942700032,-0.229390,-0.528486,2.165621,0.996971,0.048605,0.013094,0.059283
1640841578944809984,-0.227574,-0.528631,2.165353,0.996992,0.048661,0.013007,0.058903
1640841578947320064,-0.225414,-0.528808,2.165037,0.997017,0.048742,0.012905,0.058444
1640841578949719808,-0.223350,-0.528983,2.164739,0.997039,0.048843,0.012815,0.057995
1640841578950749952,-0.222464,-0.529059,2.164612,0.997048,0.048893,0.012780,0.057799
1640841578955139840,-0.218690,-0.529392,2.164080,0.997087,0.049147,0.012651,0.056943
1640841578956359936,-0.217642,-0.529487,2.163935,0.997097,0.049225,0.012620,0.056701
1640841578959769856,-0.214713,-0.529760,2.163533,0.997125,0.049454,0.012542,0.056015
1640841578960870144,-0.213769,-0.529850,2.163405,0.997135,0.049529,0.012520,0.055792
1640841578964939776,-0.210276,-0.530190,2.162939,0.997168,0.049808,0.012441,0.054963
1640841578965819904,-0.209521,-0.530265,2.162839,0.997175,0.049870,0.012425,0.054782
1640841578969760000,-0.206142,-0.530609,2.162401,0.997206,0.050159,0.012344,0.053970
1640841578970919936,-0.205148,-0.530713,2.162274,0.997214,0.050249,0.012317,0.053730
1640841578974769920,-0.201849,-0.531064,2.161858,0.997243,0.050559,0.012224,0.052931
1640841578975899904,-0.200881,-0.531170,2.161738,0.997251,0.050651,0.012196,0.052696
1640841578982539776,-0.195197,-0.531808,2.161050,0.997298,0.051159,0.012059,0.051314
1640841578983109888,-0.194709,-0.531865,2.160992,0.997303,0.051199,0.012049,0.051195
1640841578984750080,-0.193306,-0.532028,2.160827,0.997315,0.051311,0.012017,0.050851
1640841578986609920,-0.191715,-0.532216,2.160643,0.997329,0.051433,0.011976,0.050457
1640841578989769984,-0.189014,-0.532542,2.160334,0.997354,0.051629,0.011888,0.049777
1640841578991299840,-0.187706,-0.532702,2.160187,0.997367,0.051720,0.011836,0.049443
1640841578995419904,-0.184187,-0.533143,2.159799,0.997401,0.051957,0.011682,0.048536
1640841578996329984,-0.183410,-0.533242,2.159715,0.997408,0.052008,0.011647,0.048336
1640841578999689728,-0.180542,-0.533613,2.159408,0.997435,0.052198,0.011520,0.047599
1640841579000779776,-0.179612,-0.533736,2.159311,0.997444,0.052260,0.011482,0.047362
1640841579004689920,-0.176277,-0.534182,2.158967,0.997474,0.052475,0.011355,0.046514
1640841579005809920,-0.175322,-0.534312,2.158870,0.997482,0.052533,0.011322,0.046271
1640841579009739776,-0.171973,-0.534775,2.158537,0.997514,0.052711,0.011219,0.045414
1640841579011229952,-0.170704,-0.534954,2.158413,0.997526,0.052770,0.011185,0.045087
1640841579014799872,-0.167664,-0.535390,2.158123,0.997555,0.052893,0.011119,0.044296
1640841579015939840,-0.166694,-0.535531,2.158033,0.997565,0.052929,0.011102,0.044041
1640841579019939840,-0.163291,-0.536034,2.157721,0.997598,0.053047,0.011062,0.043141
1640841579020879872,-0.162491,-0.536153,2.157649,0.997606,0.053074,0.011057,0.042928
1640841579024760064,-0.159193,-0.536656,2.157358,0.997638,0.053188,0.011039,0.042042
1640841579025879808,-0.158242,-0.536803,2.157276,0.997647,0.053223,0.011033,0.041786
1640841579031069952,-0.153834,-0.537496,2.156907,0.997687,0.053403,0.010975,0.040595
1640841579031569920,-0.153410,-0.537564,2.156872,0.997691,0.053423,0.010967,0.040480
1640841579035579904,-0.150007,-0.538116,2.156600,0.997719,0.053594,0.010893,0.039560
1640841579036259840,-0.149431,-0.538211,2.156555,0.997724,0.053626,0.010879,0.039404
1640841579039670016,-0.146540,-0.538691,2.156333,0.997746,0.053800,0.010815,0.038622
1640841579040769792,-0.145608,-0.538848,2.156263,0.997753,0.053861,0.010796,0.038370
1640841579044889856,-0.142118,-0.539443,2.156008,0.997775,0.054112,0.010744,0.037429
1640841579046039808,-0.141145,-0.539611,2.155938,0.997781,0.054189,0.010737,0.037166
1640841579049719808,-0.138031,-0.540157,2.155722,0.997797,0.054457,0.010741,0.036328
1640841579050999808,-0.136948,-0.540349,2.155649,0.997802,0.054558,0.010755,0.036038
1640841579055269888,-0.133339,-0.540999,2.155412,0.997825,0.054756,0.010808,0.035082
1640841579055869696,-0.132832,-0.541092,2.155380,0.997829,0.054760,0.010812,0.034950
1640841579059729920,-0.129573,-0.541693,2.155177,0.997856,0.054810,0.010798,0.034083
1640841579062399744,-0.127320,-0.542115,2.155042,0.997873,0.054900,0.010759,0.033469
1640841579064829952,-0.125270,-0.542504,2.154923,0.997887,0.055001,0.010711,0.032904
1640841579066089984,-0.124208,-0.542707,2.154863,0.997893,0.055056,0.010684,0.032610
1640841579069669888,-0.121191,-0.543291,2.154698,0.997913,0.055195,0.010615,0.031774
1640841579070759936,-0.120274,-0.543471,2.154649,0.997920,0.055229,0.010598,0.031521
1640841579074729984,-0.116932,-0.544133,2.154477,0.997944,0.055324,0.010549,0.030604
1640841579075840000,-0.115998,-0.544320,2.154431,0.997950,0.055345,0.010539,0.030350
1640841579079789824,-0.112678,-0.544994,2.154272,0.997974,0.055404,0.010514,0.029452
1640841579080859904,-0.111779,-0.545178,2.154231,0.997981,0.055418,0.010509,0.029210
1640841579084839936,-0.108437,-0.545871,2.154083,0.998004,0.055471,0.010494,0.028315
1640841579086159872,-0.107330,-0.546104,2.154036,0.998011,0.055490,0.010487,0.028017
1640841579089769728,-0.104303,-0.546746,2.153913,0.998030,0.055557,0.010461,0.027197
1640841579091320064,-0.103004,-0.547025,2.153863,0.998038,0.055593,0.010445,0.026841
1640841579095140096,-0.099805,-0.547719,2.153745,0.998056,0.055692,0.010396,0.025954
1640841579095899904,-0.099169,-0.547859,2.153722,0.998060,0.055712,0.010385,0.025775
1640841579100359936,-0.095439,-0.548685,2.153597,0.998082,0.055817,0.010331,0.024714
1640841579101059840,-0.094854,-0.548816,2.153579,0.998085,0.055831,0.010324,0.024546
1640841579104919808,-0.091630,-0.549545,2.153482,0.998104,0.055903,0.010295,0.023618
1640841579105939968,-0.090779,-0.549739,2.153458,0.998108,0.055923,0.010289,0.023374
1640841579109759744,-0.087593,-0.550474,2.153372,0.998125,0.056006,0.010273,0.022475
1640841579111239936,-0.086359,-0.550761,2.153342,0.998130,0.056042,0.010268,0.022133
1640841579115099904,-0.083145,-0.551518,2.153267,0.998145,0.056132,0.010249,0.021247
1640841579115959808,-0.082429,-0.551688,2.153252,0.998148,0.056150,0.010242,0.021050
1640841579119779840,-0.079253,-0.552449,2.153188,0.998164,0.056202,0.010197,0.020169
1640841579120849920,-0.078364,-0.552664,2.153172,0.998168,0.056208,0.010179,0.019920
1640841579124770048,-0.075109,-0.553460,2.153118,0.998187,0.056201,0.010104,0.019003
1640841579125849856,-0.074213,-0.553681,2.153105,0.998193,0.056192,0.010082,0.018750
1640841579129819904,-0.070922,-0.554500,2.153061,0.998214,0.056134,0.010010,0.017825
1640841579131119872,-0.069845,-0.554771,2.153049,0.998221,0.056109,0.009991,0.017524
1640841579134840064,-0.066767,-0.555552,2.153019,0.998241,0.056023,0.009941,0.016671
1640841579135849984,-0.065931,-0.555765,2.153012,0.998246,0.055998,0.009929,0.016441
1640841579139709952,-0.062742,-0.556589,2.152991,0.998266,0.055897,0.009880,0.015571
1640841579142020096,-0.060835,-0.557086,2.152982,0.998278,0.055835,0.009846,0.015053
1640841579145200128,-0.058213,-0.557777,2.152975,0.998294,0.055748,0.009792,0.014339
1640841579146899968,-0.056812,-0.558149,2.152973,0.998302,0.055700,0.009757,0.013955
1640841579149849856,-0.054384,-0.558800,2.152973,0.998317,0.055615,0.009685,0.013277
1640841579150779904,-0.053619,-0.559006,2.152975,0.998322,0.055588,0.009659,0.013061
1640841579154819840,-0.050298,-0.559910,2.152985,0.998341,0.055467,0.009545,0.012111
1640841579155819776,-0.049477,-0.560135,2.152989,0.998346,0.055437,0.009519,0.011875
1640841579159749888,-0.046252,-0.561027,2.153009,0.998364,0.055320,0.009441,0.010948
1640841579160790016,-0.045399,-0.561265,2.153016,0.998368,0.055290,0.009428,0.010704
1640841579164749824,-0.042156,-0.562177,2.153047,0.998385,0.055172,0.009390,0.009780
1640841579165799936,-0.041297,-0.562420,2.153056,0.998389,0.055139,0.009379,0.009536
1640841579170949888,-0.037088,-0.563626,2.153111,0.998410,0.054971,0.009292,0.008340
1640841579171739904,-0.036443,-0.563813,2.153120,0.998413,0.054943,0.009272,0.008157
1640841579174789888,-0.033954,-0.564537,2.153160,0.998426,0.054830,0.009176,0.007446
1640841579179620096,-0.030020,-0.565696,2.153232,0.998446,0.054632,0.008991,0.006309
1640841579180599808,-0.029223,-0.565933,2.153248,0.998450,0.054588,0.008951,0.006076
1640841579180950016,-0.028938,-0.566018,2.153254,0.998452,0.054572,0.008936,0.005992
1640841579185220096,-0.025467,-0.567060,2.153331,0.998471,0.054353,0.008762,0.004978
1640841579186409984,-0.024501,-0.567352,2.153353,0.998477,0.054281,0.008716,0.004699
1640841579189740032,-0.021800,-0.568175,2.153421,0.998494,0.054044,0.008602,0.003936
1640841579190820096,-0.020925,-0.568444,2.153444,0.998500,0.053956,0.008569,0.003695
1640841579194929920,-0.017597,-0.569473,2.153537,0.998523,0.053588,0.008457,0.002792
1640841579195849984,-0.016853,-0.569705,2.153558,0.998529,0.053503,0.008432,0.002591
1640841579199709952,-0.013734,-0.570684,2.153654,0.998551,0.053146,0.008320,0.001742
1640841579200790016,-0.012863,-0.570959,2.153682,0.998556,0.053049,0.008286,0.001501
1640841579205039872,-0.009436,-0.572052,2.153798,0.998578,0.052677,0.008143,0.000544
1640841579205900032,-0.008743,-0.572274,2.153822,0.998582,0.052603,0.008113,0.000349
1640841579210009856,-0.005436,-0.573343,2.153944,0.998602,0.052249,0.007976,-0.000584
1640841579212579840,-0.003370,-0.574018,2.154024,0.998614,0.052030,0.007896,-0.001167
1640841579215079936,-0.001363,-0.574678,2.154104,0.998624,0.051822,0.007825,-0.001733
1640841579215819776,-0.000770,-0.574874,2.154128,0.998627,0.051762,0.007805,-0.001900
1640841579219839744,0.002452,-0.575945,2.154265,0.998641,0.051457,0.007710,-0.002805
1640841579220779776,0.003204,-0.576197,2.154297,0.998644,0.051392,0.007692,-0.003016
1640841579224750080,0.006379,-0.577268,2.154441,0.998655,0.051135,0.007618,-0.003904
1640841579226039808,0.007410,-0.577618,2.154489,0.998658,0.051055,0.007592,-0.004194
1640841579229760000,0.010378,-0.578634,2.154631,0.998667,0.050825,0.007495,-0.005036
1640841579230840064,0.011239,-0.578930,2.154674,0.998669,0.050756,0.007459,-0.005283
1640841579235079936,0.014616,-0.580101,2.154845,0.998679,0.050469,0.007291,-0.006260
1640841579235819776,0.015204,-0.580306,2.154876,0.998681,0.050416,0.007259,-0.006431
1640841579239689728,0.018279,-0.581386,2.155040,0.998691,0.050120,0.007083,-0.007323
1640841579240869888,0.019216,-0.581718,2.155091,0.998694,0.050024,0.007029,-0.007595
1640841579245309952,0.022736,-0.582971,2.155290,0.998707,0.049638,0.006832,-0.008606
1640841579246500096,0.023679,-0.583310,2.155344,0.998710,0.049530,0.006783,-0.008875
1640841579249750016,0.026250,-0.584237,2.155496,0.998719,0.049225,0.006662,-0.009601
1640841579250779904,0.027064,-0.584533,2.155545,0.998722,0.049126,0.006627,-0.009829
1640841579254819840,0.030253,-0.585697,2.155742,0.998734,0.048726,0.006495,-0.010716
1640841579256269824,0.031396,-0.586118,2.155814,0.998738,0.048576,0.006444,-0.011033
1640841579259810048,0.034185,-0.587150,2.155993,0.998748,0.048194,0.006295,-0.011808
1640841579260789760,0.034956,-0.587437,2.156044,0.998751,0.048085,0.006247,-0.012022
1640841579264679936,0.038013,-0.588581,2.156249,0.998763,0.047640,0.006041,-0.012872
1640841579265839872,0.038924,-0.588924,2.156311,0.998767,0.047506,0.005978,-0.013124
1640841579270429952,0.042523,-0.590289,2.156562,0.998779,0.046986,0.005748,-0.014108
1640841579270919936,0.042907,-0.590436,2.156589,0.998781,0.046932,0.005727,-0.014212
1640841579274839808,0.045974,-0.591612,2.156811,0.998789,0.046502,0.005571,-0.015036
1640841579275869952,0.046779,-0.591923,2.156870,0.998792,0.046388,0.005534,-0.015252
1640841579279789824,0.049839,-0.593111,2.157099,0.998800,0.045946,0.005407,-0.016079
1640841579280910080,0.050712,-0.593452,2.157166,0.998802,0.045815,0.005374,-0.016317
1640841579286080000,0.054738,-0.595035,2.157479,0.998812,0.045202,0.005218,-0.017429
1640841579286889984,0.055368,-0.595284,2.157529,0.998814,0.045107,0.005191,-0.017604
1640841579290030080,0.057807,-0.596255,2.157726,0.998818,0.044754,0.005076,-0.018280
1640841579290819840,0.058420,-0.596500,2.157776,0.998819,0.044669,0.005044,-0.018449
1640841579294809856,0.061513,-0.597742,2.158032,0.998822,0.044263,0.004860,-0.019304
1640841579295949824,0.062396,-0.598099,2.158106,0.998822,0.044153,0.004803,-0.019548
1640841579299759872,0.065343,-0.599296,2.158358,0.998822,0.043801,0.004602,-0.020367
1640841579300849920,0.066185,-0.599640,2.158431,0.998822,0.043703,0.004543,-0.020603
1640841579304969984,0.069364,-0.600945,2.158711,0.998820,0.043338,0.004313,-0.021500
1640841579306129920,0.070258,-0.601314,2.158791,0.998819,0.043234,0.004247,-0.021753
1640841579309720064,0.073021,-0.602462,2.159041,0.998817,0.042898,0.004038,-0.022536
1640841579310849792,0.073890,-0.602824,2.159121,0.998817,0.042786,0.003971,-0.022782
1640841579316079872,0.077905,-0.604510,2.159497,0.998816,0.042212,0.003650,-0.023905
1640841579316669952,0.078357,-0.604701,2.159540,0.998816,0.042142,0.003613,-0.024031
1640841579320129792,0.081007,-0.605826,2.159795,0.998816,0.041737,0.003385,-0.024764
1640841579321339904,0.081932,-0.606220,2.159885,0.998816,0.041600,0.003302,-0.025020
1640841579324780032,0.084561,-0.607346,2.160144,0.998813,0.041240,0.003053,-0.025750
1640841579325839872,0.085370,-0.607694,2.160225,0.998812,0.041134,0.002974,-0.025974
1640841579329689856,0.088304,-0.608963,2.160521,0.998808,0.040723,0.002701,-0.026785
1640841579330779904,0.089134,-0.609323,2.160606,0.998807,0.040593,0.002630,-0.027011
1640841579334859776,0.092236,-0.610678,2.160928,0.998806,0.040066,0.002376,-0.027853
1640841579336449792,0.093443,-0.611208,2.161055,0.998806,0.039850,0.002279,-0.028179
1640841579339990016,0.096127,-0.612392,2.161342,0.998805,0.039365,0.002056,-0.028901
1640841579341239808,0.097074,-0.612812,2.161444,0.998804,0.039198,0.001972,-0.029155
1640841579344809984,0.099774,-0.614014,2.161739,0.998801,0.038732,0.001718,-0.029883
1640841579345949952,0.100634,-0.614399,2.161834,0.998800,0.038585,0.001635,-0.030115
1640841579349740032,0.103493,-0.615684,2.162153,0.998796,0.038093,0.001366,-0.030890
1640841579350859776,0.104337,-0.616065,2.162248,0.998794,0.037945,0.001291,-0.031120
1640841579356109824,0.108285,-0.617857,2.162701,0.998786,0.037253,0.000954,-0.032201
1640841579357489920,0.109321,-0.618330,2.162822,0.998784,0.037081,0.000864,-0.032487
1640841579360800000,0.111803,-0.619468,2.163114,0.998775,0.036697,0.000639,-0.033173
1640841579361229824,0.112125,-0.619616,2.163153,0.998774,0.036651,0.000609,-0.033263
1640841579364679936,0.114705,-0.620808,2.163462,0.998763,0.036292,0.000363,-0.033980
1640841579365819904,0.115557,-0.621202,2.163565,0.998759,0.036177,0.000282,-0.034218
1640841579369799936,0.118526,-0.622585,2.163928,0.998745,0.035768,0.000013,-0.035046
1640841579371140096,0.119524,-0.623051,2.164052,0.998741,0.035625,-0.000072,-0.035324
1640841579375419904,0.122706,-0.624546,2.164451,0.998726,0.035158,-0.000336,-0.036208
1640841579375979776,0.123122,-0.624743,2.164503,0.998724,0.035096,-0.000371,-0.036324
1640841579379749888,0.125918,-0.626066,2.164861,0.998709,0.034687,-0.000619,-0.037094
1640841579380899840,0.126769,-0.626471,2.164971,0.998705,0.034566,-0.000702,-0.037326
1640841579384950016,0.129763,-0.627899,2.165361,0.998688,0.034161,-0.001031,-0.038137
1640841579386459904,0.130877,-0.628433,2.165508,0.998681,0.034022,-0.001173,-0.038434
1640841579389720064,0.133280,-0.629589,2.165829,0.998665,0.033750,-0.001527,-0.039068
1640841579391239936,0.134398,-0.630129,2.165979,0.998658,0.033632,-0.001708,-0.039358
1640841579394729728,0.136961,-0.631372,2.166327,0.998643,0.033259,-0.002029,-0.040018
1640841579396069888,0.137944,-0.631850,2.166462,0.998639,0.033076,-0.002114,-0.040270
1640841579399699968,0.140602,-0.633148,2.166830,0.998627,0.032567,-0.002332,-0.040957
1640841579400869888,0.141457,-0.633567,2.166950,0.998623,0.032420,-0.002420,-0.041181
1640841579405299968,0.144689,-0.635158,2.167407,0.998601,0.031958,-0.002848,-0.042036
1640841579406240000,0.145374,-0.635496,2.167505,0.998596,0.031870,-0.002946,-0.042217
1640841579409720064,0.147904,-0.636750,2.167869,0.998577,0.031530,-0.003287,-0.042875
1640841579410929920,0.148782,-0.637187,2.167996,0.998571,0.031404,-0.003393,-0.043099
1640841579414819840,0.151601,-0.638593,2.168410,0.998552,0.030983,-0.003706,-0.043814
1640841579416679936,0.152946,-0.639267,2.168609,0.998543,0.030779,-0.003849,-0.044156
1640841579419759872,0.155169,-0.640384,2.168941,0.998527,0.030448,-0.004087,-0.044730
1640841579420829952,0.155941,-0.640773,2.169057,0.998521,0.030336,-0.004173,-0.044933
1640841579424859904,0.158839,-0.642239,2.169497,0.998497,0.029915,-0.004511,-0.045704
1640841579425910016,0.159593,-0.642622,2.169613,0.998491,0.029801,-0.004603,-0.045905
1640841579429750016,0.162345,-0.644023,2.170038,0.998469,0.029350,-0.004947,-0.046629
1640841579430830080,0.163117,-0.644417,2.170158,0.998463,0.029211,-0.005046,-0.046828
1640841579435139840,0.166194,-0.645993,2.170642,0.998441,0.028614,-0.005447,-0.047605
1640841579436470016,0.167141,-0.646481,2.170792,0.998435,0.028422,-0.005574,-0.047841
1640841579440269824,0.169841,-0.647874,2.171224,0.998416,0.027877,-0.005940,-0.048512
1640841579441179904,0.170487,-0.648208,2.171328,0.998411,0.027747,-0.006029,-0.048672
1640841579445669888,0.173664,-0.649857,2.171845,0.998387,0.027100,-0.006480,-0.049462
1640841579446400000,0.174180,-0.650125,2.171930,0.998383,0.026992,-0.006556,-0.049591
1640841579450769920,0.177259,-0.651734,2.172439,0.998360,0.026310,-0.007029,-0.050358
1640841579451389952,0.177695,-0.651962,2.172511,0.998357,0.026209,-0.007099,-0.050466
1640841579454850048,0.180123,-0.653237,2.172919,0.998338,0.025630,-0.007494,-0.051070
1640841579455999744,0.180929,-0.653661,2.173055,0.998332,0.025437,-0.007625,-0.051268
1640841579459879936,0.183640,-0.655093,2.173516,0.998310,0.024810,-0.008061,-0.051931
1640841579461409792,0.184707,-0.655658,2.173699,0.998301,0.024573,-0.008228,-0.052189
1640841579465769984,0.187739,-0.657268,2.174223,0.998274,0.023918,-0.008697,-0.052924
1640841579467660032,0.189049,-0.657967,2.174451,0.998262,0.023639,-0.008898,-0.053245
1640841579469699840,0.190461,-0.658721,2.174699,0.998248,0.023339,-0.009117,-0.053596
1640841579470880000,0.191277,-0.659158,2.174843,0.998240,0.023165,-0.009243,-0.053800
1640841579474759936,0.193951,-0.660593,2.175317,0.998213,0.022583,-0.009659,-0.054476
1640841579476800000,0.195354,-0.661348,2.175568,0.998198,0.022268,-0.009876,-0.054831
1640841579481240064,0.198397,-0.662992,2.176117,0.998167,0.021550,-0.010342,-0.055591
1640841579481929984,0.198868,-0.663248,2.176203,0.998163,0.021436,-0.010415,-0.055707
1640841579484859904,0.200867,-0.664333,2.176568,0.998142,0.020949,-0.010725,-0.056199
1640841579485879808,0.201562,-0.664710,2.176696,0.998135,0.020782,-0.010836,-0.056370
1640841579490389760,0.204625,-0.666380,2.177262,0.998101,0.020068,-0.011347,-0.057127
1640841579491129856,0.205126,-0.666654,2.177355,0.998095,0.019957,-0.011436,-0.057252
1640841579494829824,0.207626,-0.668024,2.177823,0.998064,0.019416,-0.011894,-0.057876
1640841579496379904,0.208671,-0.668598,2.178019,0.998051,0.019188,-0.012092,-0.058136
1640841579499869696,0.211017,-0.669890,2.178464,0.998022,0.018649,-0.012541,-0.058714
1640841579501309952,0.211982,-0.670423,2.178648,0.998010,0.018414,-0.012726,-0.058948
1640841579504819968,0.214329,-0.671722,2.179098,0.997982,0.017814,-0.013177,-0.059511
1640841579506000128,0.215116,-0.672159,2.179249,0.997972,0.017606,-0.013328,-0.059699
1640841579510099968,0.217843,-0.673675,2.179778,0.997939,0.016873,-0.013848,-0.060346
1640841579511859968,0.219009,-0.674325,2.180006,0.997924,0.016556,-0.014069,-0.060622
1640841579515429888,0.221369,-0.675644,2.180469,0.997895,0.015911,-0.014519,-0.061176
1640841579515970048,0.221725,-0.675844,2.180540,0.997890,0.015813,-0.014588,-0.061258
1640841579519849984,0.224277,-0.677276,2.181046,0.997857,0.015112,-0.015084,-0.061843
1640841579520819968,0.224913,-0.677634,2.181173,0.997849,0.014937,-0.015209,-0.061987
1640841579524999936,0.227647,-0.679175,2.181721,0.997814,0.014186,-0.015746,-0.062600
1640841579525939968,0.228260,-0.679521,2.181844,0.997806,0.014017,-0.015866,-0.062737
1640841579530010112,0.230906,-0.681020,2.182380,0.997770,0.013291,-0.016372,-0.063330
1640841579530949888,0.231516,-0.681366,2.182504,0.997761,0.013125,-0.016485,-0.063467
1640841579535040000,0.234159,-0.682870,2.183045,0.997724,0.012408,-0.016975,-0.064068
1640841579535840000,0.234675,-0.683164,2.183152,0.997716,0.012271,-0.017071,-0.064186
1640841579539719936,0.237168,-0.684588,2.183667,0.997679,0.011619,-0.017549,-0.064759
1640841579540829952,0.237880,-0.684995,2.183814,0.997668,0.011439,-0.017690,-0.064922
1640841579545309952,0.240740,-0.686636,2.184412,0.997622,0.010736,-0.018280,-0.065581
1640841579546000128,0.241180,-0.686889,2.184504,0.997615,0.010631,-0.018374,-0.065682
1640841579550360064,0.243946,-0.688483,2.185087,0.997568,0.009994,-0.018978,-0.066313
1640841579551110144,0.244420,-0.688757,2.185188,0.997560,0.009889,-0.019084,-0.066421
1640841579555009792,0.246880,-0.690180,2.185711,0.997518,0.009347,-0.019637,-0.066974
1640841579555899904,0.247439,-0.690504,2.185831,0.997508,0.009224,-0.019762,-0.067099
1640841579559719936,0.249834,-0.691895,2.186344,0.997466,0.008684,-0.020284,-0.067633
1640841579561129728,0.250715,-0.692407,2.186534,0.997451,0.008479,-0.020470,-0.067828
1640841579564839936,0.253025,-0.693754,2.187035,0.997410,0.007931,-0.020955,-0.068340
1640841579566289920,0.253925,-0.694280,2.187230,0.997394,0.007717,-0.021146,-0.068539
1640841579569759744,0.256071,-0.695537,2.187699,0.997356,0.007214,-0.021616,-0.069012
1640841579572790016,0.257938,-0.696632,2.188109,0.997321,0.006790,-0.022049,-0.069422
1640841579574759936,0.259147,-0.697342,2.188376,0.997298,0.006519,-0.022338,-0.069685
1640841579575859968,0.259821,-0.697739,2.188525,0.997285,0.006367,-0.022499,-0.069831
1640841579581440000,0.263224,-0.699746,2.189282,0.997222,0.005561,-0.023279,-0.070542
1640841579582170112,0.263667,-0.700009,2.189381,0.997214,0.005450,-0.023377,-0.070632
1640841579584739840,0.265224,-0.700930,2.189730,0.997185,0.005053,-0.023716,-0.070945
1640841579585899776,0.265925,-0.701346,2.189888,0.997173,0.004870,-0.023868,-0.071085
1640841579589659904,0.268190,-0.702690,2.190399,0.997131,0.004267,-0.024372,-0.071540
1640841579594329856,0.270986,-0.704354,2.191034,0.997077,0.003508,-0.025009,-0.072108
1640841579597049856,0.272606,-0.705321,2.191405,0.997045,0.003069,-0.025373,-0.072442
1640841579597509888,0.272879,-0.705485,2.191467,0.997040,0.002996,-0.025433,-0.072498
1640841579599689984,0.274172,-0.706258,2.191764,0.997014,0.002651,-0.025712,-0.072766
1640841579600790016,0.274823,-0.706647,2.191914,0.997001,0.002480,-0.025849,-0.072902
1640841579604839936,0.277211,-0.708079,2.192466,0.996953,0.001876,-0.026344,-0.073403
1640841579605919744,0.277846,-0.708460,2.192613,0.996940,0.001724,-0.026477,-0.073536
1640841579609880064,0.280163,-0.709853,2.193153,0.996891,0.001209,-0.026985,-0.074023
1640841579611300096,0.280991,-0.710352,2.193346,0.996873,0.001042,-0.027178,-0.074197
1640841579614889984,0.283076,-0.711610,2.193836,0.996826,0.000652,-0.027682,-0.074634
1640841579617219840,0.284424,-0.712424,2.194154,0.996796,0.000415,-0.028015,-0.074917
1640841579619680000,0.285841,-0.713281,2.194489,0.996764,0.000172,-0.028362,-0.075215
1640841579620839936,0.286508,-0.713685,2.194647,0.996749,0.000057,-0.028523,-0.075355
1640841579624709888,0.288723,-0.715028,2.195175,0.996698,-0.000336,-0.029033,-0.075824
1640841579629939968,0.291696,-0.716836,2.195888,0.996630,-0.000892,-0.029684,-0.076458
1640841579630560000,0.292047,-0.717049,2.195972,0.996622,-0.000957,-0.029764,-0.076533
1640841579631000064,0.292296,-0.717201,2.196032,0.996616,-0.001003,-0.029821,-0.076586
1640841579634759936,0.294415,-0.718493,2.196545,0.996566,-0.001404,-0.030318,-0.077038
1640841579635830016,0.295016,-0.718860,2.196691,0.996552,-0.001523,-0.030458,-0.077165
1640841579639739904,0.297203,-0.720196,2.197223,0.996500,-0.001995,-0.030952,-0.077621
1640841579641749760,0.298322,-0.720881,2.197497,0.996475,-0.002259,-0.031189,-0.077850
1640841579645619968,0.300466,-0.722195,2.198024,0.996426,-0.002789,-0.031620,-0.078285
1640841579647279872,0.301382,-0.722757,2.198250,0.996405,-0.003017,-0.031795,-0.078470
1640841579649740032,0.302734,-0.723588,2.198585,0.996374,-0.003349,-0.032045,-0.078747
1640841579650840064,0.303337,-0.723959,2.198734,0.996360,-0.003492,-0.032154,-0.078871
1640841579654830080,0.305516,-0.725299,2.199277,0.996309,-0.004004,-0.032541,-0.079325
1640841579655869952,0.306081,-0.725647,2.199418,0.996296,-0.004137,-0.032642,-0.079444
1640841579659759872,0.308187,-0.726946,2.199946,0.996246,-0.004656,-0.033027,-0.079888
1640841579660979968,0.308845,-0.727352,2.200112,0.996230,-0.004827,-0.033152,-0.080027
1640841579665159936,0.311089,-0.728738,2.200679,0.996174,-0.005413,-0.033585,-0.080502
1640841579666599936,0.311858,-0.729214,2.200874,0.996154,-0.005605,-0.033733,-0.080666
1640841579669760000,0.313539,-0.730255,2.201302,0.996112,-0.005989,-0.034049,-0.081029
1640841579670810112,0.314096,-0.730600,2.201445,0.996098,-0.006105,-0.034151,-0.081150
1640841579674749952,0.316175,-0.731890,2.201978,0.996045,-0.006503,-0.034529,-0.081608
1640841579676009984,0.316838,-0.732301,2.202148,0.996028,-0.006620,-0.034650,-0.081755
1640841579679800064,0.318820,-0.733533,2.202660,0.995976,-0.006959,-0.035021,-0.082203
1640841579682419968,0.320183,-0.734380,2.203014,0.995939,-0.007188,-0.035286,-0.082516
1640841579684749824,0.321390,-0.735131,2.203328,0.995906,-0.007392,-0.035525,-0.082796
1640841579685999872,0.322035,-0.735533,2.203496,0.995888,-0.007503,-0.035654,-0.082948
1640841579690049792,0.324116,-0.736830,2.204042,0.995829,-0.007869,-0.036067,-0.083442
1640841579691000064,0.324602,-0.737133,2.204169,0.995815,-0.007958,-0.036162,-0.083558
1640841579695780096,0.327034,-0.738650,2.204811,0.995745,-0.008429,-0.036616,-0.084148
1640841579697129984,0.327717,-0.739077,2.204992,0.995725,-0.008569,-0.036737,-0.084314
1640841579699729920,0.329027,-0.739896,2.205341,0.995688,-0.008845,-0.036962,-0.084624
1640841579700889856,0.329609,-0.740260,2.205496,0.995672,-0.008971,-0.037059,-0.084759
1640841579704669952,0.331499,-0.741442,2.206001,0.995619,-0.009392,-0.037371,-0.085190
1640841579706379776,0.332349,-0.741974,2.206230,0.995596,-0.009588,-0.037512,-0.085383
1640841579710180096,0.334229,-0.743152,2.206736,0.995542,-0.010037,-0.037832,-0.085819
1640841579710880000,0.334574,-0.743368,2.206830,0.995531,-0.010121,-0.037892,-0.085900
1640841579715239936,0.336711,-0.744707,2.207409,0.995467,-0.010653,-0.038269,-0.086416
1640841579716159744,0.337159,-0.744989,2.207531,0.995453,-0.010765,-0.038348,-0.086525
1640841579719800064,0.338926,-0.746097,2.208014,0.995399,-0.011210,-0.038650,-0.086959
1640841579722829824,0.340387,-0.747014,2.208414,0.995354,-0.011574,-0.038886,-0.087319
1640841579724689920,0.341279,-0.747575,2.208660,0.995326,-0.011793,-0.039024,-0.087541
1640841579725869824,0.341843,-0.747929,2.208816,0.995309,-0.011929,-0.039108,-0.087682
1640841579729760000,0.343694,-0.749092,2.209328,0.995252,-0.012362,-0.039368,-0.088153
1640841579730870016,0.344220,-0.749423,2.209474,0.995236,-0.012481,-0.039437,-0.088289
1640841579734789888,0.346065,-0.750583,2.209988,0.995178,-0.012879,-0.039673,-0.088776
1640841579735899904,0.346585,-0.750910,2.210133,0.995161,-0.012987,-0.039739,-0.088916
1640841579739949824,0.348472,-0.752097,2.210662,0.995100,-0.013358,-0.039986,-0.089433
1640841579740839936,0.348884,-0.752357,2.210778,0.995087,-0.013436,-0.040042,-0.089547
1640841579744750080,0.350687,-0.753492,2.211287,0.995026,-0.013768,-0.040295,-0.090051
1640841579746660096,0.351562,-0.754042,2.211535,0.994997,-0.013930,-0.040417,-0.090295
1640841579749850112,0.353015,-0.754957,2.211948,0.994949,-0.014208,-0.040613,-0.090696
1640841579751190016,0.353623,-0.755340,2.212121,0.994929,-0.014329,-0.040691,-0.090860
1640841579755149824,0.355407,-0.756464,2.212631,0.994871,-0.014702,-0.040907,-0.091339
1640841579755929856,0.355757,-0.756684,2.212731,0.994859,-0.014777,-0.040948,-0.091433
1640841579759879936,0.357518,-0.757793,2.213238,0.994800,-0.015157,-0.041153,-0.091917
1640841579761309952,0.358152,-0.758192,2.213421,0.994779,-0.015293,-0.041227,-0.092097
1640841579764699904,0.359646,-0.759133,2.213853,0.994726,-0.015619,-0.041408,-0.092531
1640841579765920000,0.360181,-0.759470,2.214009,0.994706,-0.015738,-0.041474,-0.092690
1640841579769749760,0.361850,-0.760521,2.214495,0.994644,-0.016122,-0.041690,-0.093197
1640841579771469824,0.362594,-0.760990,2.214712,0.994615,-0.016300,-0.041790,-0.093427
1640841579774789888,0.364023,-0.761889,2.215131,0.994559,-0.016651,-0.041981,-0.093874
1640841579775879936,0.364490,-0.762183,2.215269,0.994541,-0.016767,-0.042042,-0.094021
1640841579781109760,0.366712,-0.763581,2.215924,0.994453,-0.017325,-0.042306,-0.094726
1640841579781740032,0.366977,-0.763748,2.216003,0.994443,-0.017391,-0.042334,-0.094811
1640841579784839936,0.368279,-0.764567,2.216390,0.994392,-0.017711,-0.042463,-0.095229
1640841579786080000,0.368797,-0.764892,2.216544,0.994371,-0.017835,-0.042512,-0.095398
1640841579789949952,0.370403,-0.765902,2.217023,0.994306,-0.018200,-0.042663,-0.095939
1640841579790860032,0.370778,-0.766138,2.217136,0.994290,-0.018280,-0.042698,-0.096070
1640841579795229952,0.372569,-0.767263,2.217674,0.994214,-0.018643,-0.042878,-0.096708
1640841579796150016,0.372943,-0.767498,2.217786,0.994198,-0.018716,-0.042918,-0.096844
1640841579799719936,0.374388,-0.768404,2.218223,0.994133,-0.018999,-0.043086,-0.097373
1640841579800969728,0.374890,-0.768720,2.218375,0.994111,-0.019099,-0.043149,-0.097558
1640841579804920064,0.376468,-0.769709,2.218855,0.994038,-0.019415,-0.043353,-0.098142
1640841579806010112,0.376901,-0.769980,2.218987,0.994018,-0.019502,-0.043409,-0.098303
1640841579810070016,0.378500,-0.770982,2.219476,0.993943,-0.019830,-0.043605,-0.098910
1640841579811409920,0.379024,-0.771310,2.219637,0.993918,-0.019938,-0.043664,-0.099112
1640841579814899968,0.380381,-0.772158,2.220055,0.993852,-0.020224,-0.043815,-0.099642
1640841579815889920,0.380763,-0.772397,2.220173,0.993834,-0.020306,-0.043858,-0.099793
1640841579819820032,0.382271,-0.773339,2.220639,0.993758,-0.020638,-0.044038,-0.100399
1640841579820950016,0.382702,-0.773608,2.220773,0.993736,-0.020736,-0.044093,-0.100574
1640841579824719872,0.384128,-0.774498,2.221217,0.993660,-0.021073,-0.044288,-0.101164
1640841579825979904,0.384602,-0.774793,2.221365,0.993634,-0.021190,-0.044355,-0.101363
1640841579830050048,0.386120,-0.775738,2.221840,0.993550,-0.021587,-0.044573,-0.102013
1640841579830849792,0.386416,-0.775922,2.221933,0.993533,-0.021668,-0.044615,-0.102142
1640841579834779904,0.387862,-0.776821,2.222389,0.993449,-0.022075,-0.044816,-0.102777
1640841579835899904,0.388271,-0.777074,2.222518,0.993425,-0.022190,-0.044870,-0.102958
1640841579839809792,0.389688,-0.777953,2.222967,0.993343,-0.022576,-0.045044,-0.103587
1640841579841319936,0.390231,-0.778290,2.223140,0.993312,-0.022715,-0.045104,-0.103828
1640841579846550016,0.392093,-0.779441,2.223734,0.993205,-0.023163,-0.045294,-0.104666
1640841579847229952,0.392333,-0.779590,2.223811,0.993191,-0.023218,-0.045317,-0.104776
1640841579850060032,0.393327,-0.780203,2.224130,0.993132,-0.023444,-0.045416,-0.105242
1640841579851009792,0.393658,-0.780407,2.224236,0.993112,-0.023518,-0.045449,-0.105401
1640841579854739968,0.394951,-0.781203,2.224653,0.993032,-0.023799,-0.045589,-0.106034
1640841579855899904,0.395350,-0.781448,2.224782,0.993006,-0.023880,-0.045636,-0.106233
1640841579859689984,0.396644,-0.782242,2.225202,0.992923,-0.024119,-0.045807,-0.106881
1640841579861139968,0.397135,-0.782543,2.225362,0.992891,-0.024197,-0.045879,-0.107127
1640841579864839936,0.398378,-0.783304,2.225768,0.992810,-0.024376,-0.046073,-0.107755
1640841579866089728,0.398795,-0.783558,2.225904,0.992783,-0.024434,-0.046137,-0.107968
1640841579869649920,0.399972,-0.784276,2.226291,0.992704,-0.024605,-0.046307,-0.108581
1640841579870839808,0.400363,-0.784514,2.226419,0.992677,-0.024667,-0.046358,-0.108789
1640841579874869760,0.401674,-0.785311,2.226852,0.992586,-0.024880,-0.046518,-0.109502
1640841579875889920,0.402004,-0.785511,2.226962,0.992562,-0.024933,-0.046559,-0.109684
1640841579879930112,0.403297,-0.786293,2.227391,0.992469,-0.025128,-0.046736,-0.110409
1640841579881079808,0.403662,-0.786514,2.227513,0.992442,-0.025176,-0.046794,-0.110616
1640841579884960000,0.404884,-0.787250,2.227921,0.992350,-0.025323,-0.047014,-0.111312
1640841579885910016,0.405180,-0.787428,2.228021,0.992327,-0.025361,-0.047069,-0.111482
1640841579889679872,0.406348,-0.788129,2.228414,0.992237,-0.025554,-0.047271,-0.112149
1640841579890859776,0.406711,-0.788346,2.228536,0.992209,-0.025630,-0.047326,-0.112356
1640841579894820096,0.407917,-0.789066,2.228944,0.992115,-0.025916,-0.047486,-0.113050
1640841579897929984,0.408853,-0.789623,2.229262,0.992042,-0.026138,-0.047593,-0.113599
1640841579900349952,0.409574,-0.790051,2.229507,0.991985,-0.026290,-0.047670,-0.114031
1640841579900950016,0.409752,-0.790156,2.229568,0.991970,-0.026325,-0.047689,-0.114139
1640841579904679936,0.410849,-0.790804,2.229944,0.991881,-0.026528,-0.047801,-0.114815
1640841579905859840,0.411193,-0.791007,2.230062,0.991853,-0.026590,-0.047835,-0.115031
1640841579909740032,0.412314,-0.791666,2.230448,0.991759,-0.026809,-0.047944,-0.115744
1640841579911799808,0.412904,-0.792010,2.230652,0.991708,-0.026941,-0.048001,-0.116124
1640841579914989824,0.413807,-0.792537,2.230965,0.991629,-0.027154,-0.048089,-0.116714
1640841579916519936,0.414237,-0.792787,2.231114,0.991591,-0.027253,-0.048131,-0.116998
1640841579920809984,0.415429,-0.793477,2.231530,0.991484,-0.027488,-0.048254,-0.117797
1640841579921229824,0.415545,-0.793544,2.231571,0.991473,-0.027507,-0.048267,-0.117875
1640841579924669952,0.416486,-0.794085,2.231901,0.991388,-0.027634,-0.048366,-0.118518
1640841579925900032,0.416819,-0.794277,2.232018,0.991358,-0.027671,-0.048401,-0.118749
1640841579930969856,0.418177,-0.795052,2.232497,0.991233,-0.027787,-0.048529,-0.119705
1640841579932809728,0.418664,-0.795328,2.232669,0.991188,-0.027821,-0.048568,-0.120054
1640841579934789888,0.419184,-0.795622,2.232854,0.991139,-0.027856,-0.048608,-0.120432
1640841579935940096,0.419484,-0.795791,2.232961,0.991111,-0.027875,-0.048632,-0.120652
1640841579940069888,0.420551,-0.796390,2.233341,0.991007,-0.027947,-0.048732,-0.121449
1640841579940869888,0.420755,-0.796504,2.233414,0.990986,-0.027962,-0.048754,-0.121604
1640841579945179904,0.421847,-0.797111,2.233806,0.990875,-0.028047,-0.048880,-0.122441
1640841579945890048,0.422025,-0.797210,2.233870,0.990856,-0.028063,-0.048901,-0.122578
1640841579950209792,0.423098,-0.797800,2.234257,0.990745,-0.028167,-0.049017,-0.123404
1640841579951510016,0.423417,-0.797975,2.234372,0.990712,-0.028202,-0.049047,-0.123650
1640841579954870016,0.424234,-0.798420,2.234669,0.990627,-0.028301,-0.049113,-0.124281
1640841579955930112,0.424489,-0.798558,2.234762,0.990600,-0.028334,-0.049130,-0.124481
1640841579959719936,0.425394,-0.799045,2.235091,0.990503,-0.028457,-0.049180,-0.125200
1640841579960979968,0.425691,-0.799205,2.235200,0.990471,-0.028500,-0.049192,-0.125443
1640841579964809984,0.426587,-0.799681,2.235528,0.990371,-0.028631,-0.049220,-0.126188
1640841579965939968,0.426848,-0.799819,2.235624,0.990341,-0.028668,-0.049226,-0.126408
1640841579969789952,0.427729,-0.800282,2.235948,0.990242,-0.028785,-0.049245,-0.127154
1640841579970860032,0.427972,-0.800408,2.236038,0.990214,-0.028814,-0.049250,-0.127359
1640841579974700032,0.428832,-0.800854,2.236356,0.990116,-0.028906,-0.049260,-0.128095
1640841579975899904,0.429098,-0.800991,2.236455,0.990085,-0.028932,-0.049259,-0.128327
1640841579979830016,0.429960,-0.801431,2.236775,0.989983,-0.029008,-0.049232,-0.129106
1640841579981420032,0.430305,-0.801605,2.236903,0.989941,-0.029036,-0.049211,-0.129430
1640841579984779776,0.431025,-0.801967,2.237172,0.989852,-0.029086,-0.049150,-0.130120
1640841579985969920,0.431278,-0.802092,2.237267,0.989821,-0.029101,-0.049125,-0.130365
1640841579989670144,0.432054,-0.802476,2.237558,0.989725,-0.029131,-0.049045,-0.131111
1640841579990979840,0.432326,-0.802609,2.237660,0.989692,-0.029136,-0.049017,-0.131369
1640841579995020032,0.433154,-0.803010,2.237973,0.989592,-0.029137,-0.048930,-0.132153
1640841579996669952,0.433488,-0.803170,2.238099,0.989551,-0.029134,-0.048895,-0.132474
1640841579999769856,0.434109,-0.803465,2.238334,0.989472,-0.029127,-0.048828,-0.133090
1640841580000919808,0.434337,-0.803572,2.238420,0.989442,-0.029125,-0.048802,-0.133323
1640841580004740096,0.435086,-0.803921,2.238704,0.989340,-0.029120,-0.048712,-0.134108
1640841580006000128,0.435330,-0.804033,2.238797,0.989307,-0.029119,-0.048679,-0.134367
1640841580010190080,0.436131,-0.804398,2.239103,0.989198,-0.029116,-0.048552,-0.135209
1640841580011469824,0.436372,-0.804506,2.239195,0.989166,-0.029116,-0.048509,-0.135459
1640841580014780160,0.436990,-0.804780,2.239431,0.989085,-0.029115,-0.048390,-0.136098
1640841580015919872,0.437201,-0.804873,2.239512,0.989056,-0.029115,-0.048348,-0.136316
1640841580019849984,0.437917,-0.805183,2.239787,0.988959,-0.029113,-0.048206,-0.137074
1640841580020929792,0.438112,-0.805266,2.239862,0.988932,-0.029113,-0.048168,-0.137283
1640841580025619968,0.438945,-0.805616,2.240183,0.988813,-0.029108,-0.047995,-0.138197
1640841580027040000,0.439193,-0.805718,2.240279,0.988777,-0.029106,-0.047937,-0.138473
1640841580029969920,0.439700,-0.805924,2.240475,0.988704,-0.029101,-0.047805,-0.139039
1640841580030880000,0.439856,-0.805987,2.240536,0.988682,-0.029099,-0.047760,-0.139213
1640841580034689792,0.440501,-0.806242,2.240786,0.988590,-0.029081,-0.047549,-0.139942
1640841580035980032,0.440717,-0.806325,2.240869,0.988559,-0.029070,-0.047470,-0.140188
1640841580039769856,0.441342,-0.806564,2.241113,0.988469,-0.029016,-0.047215,-0.140915
1640841580041080064,0.441555,-0.806643,2.241196,0.988439,-0.028988,-0.047120,-0.141168
1640841580045009920,0.442186,-0.806874,2.241442,0.988347,-0.028877,-0.046823,-0.141930
1640841580045939968,0.442334,-0.806927,2.241499,0.988325,-0.028846,-0.046752,-0.142110
1640841580050759936,0.443086,-0.807190,2.241794,0.988213,-0.028659,-0.046403,-0.143041
1640841580051219968,0.443157,-0.807214,2.241821,0.988202,-0.028639,-0.046372,-0.143130
1640841580054720000,0.443690,-0.807393,2.242030,0.988120,-0.028485,-0.046139,-0.143800
1640841580055949824,0.443875,-0.807453,2.242103,0.988091,-0.028429,-0.046056,-0.144035
1640841580059779840,0.444442,-0.807634,2.242326,0.988002,-0.028259,-0.045781,-0.144765
1640841580061359872,0.444673,-0.807705,2.242416,0.987966,-0.028190,-0.045658,-0.145065
1640841580064950016,0.445190,-0.807860,2.242620,0.987884,-0.028035,-0.045367,-0.145746
1640841580065969920,0.445335,-0.807902,2.242677,0.987860,-0.027991,-0.045283,-0.145938
1640841580069690112,0.445857,-0.808049,2.242883,0.987776,-0.027824,-0.044981,-0.146635
1640841580070839808,0.446016,-0.808092,2.242946,0.987749,-0.027771,-0.044891,-0.146849
1640841580074829824,0.446560,-0.808235,2.243160,0.987659,-0.027580,-0.044582,-0.147587
1640841580076589824,0.446796,-0.808294,2.243254,0.987619,-0.027494,-0.044446,-0.147912
1640841580080399872,0.447298,-0.808414,2.243453,0.987532,-0.027305,-0.044144,-0.148615
1640841580081309952,0.447416,-0.808441,2.243499,0.987511,-0.027260,-0.044069,-0.148783
1640841580084760064,0.447860,-0.808538,2.243675,0.987433,-0.027091,-0.043770,-0.149419
1640841580085929984,0.448008,-0.808569,2.243734,0.987407,-0.027034,-0.043661,-0.149634
1640841580090139904,0.448533,-0.808672,2.243942,0.987315,-0.026835,-0.043230,-0.150398
1640841580090949888,0.448632,-0.808690,2.243981,0.987298,-0.026798,-0.043138,-0.150544
1640841580094859776,0.449105,-0.808772,2.244169,0.987217,-0.026618,-0.042668,-0.151242
1640841580096669952,0.449321,-0.808806,2.244255,0.987179,-0.026528,-0.042441,-0.151566
1640841580099699968,0.449676,-0.808858,2.244396,0.987115,-0.026361,-0.042060,-0.152115
1640841580101019904,0.449828,-0.808878,2.244457,0.987087,-0.026281,-0.041896,-0.152358
1640841580104819968,0.450261,-0.808930,2.244628,0.987005,-0.026026,-0.041429,-0.153061
1640841580106119936,0.450406,-0.808946,2.244686,0.986977,-0.025933,-0.041269,-0.153301
1640841580109769728,0.450808,-0.808983,2.244846,0.986898,-0.025661,-0.040819,-0.153971
1640841580110989824,0.450941,-0.808993,2.244899,0.986872,-0.025567,-0.040667,-0.154192
1640841580115330048,0.451403,-0.809022,2.245083,0.986782,-0.025214,-0.040116,-0.154971
1640841580116619776,0.451538,-0.809028,2.245137,0.986755,-0.025102,-0.039947,-0.155202
1640841580119879936,0.451874,-0.809037,2.245270,0.986688,-0.024796,-0.039509,-0.155792
1640841580121389824,0.452028,-0.809040,2.245331,0.986656,-0.024644,-0.039299,-0.156069
1640841580124699904,0.452358,-0.809039,2.245463,0.986587,-0.024301,-0.038829,-0.156679
1640841580125969920,0.452483,-0.809036,2.245512,0.986560,-0.024170,-0.038646,-0.156914
1640841580129799936,0.452853,-0.809023,2.245659,0.986478,-0.023793,-0.038088,-0.157619
1640841580131199744,0.452986,-0.809016,2.245712,0.986448,-0.023663,-0.037883,-0.157876
1640841580134899968,0.453331,-0.808990,2.245849,0.986368,-0.023328,-0.037341,-0.158552
1640841580135990016,0.453431,-0.808981,2.245889,0.986345,-0.023229,-0.037181,-0.158752
1640841580139719936,0.453767,-0.808943,2.246022,0.986263,-0.022879,-0.036637,-0.159436
1640841580140859904,0.453869,-0.808930,2.246062,0.986238,-0.022766,-0.036471,-0.159646
1640841580144819968,0.454213,-0.808877,2.246199,0.986150,-0.022358,-0.035893,-0.160377
1640841580146099968,0.454323,-0.808858,2.246242,0.986121,-0.022227,-0.035702,-0.160611
1640841580150029824,0.454652,-0.808792,2.246372,0.986036,-0.021854,-0.035085,-0.161319
1640841580151209728,0.454749,-0.808771,2.246411,0.986011,-0.021752,-0.034891,-0.161527
1640841580155149824,0.455067,-0.808692,2.246536,0.985928,-0.021432,-0.034219,-0.162220
1640841580156499968,0.455174,-0.808663,2.246578,0.985899,-0.021325,-0.033984,-0.162459
1640841580159680000,0.455422,-0.808590,2.246676,0.985829,-0.021066,-0.033428,-0.163033
1640841580160919808,0.455516,-0.808560,2.246713,0.985801,-0.020962,-0.033210,-0.163260
1640841580164800000,0.455807,-0.808460,2.246828,0.985713,-0.020622,-0.032532,-0.163973
1640841580166070016,0.455901,-0.808425,2.246864,0.985684,-0.020505,-0.032310,-0.164205
1640841580169929984,0.456179,-0.808314,2.246973,0.985597,-0.020128,-0.031642,-0.164900
1640841580171419904,0.456284,-0.808268,2.247014,0.985564,-0.019975,-0.031386,-0.165162
1640841580174700032,0.456511,-0.808163,2.247103,0.985493,-0.019628,-0.030815,-0.165736
1640841580175899904,0.456593,-0.808124,2.247135,0.985467,-0.019500,-0.030601,-0.165947
1640841580180159744,0.456876,-0.807975,2.247245,0.985371,-0.019052,-0.029806,-0.166714
1640841580182779904,0.457045,-0.807879,2.247310,0.985308,-0.018783,-0.029290,-0.167204
1640841580186869760,0.457302,-0.807721,2.247409,0.985208,-0.018356,-0.028484,-0.167981
1640841580189539840,0.457465,-0.807613,2.247472,0.985141,-0.018060,-0.027982,-0.168487
1640841580189939968,0.457489,-0.807596,2.247481,0.985131,-0.018014,-0.027909,-0.168562
1640841580190919936,0.457548,-0.807555,2.247504,0.985107,-0.017900,-0.027733,-0.168746
1640841580194710016,0.457770,-0.807392,2.247589,0.985011,-0.017448,-0.027068,-0.169456
1640841580196179968,0.457854,-0.807326,2.247621,0.984974,-0.017270,-0.026811,-0.169733
1640841580199759872,0.458055,-0.807162,2.247697,0.984881,-0.016839,-0.026167,-0.170412
1640841580201309952,0.458140,-0.807089,2.247729,0.984841,-0.016656,-0.025877,-0.170710
1640841580204779776,0.458325,-0.806920,2.247799,0.984749,-0.016251,-0.025211,-0.171376
1640841580205920000,0.458385,-0.806863,2.247821,0.984719,-0.016119,-0.024989,-0.171593
1640841580209669888,0.458577,-0.806671,2.247893,0.984622,-0.015686,-0.024255,-0.172295
1640841580210929920,0.458640,-0.806605,2.247916,0.984589,-0.015542,-0.024009,-0.172528
1640841580214759936,0.458827,-0.806400,2.247985,0.984491,-0.015103,-0.023263,-0.173228
1640841580215930112,0.458882,-0.806335,2.248006,0.984461,-0.014969,-0.023037,-0.173442
1640841580220160000,0.459078,-0.806097,2.248077,0.984348,-0.014488,-0.022229,-0.174224
1640841580221179904,0.459125,-0.806038,2.248094,0.984321,-0.014373,-0.022037,-0.174415
1640841580224689920,0.459280,-0.805832,2.248150,0.984223,-0.013974,-0.021374,-0.175078
1640841580225920000,0.459333,-0.805758,2.248169,0.984189,-0.013833,-0.021141,-0.175311
1640841580230000128,0.459504,-0.805508,2.248229,0.984075,-0.013359,-0.020352,-0.176079
1640841580230860032,0.459539,-0.805455,2.248242,0.984051,-0.013257,-0.020183,-0.176239
1640841580234829824,0.459697,-0.805202,2.248297,0.983941,-0.012770,-0.019390,-0.176980
1640841580236019968,0.459743,-0.805125,2.248313,0.983907,-0.012616,-0.019151,-0.177203
1640841580239759872,0.459884,-0.804878,2.248361,0.983799,-0.012101,-0.018405,-0.177914
1640841580240909824,0.459926,-0.804801,2.248375,0.983765,-0.011931,-0.018179,-0.178137
1640841580244760064,0.460063,-0.804539,2.248421,0.983648,-0.011336,-0.017438,-0.178897
1640841580245949952,0.460105,-0.804456,2.248434,0.983611,-0.011150,-0.017215,-0.179134
1640841580249689856,0.460230,-0.804193,2.248475,0.983493,-0.010585,-0.016539,-0.179878
1640841580250840064,0.460268,-0.804110,2.248487,0.983457,-0.010421,-0.016338,-0.180105
1640841580256110080,0.460434,-0.803726,2.248539,0.983289,-0.009701,-0.015438,-0.181136
1640841580256929792,0.460459,-0.803665,2.248546,0.983263,-0.009589,-0.015297,-0.181295
1640841580259699712,0.460541,-0.803457,2.248571,0.983175,-0.009201,-0.014810,-0.181830
1640841580261029888,0.460579,-0.803356,2.248582,0.983133,-0.009011,-0.014573,-0.182086
1640841580264719872,0.460683,-0.803071,2.248612,0.983016,-0.008486,-0.013907,-0.182797
1640841580266009856,0.460717,-0.802970,2.248622,0.982974,-0.008308,-0.013675,-0.183046
1640841580269819904,0.460817,-0.802669,2.248649,0.982849,-0.007813,-0.013003,-0.183785
1640841580270919936,0.460845,-0.802581,2.248657,0.982813,-0.007681,-0.012814,-0.183999
1640841580274799872,0.460940,-0.802266,2.248681,0.982682,-0.007244,-0.012159,-0.184758
1640841580275939840,0.460967,-0.802172,2.248688,0.982643,-0.007121,-0.011969,-0.184981
1640841580279729920,0.461053,-0.801857,2.248709,0.982515,-0.006714,-0.011337,-0.185719
1640841580281199872,0.461086,-0.801733,2.248716,0.982465,-0.006554,-0.011090,-0.186003
1640841580285260032,0.461171,-0.801386,2.248735,0.982327,-0.006110,-0.010395,-0.186782
1640841580285979904,0.461186,-0.801324,2.248738,0.982303,-0.006031,-0.010270,-0.186919
1640841580289729792,0.461259,-0.800998,2.248752,0.982177,-0.005620,-0.009599,-0.187629
1640841580290919936,0.461282,-0.800893,2.248756,0.982137,-0.005490,-0.009382,-0.187853
1640841580294769920,0.461351,-0.800550,2.248768,0.982006,-0.005070,-0.008676,-0.188582
1640841580295939840,0.461372,-0.800445,2.248771,0.981966,-0.004942,-0.008465,-0.188805
1640841580299959808,0.461438,-0.800080,2.248779,0.981823,-0.004494,-0.007770,-0.189588
1640841580300879872,0.461453,-0.799995,2.248781,0.981789,-0.004390,-0.007618,-0.189771
1640841580304760064,0.461512,-0.799636,2.248787,0.981645,-0.003946,-0.006999,-0.190549
1640841580305860096,0.461528,-0.799533,2.248788,0.981604,-0.003819,-0.006826,-0.190769
1640841580309739776,0.461581,-0.799167,2.248791,0.981459,-0.003369,-0.006218,-0.191540
1640841580310999808,0.461598,-0.799046,2.248791,0.981413,-0.003223,-0.006017,-0.191786
1640841580315109888,0.461649,-0.798651,2.248791,0.981263,-0.002742,-0.005355,-0.192578
1640841580319419904,0.461698,-0.798230,2.248789,0.981104,-0.002231,-0.004664,-0.193414
1640841580320080128,0.461705,-0.798165,2.248788,0.981079,-0.002152,-0.004560,-0.193544
1640841580320979712,0.461714,-0.798076,2.248787,0.981044,-0.002044,-0.004419,-0.193722
1640841580324699904,0.461751,-0.797706,2.248782,0.980900,-0.001594,-0.003852,-0.194470
1640841580325929984,0.461763,-0.797583,2.248780,0.980851,-0.001446,-0.003671,-0.194720
1640841580330139904,0.461800,-0.797157,2.248772,0.980682,-0.000949,-0.003083,-0.195580
1640841580330909952,0.461806,-0.797079,2.248770,0.980651,-0.000860,-0.002980,-0.195737
1640841580335249920,0.461839,-0.796633,2.248758,0.980477,-0.000375,-0.002421,-0.196621
1640841580336079872,0.461845,-0.796547,2.248756,0.980443,-0.000285,-0.002316,-0.196788
1640841580339639808,0.461868,-0.796176,2.248744,0.980302,0.000083,-0.001864,-0.197498
1640841580340819712,0.461875,-0.796053,2.248740,0.980255,0.000200,-0.001712,-0.197730
1640841580345229824,0.461899,-0.795586,2.248723,0.980083,0.000612,-0.001142,-0.198585
1640841580346119936,0.461903,-0.795492,2.248719,0.980048,0.000691,-0.001027,-0.198756
1640841580349750016,0.461919,-0.795103,2.248703,0.979907,0.000999,-0.000568,-0.199450
1640841580350870016,0.461924,-0.794982,2.248698,0.979864,0.001090,-0.000430,-0.199665
1640841580354779904,0.461937,-0.794558,2.248679,0.979710,0.001393,0.000040,-0.200415
1640841580355990016,0.461941,-0.794426,2.248673,0.979662,0.001483,0.000181,-0.200649
1640841580359680000,0.461950,-0.794020,2.248653,0.979514,0.001744,0.000605,-0.201367
1640841580360920064,0.461952,-0.793883,2.248645,0.979464,0.001828,0.000745,-0.201610
1640841580365149952,0.461959,-0.793413,2.248620,0.979292,0.002114,0.001212,-0.202437
1640841580365939968,0.461960,-0.793324,2.248615,0.979260,0.002168,0.001297,-0.202590
1640841580369720064,0.461963,-0.792899,2.248591,0.979110,0.002436,0.001693,-0.203311
1640841580371009792,0.461963,-0.792753,2.248582,0.979059,0.002531,0.001824,-0.203552
1640841580374650112,0.461963,-0.792339,2.248557,0.978917,0.002808,0.002182,-0.204226
1640841580375959808,0.461962,-0.792189,2.248548,0.978866,0.002909,0.002306,-0.204468
1640841580379699968,0.461959,-0.791759,2.248520,0.978718,0.003193,0.002648,-0.205168
1640841580380879872,0.461957,-0.791623,2.248511,0.978670,0.003281,0.002752,-0.205392
1640841580384829952,0.461951,-0.791164,2.248480,0.978510,0.003572,0.003080,-0.206147
1640841580385910016,0.461948,-0.791038,2.248472,0.978466,0.003651,0.003164,-0.206354
1640841580390599936,0.461937,-0.790488,2.248433,0.978277,0.003998,0.003498,-0.207234
1640841580391019776,0.461936,-0.790438,2.248429,0.978260,0.004030,0.003525,-0.207311
1640841580394820096,0.461924,-0.789988,2.248397,0.978112,0.004305,0.003758,-0.207998
1640841580395899904,0.461920,-0.789860,2.248387,0.978071,0.004379,0.003821,-0.208190
1640841580399659776,0.461906,-0.789411,2.248353,0.977931,0.004615,0.004029,-0.208840
1640841580401079808,0.461901,-0.789241,2.248340,0.977878,0.004694,0.004105,-0.209081
1640841580404729856,0.461885,-0.788801,2.248306,0.977745,0.004872,0.004288,-0.209694
1640841580405949952,0.461879,-0.788653,2.248295,0.977701,0.004925,0.004345,-0.209899
1640841580409709824,0.461861,-0.788197,2.248258,0.977562,0.005072,0.004503,-0.210537
1640841580410990080,0.461854,-0.788040,2.248245,0.977514,0.005117,0.004551,-0.210758
1640841580414690048,0.461834,-0.787587,2.248208,0.977375,0.005230,0.004684,-0.211397
1640841580415959808,0.461827,-0.787431,2.248195,0.977328,0.005262,0.004732,-0.211613
1640841580419829760,0.461804,-0.786954,2.248155,0.977189,0.005336,0.004905,-0.212250
1640841580420899840,0.461797,-0.786822,2.248143,0.977152,0.005350,0.004962,-0.212419
1640841580424759808,0.461772,-0.786342,2.248102,0.977022,0.005393,0.005182,-0.213005
1640841580426230016,0.461762,-0.786159,2.248086,0.976974,0.005409,0.005265,-0.213223
1640841580429659904,0.461739,-0.785730,2.248048,0.976864,0.005461,0.005440,-0.213725
1640841580430949888,0.461730,-0.785568,2.248034,0.976822,0.005488,0.005493,-0.213913
1640841580434979840,0.461700,-0.785060,2.247988,0.976689,0.005620,0.005596,-0.214513
1640841580436009984,0.461692,-0.784930,2.247976,0.976654,0.005667,0.005603,-0.214670
1640841580442799872,0.461639,-0.784069,2.247896,0.976424,0.005923,0.005679,-0.215707
1640841580443589888,0.461633,-0.783968,2.247887,0.976397,0.005939,0.005702,-0.215824
1640841580444720128,0.461624,-0.783824,2.247873,0.976360,0.005958,0.005738,-0.215991
1640841580445989888,0.461613,-0.783662,2.247858,0.976319,0.005978,0.005780,-0.216175
1640841580449719808,0.461582,-0.783184,2.247812,0.976202,0.006042,0.005891,-0.216697
1640841580451190016,0.461569,-0.782995,2.247794,0.976158,0.006075,0.005924,-0.216895
1640841580454850048,0.461537,-0.782523,2.247748,0.976049,0.006171,0.005980,-0.217379
1640841580456059904,0.461526,-0.782367,2.247733,0.976014,0.006205,0.005991,-0.217538
1640841580459709952,0.461494,-0.781895,2.247686,0.975905,0.006304,0.006012,-0.218022
1640841580460889856,0.461483,-0.781742,2.247671,0.975869,0.006335,0.006015,-0.218182
1640841580464659968,0.461448,-0.781251,2.247621,0.975753,0.006423,0.006016,-0.218697
1640841580465989888,0.461435,-0.781078,2.247604,0.975712,0.006452,0.006014,-0.218877
1640841580469769984,0.461399,-0.780584,2.247553,0.975599,0.006529,0.006006,-0.219380
1640841580470979840,0.461388,-0.780426,2.247537,0.975564,0.006552,0.006002,-0.219536
1640841580474739968,0.461351,-0.779933,2.247486,0.975458,0.006615,0.005985,-0.220005
1640841580475989760,0.461339,-0.779768,2.247469,0.975423,0.006633,0.005976,-0.220157
1640841580479660032,0.461302,-0.779285,2.247418,0.975325,0.006675,0.005935,-0.220594
1640841580480939776,0.461289,-0.779116,2.247400,0.975291,0.006685,0.005915,-0.220743
1640841580484769792,0.461250,-0.778610,2.247347,0.975192,0.006697,0.005844,-0.221182
1640841580485910016,0.461239,-0.778459,2.247330,0.975163,0.006696,0.005820,-0.221311
1640841580489989888,0.461197,-0.777918,2.247272,0.975059,0.006668,0.005733,-0.221770
1640841580490959872,0.461187,-0.777789,2.247258,0.975035,0.006657,0.005712,-0.221877
1640841580494639872,0.461148,-0.777299,2.247205,0.974944,0.006603,0.005632,-0.222281
1640841580495869952,0.461135,-0.777135,2.247187,0.974914,0.006582,0.005604,-0.222412
1640841580499670016,0.461095,-0.776628,2.247131,0.974825,0.006518,0.005517,-0.222808
1640841580501199872,0.461079,-0.776423,2.247108,0.974790,0.006493,0.005480,-0.222962
1640841580504949760,0.461039,-0.775921,2.247052,0.974707,0.006434,0.005387,-0.223328
1640841580505969920,0.461028,-0.775784,2.247036,0.974685,0.006419,0.005361,-0.223425
1640841580509699840,0.460988,-0.775283,2.246980,0.974606,0.006368,0.005264,-0.223774
1640841580510989824,0.460974,-0.775110,2.246960,0.974579,0.006352,0.005230,-0.223893
1640841580514729984,0.460933,-0.774607,2.246902,0.974501,0.006317,0.005128,-0.224235
1640841580515899904,0.460921,-0.774449,2.246884,0.974477,0.006311,0.005096,-0.224342
1640841580519820032,0.460878,-0.773920,2.246823,0.974395,0.006323,0.004986,-0.224698
1640841580520920064,0.460866,-0.773772,2.246805,0.974372,0.006336,0.004955,-0.224798
1640841580524789760,0.460824,-0.773249,2.246744,0.974290,0.006425,0.004844,-0.225153
1640841580525989888,0.460811,-0.773086,2.246725,0.974265,0.006463,0.004811,-0.225263
1640841580529659904,0.460771,-0.772589,2.246666,0.974191,0.006561,0.004718,-0.225582
1640841580530939904,0.460757,-0.772416,2.246645,0.974166,0.006586,0.004688,-0.225688
1640841580534809856,0.460714,-0.771890,2.246582,0.974095,0.006643,0.004595,-0.225996
1640841580535980032,0.460701,-0.771732,2.246563,0.974074,0.006657,0.004562,-0.226088
1640841580539719936,0.460660,-0.771223,2.246501,0.974006,0.006699,0.004436,-0.226381
1640841580540879872,0.460648,-0.771066,2.246482,0.973984,0.006713,0.004387,-0.226474
1640841580544689920,0.460606,-0.770547,2.246418,0.973913,0.006761,0.004205,-0.226782
1640841580545899776,0.460593,-0.770382,2.246398,0.973891,0.006774,0.004146,-0.226877
1640841580549700096,0.460551,-0.769864,2.246334,0.973826,0.006791,0.003984,-0.227157
1640841580551020032,0.460537,-0.769684,2.246311,0.973806,0.006787,0.003938,-0.227246
1640841580555239936,0.460491,-0.769108,2.246239,0.973744,0.006754,0.003809,-0.227513
1640841580556069888,0.460482,-0.768995,2.246225,0.973732,0.006745,0.003784,-0.227564
1640841580559660032,0.460443,-0.768504,2.246163,0.973680,0.006703,0.003661,-0.227790
1640841580560889856,0.460430,-0.768336,2.246141,0.973662,0.006689,0.003614,-0.227869
1640841580564679936,0.460389,-0.767818,2.246075,0.973607,0.006644,0.003462,-0.228110
1640841580565969920,0.460376,-0.767641,2.246052,0.973588,0.006629,0.003412,-0.228189
1640841580570860032,0.460323,-0.766972,2.245965,0.973524,0.006571,0.003245,-0.228467
1640841580572929792,0.460301,-0.766688,2.245928,0.973500,0.006547,0.003191,-0.228571
1640841580574649856,0.460283,-0.766452,2.245897,0.973481,0.006529,0.003154,-0.228653
1640841580575990016,0.460269,-0.766269,2.245873,0.973466,0.006515,0.003129,-0.228716
1640841580579650048,0.460231,-0.765767,2.245806,0.973427,0.006483,0.003077,-0.228884
1640841580580960000,0.460217,-0.765587,2.245782,0.973413,0.006474,0.003063,-0.228944
1640841580584809984,0.460177,-0.765059,2.245712,0.973372,0.006454,0.003028,-0.229118
1640841580586030080,0.460164,-0.764891,2.245689,0.973360,0.006449,0.003016,-0.229172
1640841580589730048,0.460126,-0.764383,2.245620,0.973323,0.006436,0.002971,-0.229329
1640841580591029760,0.460113,-0.764205,2.245596,0.973311,0.006432,0.002949,-0.229381
1640841580594689792,0.460076,-0.763702,2.245527,0.973279,0.006428,0.002873,-0.229518
1640841580595909888,0.460063,-0.763535,2.245504,0.973269,0.006433,0.002843,-0.229561
1640841580599639808,0.460026,-0.763022,2.245433,0.973240,0.006479,0.002749,-0.229684
1640841580601270016,0.460010,-0.762798,2.245402,0.973228,0.006516,0.002707,-0.229735
1640841580604759808,0.459975,-0.762318,2.245335,0.973202,0.006623,0.002622,-0.229840
1640841580606919936,0.459954,-0.762021,2.245293,0.973186,0.006699,0.002577,-0.229906
1640841580609649920,0.459927,-0.761646,2.245240,0.973166,0.006799,0.002530,-0.229990
1640841580610989824,0.459914,-0.761462,2.245214,0.973156,0.006847,0.002512,-0.230032
1640841580614719744,0.459878,-0.760949,2.245141,0.973127,0.006980,0.002468,-0.230151
1640841580616009984,0.459865,-0.760772,2.245115,0.973117,0.007025,0.002453,-0.230192
1640841580620139776,0.459826,-0.760203,2.245033,0.973086,0.007167,0.002393,-0.230319
1640841580621059840,0.459817,-0.760077,2.245015,0.973079,0.007198,0.002375,-0.230345
1640841580624640000,0.459784,-0.759584,2.244943,0.973056,0.007311,0.002299,-0.230443
1640841580625979904,0.459771,-0.759400,2.244916,0.973048,0.007349,0.002270,-0.230476
1640841580629609728,0.459738,-0.758901,2.244843,0.973028,0.007435,0.002201,-0.230558
1640841580630970112,0.459725,-0.758713,2.244815,0.973021,0.007460,0.002181,-0.230585
1640841580635049728,0.459688,-0.758152,2.244732,0.973005,0.007512,0.002142,-0.230653
1640841580636519936,0.459675,-0.757950,2.244702,0.973000,0.007525,0.002133,-0.230674
1640841580639639808,0.459647,-0.757520,2.244638,0.972991,0.007547,0.002120,-0.230709
1640841580640960000,0.459636,-0.757338,2.244611,0.972988,0.007553,0.002117,-0.230721
1640841580644689920,0.459603,-0.756825,2.244534,0.972982,0.007561,0.002114,-0.230749
1640841580645939712,0.459592,-0.756653,2.244508,0.972980,0.007558,0.002116,-0.230758
1640841580649799936,0.459559,-0.756122,2.244427,0.972974,0.007530,0.002131,-0.230782
1640841580650899968,0.459550,-0.755971,2.244404,0.972972,0.007516,0.002139,-0.230789
1640841580654789888,0.459517,-0.755435,2.244322,0.972967,0.007461,0.002173,-0.230812
1640841580656019968,0.459506,-0.755266,2.244296,0.972966,0.007446,0.002186,-0.230817
1640841580659600128,0.459477,-0.754773,2.244220,0.972965,0.007428,0.002231,-0.230822
1640841580660950016,0.459466,-0.754588,2.244192,0.972966,0.007434,0.002249,-0.230820
1640841580664769792,0.459435,-0.754062,2.244110,0.972967,0.007476,0.002308,-0.230812
1640841580665999872,0.459425,-0.753893,2.244084,0.972967,0.007495,0.002329,-0.230811
1640841580669719808,0.459396,-0.753381,2.244004,0.972964,0.007557,0.002401,-0.230821
1640841580670969856,0.459386,-0.753210,2.243977,0.972962,0.007579,0.002427,-0.230830
1640841580674670080,0.459357,-0.752701,2.243897,0.972954,0.007650,0.002500,-0.230860
1640841580675959808,0.459347,-0.752524,2.243869,0.972951,0.007678,0.002522,-0.230871
1640841580679689984,0.459319,-0.752011,2.243789,0.972943,0.007769,0.002570,-0.230899
1640841580680940032,0.459309,-0.751839,2.243761,0.972942,0.007803,0.002580,-0.230905
1640841580685089792,0.459279,-0.751269,2.243671,0.972939,0.007916,0.002612,-0.230911
1640841580686119936,0.459271,-0.751128,2.243648,0.972940,0.007941,0.002623,-0.230908
1640841580689659904,0.459245,-0.750642,2.243570,0.972945,0.008010,0.002683,-0.230884
1640841580690949888,0.459236,-0.750465,2.243542,0.972947,0.008028,0.002714,-0.230871
1640841580694710016,0.459209,-0.749949,2.243459,0.972958,0.008072,0.002815,-0.230826
1640841580695979776,0.459200,-0.749775,2.243431,0.972961,0.008087,0.002849,-0.230811
1640841580699689984,0.459175,-0.749266,2.243349,0.972968,0.008142,0.002931,-0.230777
1640841580700979968,0.459166,-0.749090,2.243320,0.972969,0.008167,0.002952,-0.230771
1640841580704759808,0.459140,-0.748572,2.243236,0.972972,0.008248,0.003009,-0.230757
1640841580706249984,0.459130,-0.748368,2.243203,0.972973,0.008279,0.003038,-0.230751
1640841580709659904,0.459108,-0.747901,2.243127,0.972978,0.008337,0.003142,-0.230725
1640841580710979840,0.459099,-0.747721,2.243097,0.972981,0.008355,0.003197,-0.230710
1640841580714710016,0.459075,-0.747211,2.243013,0.972993,0.008403,0.003374,-0.230657
1640841580715909888,0.459068,-0.747047,2.242986,0.972997,0.008422,0.003433,-0.230639
1640841580719780096,0.459043,-0.746518,2.242899,0.973010,0.008508,0.003609,-0.230580
1640841580720929792,0.459036,-0.746361,2.242873,0.973013,0.008544,0.003652,-0.230564
1640841580724629760,0.459013,-0.745857,2.242789,0.973021,0.008705,0.003744,-0.230522
1640841580725929984,0.459006,-0.745679,2.242759,0.973023,0.008772,0.003764,-0.230511
1640841580729689856,0.458983,-0.745167,2.242674,0.973029,0.008959,0.003835,-0.230477
1640841580730889984,0.458976,-0.745004,2.242646,0.973031,0.009007,0.003871,-0.230464
1640841580734619904,0.458954,-0.744496,2.242561,0.973042,0.009095,0.004050,-0.230413
1640841580736290048,0.458945,-0.744269,2.242522,0.973048,0.009116,0.004147,-0.230384
1640841580740379904,0.458922,-0.743714,2.242428,0.973066,0.009183,0.004344,-0.230304
1640841580740989952,0.458918,-0.743631,2.242414,0.973069,0.009197,0.004367,-0.230291
1640841580744819968,0.458897,-0.743112,2.242325,0.973087,0.009297,0.004490,-0.230206
1640841580746209792,0.458890,-0.742924,2.242293,0.973094,0.009336,0.004531,-0.230174
1640841580749739776,0.458871,-0.742446,2.242211,0.973112,0.009435,0.004649,-0.230093
1640841580750969856,0.458864,-0.742280,2.242182,0.973118,0.009468,0.004697,-0.230065
1640841580754819840,0.458844,-0.741760,2.242091,0.973137,0.009564,0.004859,-0.229975
1640841580756620032,0.458835,-0.741517,2.242049,0.973147,0.009606,0.004936,-0.229931
1640841580759699712,0.458820,-0.741102,2.241976,0.973165,0.009677,0.005060,-0.229851
1640841580761129984,0.458813,-0.740909,2.241942,0.973173,0.009709,0.005113,-0.229811
1640841580764729856,0.458795,-0.740425,2.241855,0.973196,0.009795,0.005245,-0.229710
1640841580765910016,0.458789,-0.740267,2.241827,0.973203,0.009826,0.005289,-0.229677
1640841580769929984,0.458770,-0.739728,2.241730,0.973227,0.009945,0.005451,-0.229566
1640841580770939904,0.458766,-0.739593,2.241705,0.973233,0.009979,0.005496,-0.229540
1640841580774649856,0.458749,-0.739097,2.241614,0.973253,0.010119,0.005675,-0.229443
1640841580776019712,0.458742,-0.738914,2.241581,0.973260,0.010175,0.005745,-0.229407
1640841580779640064,0.458726,-0.738432,2.241491,0.973281,0.010333,0.005936,-0.229308
1640841580781019904,0.458720,-0.738249,2.241457,0.973289,0.010396,0.006010,-0.229268
1640841580784709888,0.458704,-0.737759,2.241364,0.973312,0.010573,0.006206,-0.229160
1640841580786219776,0.458698,-0.737559,2.241325,0.973321,0.010648,0.006282,-0.229116
1640841580790370048,0.458680,-0.737010,2.241219,0.973344,0.010859,0.006475,-0.229002
1640841580790899968,0.458678,-0.736940,2.241206,0.973347,0.010885,0.006498,-0.228988
1640841580794700032,0.458663,-0.736440,2.241107,0.973367,0.011064,0.006658,-0.228887
1640841580795960064,0.458658,-0.736274,2.241074,0.973374,0.011115,0.006711,-0.228853
1640841580799579904,0.458644,-0.735800,2.240978,0.973397,0.011232,0.006870,-0.228745
1640841580800910080,0.458639,-0.735626,2.240942,0.973407,0.011260,0.006932,-0.228701
1640841580804829952,0.458624,-0.735115,2.240837,0.973439,0.011305,0.007130,-0.228558
1640841580806789888,0.458617,-0.734860,2.240783,0.973455,0.011316,0.007235,-0.228482
1640841580809739776,0.458606,-0.734477,2.240701,0.973481,0.011330,0.007397,-0.228366
1640841580811089920,0.458601,-0.734303,2.240663,0.973493,0.011339,0.007471,-0.228313
1640841580814679808,0.458588,-0.733839,2.240562,0.973523,0.011391,0.007668,-0.228176
1640841580815990016,0.458584,-0.733671,2.240524,0.973533,0.011423,0.007739,-0.228129
1640841580820009984,0.458570,-0.733156,2.240407,0.973561,0.011568,0.007951,-0.227996
1640841580820989952,0.458567,-0.733031,2.240378,0.973567,0.011607,0.008004,-0.227965
1640841580824760064,0.458554,-0.732551,2.240266,0.973593,0.011738,0.008219,-0.227840
1640841580825989888,0.458550,-0.732395,2.240229,0.973602,0.011769,0.008295,-0.227796
1640841580829619968,0.458539,-0.731936,2.240117,0.973631,0.011835,0.008523,-0.227662
1640841580830999808,0.458535,-0.731762,2.240074,0.973643,0.011855,0.008606,-0.227608
1640841580834869760,0.458523,-0.731276,2.239952,0.973675,0.011921,0.008817,-0.227456
1640841580836069888,0.458519,-0.731126,2.239913,0.973686,0.011948,0.008871,-0.227409
1640841580839680000,0.458509,-0.730677,2.239795,0.973716,0.012066,0.008989,-0.227266
1640841580841209856,0.458504,-0.730487,2.239745,0.973729,0.012138,0.009013,-0.227207
1640841580844760064,0.458494,-0.730049,2.239625,0.973758,0.012329,0.009102,-0.227069
1640841580845929984,0.458491,-0.729906,2.239584,0.973768,0.012382,0.009182,-0.227021
1640841580849649920,0.458481,-0.729450,2.239455,0.973798,0.012512,0.009489,-0.226870
1640841580850960128,0.458477,-0.729291,2.239408,0.973808,0.012553,0.009556,-0.226822
1640841580855299840,0.458466,-0.728765,2.239251,0.973840,0.012718,0.009665,-0.226672
1640841580855980032,0.458465,-0.728684,2.239226,0.973845,0.012753,0.009676,-0.226649
1640841580859719936,0.458455,-0.728235,2.239085,0.973872,0.013020,0.009772,-0.226513
1640841580860920064,0.458452,-0.728092,2.239040,0.973881,0.013135,0.009823,-0.226467
1640841580864739840,0.458444,-0.727638,2.238891,0.973907,0.013581,0.010024,-0.226318
1640841580865919744,0.458441,-0.727499,2.238844,0.973915,0.013736,0.010090,-0.226274
1640841580869769728,0.458433,-0.727046,2.238688,0.973934,0.014280,0.010277,-0.226147
1640841580870999808,0.458430,-0.726902,2.238638,0.973939,0.014460,0.010323,-0.226113
1640841580875069952,0.458422,-0.726430,2.238466,0.973952,0.015073,0.010453,-0.226013
1640841580876059904,0.458420,-0.726315,2.238424,0.973954,0.015227,0.010486,-0.225989
1640841580881359872,0.458410,-0.725707,2.238191,0.973973,0.016076,0.010733,-0.225838
1640841580881680128,0.458409,-0.725671,2.238176,0.973974,0.016129,0.010753,-0.225828
1640841580884739840,0.458404,-0.725323,2.238037,0.973987,0.016640,0.010947,-0.225725
1640841580886040064,0.458402,-0.725176,2.237976,0.973993,0.016860,0.011032,-0.225681
1640841580889859840,0.458397,-0.724747,2.237796,0.974006,0.017517,0.011259,-0.225562
1640841580891029760,0.458395,-0.724617,2.237739,0.974009,0.017720,0.011320,-0.225530
1640841580894680064,0.458390,-0.724211,2.237560,0.974016,0.018349,0.011487,-0.225444
1640841580896000000,0.458388,-0.724066,2.237494,0.974017,0.018574,0.011541,-0.225418
1640841580899610112,0.458384,-0.723670,2.237310,0.974017,0.019172,0.011679,-0.225361
1640841580900979968,0.458383,-0.723520,2.237238,0.974016,0.019392,0.011730,-0.225344
1640841580904759808,0.458380,-0.723111,2.237038,0.974013,0.019985,0.011874,-0.225297
1640841580906289920,0.458379,-0.722946,2.236955,0.974013,0.020224,0.011936,-0.225273
1640841580909689856,0.458376,-0.722583,2.236767,0.974018,0.020763,0.012091,-0.225194
1640841580911000064,0.458376,-0.722443,2.236693,0.974021,0.020975,0.012155,-0.225154
1640841580914680064,0.458374,-0.722055,2.236483,0.974034,0.021570,0.012334,-0.225035
1640841580915989760,0.458374,-0.721917,2.236406,0.974038,0.021780,0.012392,-0.224994
1640841580919749888,0.458373,-0.721525,2.236183,0.974043,0.022364,0.012526,-0.224907
1640841580921039872,0.458373,-0.721391,2.236105,0.974042,0.022557,0.012560,-0.224888
1640841580924819968,0.458374,-0.721002,2.235872,0.974036,0.023107,0.012645,-0.224855
1640841580926019840,0.458374,-0.720879,2.235797,0.974033,0.023277,0.012671,-0.224849
1640841580929639936,0.458376,-0.720512,2.235566,0.974024,0.023786,0.012766,-0.224831
1640841580930949888,0.458377,-0.720380,2.235481,0.974021,0.023968,0.012810,-0.224823
1640841580934989824,0.458380,-0.719975,2.235214,0.974014,0.024518,0.012971,-0.224784
1640841580936039936,0.458380,-0.719870,2.235144,0.974013,0.024656,0.013018,-0.224771
1640841580941069824,0.458386,-0.719374,2.234799,0.974015,0.025280,0.013256,-0.224677
1640841580941499904,0.458386,-0.719332,2.234768,0.974016,0.025331,0.013277,-0.224668
1640841580944689920,0.458391,-0.719022,2.234543,0.974020,0.025704,0.013423,-0.224598
1640841580945989888,0.458393,-0.718896,2.234450,0.974021,0.025855,0.013477,-0.224572
1640841580949679872,0.458399,-0.718542,2.234181,0.974020,0.026297,0.013607,-0.224520
1640841580950959872,0.458401,-0.718420,2.234086,0.974017,0.026456,0.013642,-0.224511
1640841580954870016,0.458409,-0.718051,2.233792,0.974003,0.026955,0.013733,-0.224507
1640841580956059904,0.458411,-0.717939,2.233701,0.973998,0.027109,0.013760,-0.224510
1640841580959659776,0.458420,-0.717604,2.233422,0.973981,0.027574,0.013856,-0.224518
1640841580960979968,0.458423,-0.717482,2.233318,0.973975,0.027743,0.013898,-0.224520
1640841580964689920,0.458433,-0.717142,2.233022,0.973960,0.028215,0.014030,-0.224519
1640841580965979904,0.458437,-0.717025,2.232917,0.973955,0.028379,0.014077,-0.224518
1640841580969799936,0.458448,-0.716681,2.232603,0.973941,0.028872,0.014205,-0.224509
1640841580971109888,0.458452,-0.716564,2.232494,0.973936,0.029043,0.014243,-0.224505
1640841580974779904,0.458465,-0.716239,2.232183,0.973922,0.029524,0.014328,-0.224498
1640841580975999744,0.458469,-0.716132,2.232079,0.973917,0.029681,0.014349,-0.224498
1640841580979669760,0.458483,-0.715812,2.231760,0.973897,0.030138,0.014392,-0.224518
1640841580980960000,0.458488,-0.715701,2.231646,0.973889,0.030291,0.014399,-0.224532
1640841580985019904,0.458504,-0.715354,2.231284,0.973862,0.030742,0.014414,-0.224586
1640841580986680064,0.458512,-0.715213,2.231133,0.973852,0.030914,0.014421,-0.224606
1640841580989739776,0.458525,-0.714957,2.230853,0.973838,0.031212,0.014445,-0.224627
1640841580991119872,0.458532,-0.714842,2.230725,0.973833,0.031339,0.014462,-0.224628
1640841580994629888,0.458549,-0.714553,2.230395,0.973824,0.031651,0.014512,-0.224620
1640841580995990016,0.458555,-0.714442,2.230266,0.973821,0.031770,0.014532,-0.224615
1640841580999640064,0.458574,-0.714148,2.229916,0.973810,0.032091,0.014570,-0.224616
1640841581001519872,0.458585,-0.713998,2.229733,0.973802,0.032258,0.014579,-0.224626
1640841581010659840,0.458638,-0.713285,2.228820,0.973764,0.032970,0.014592,-0.224684
1640841581011200000,0.458641,-0.713244,2.228765,0.973763,0.033003,0.014594,-0.224685
1640841581011639808,0.458644,-0.713211,2.228720,0.973762,0.033029,0.014596,-0.224686
1640841581011999744,0.458646,-0.713183,2.228683,0.973761,0.033051,0.014598,-0.224687
1640841581014669824,0.458663,-0.712982,2.228408,0.973755,0.033205,0.014615,-0.224689
1640841581016019712,0.458671,-0.712881,2.228267,0.973752,0.033283,0.014626,-0.224690
1640841581020009984,0.458698,-0.712586,2.227848,0.973741,0.033533,0.014677,-0.224699
1640841581021019904,0.458705,-0.712512,2.227740,0.973737,0.033602,0.014692,-0.224703
1640841581024639744,0.458730,-0.712251,2.227352,0.973722,0.033864,0.014741,-0.224724
1640841581026000128,0.458740,-0.712154,2.227204,0.973716,0.033967,0.014754,-0.224733
1640841581029639936,0.458767,-0.711898,2.226806,0.973700,0.034243,0.014755,-0.224761
1640841581030889984,0.458776,-0.711811,2.226668,0.973695,0.034337,0.014742,-0.224770
1640841581034739968,0.458806,-0.711547,2.226238,0.973679,0.034619,0.014671,-0.224803
1640841581036199936,0.458817,-0.711448,2.226073,0.973672,0.034723,0.014638,-0.224816
1640841581039719936,0.458845,-0.711214,2.225672,0.973656,0.034966,0.014565,-0.224854
1640841581040969728,0.458855,-0.711131,2.225529,0.973650,0.035049,0.014542,-0.224869
1640841581044679936,0.458886,-0.710891,2.225099,0.973631,0.035288,0.014476,-0.224916
1640841581046030080,0.458898,-0.710804,2.224941,0.973625,0.035373,0.014450,-0.224934
1640841581049690112,0.458929,-0.710574,2.224509,0.973607,0.035600,0.014365,-0.224981
1640841581050969856,0.458940,-0.710494,2.224357,0.973601,0.035678,0.014328,-0.224996
1640841581054729984,0.458974,-0.710265,2.223905,0.973585,0.035897,0.014206,-0.225038
1640841581056689920,0.458992,-0.710147,2.223668,0.973578,0.036001,0.014138,-0.225057
1640841581059639808,0.459019,-0.709973,2.223307,0.973568,0.036137,0.014037,-0.225081
1640841581060979968,0.459031,-0.709895,2.223142,0.973565,0.036189,0.013994,-0.225091
1640841581065039872,0.459070,-0.709663,2.222638,0.973555,0.036316,0.013867,-0.225119
1640841581065999872,0.459079,-0.709609,2.222518,0.973553,0.036339,0.013838,-0.225127
1640841581069880064,0.459117,-0.709395,2.222028,0.973543,0.036412,0.013723,-0.225167
1640841581070989824,0.459128,-0.709335,2.221887,0.973540,0.036426,0.013690,-0.225181
1640841581074619904,0.459164,-0.709142,2.221422,0.973529,0.036453,0.013585,-0.225227
1640841581075980032,0.459178,-0.709070,2.221247,0.973526,0.036455,0.013546,-0.225244
1640841581079670016,0.459215,-0.708881,2.220767,0.973520,0.036435,0.013441,-0.225279
1640841581081149696,0.459231,-0.708807,2.220573,0.973519,0.036418,0.013400,-0.225289
1640841581084669952,0.459268,-0.708634,2.220108,0.973518,0.036374,0.013302,-0.225306
1640841581086169856,0.459283,-0.708562,2.219909,0.973518,0.036358,0.013261,-0.225312
1640841581089799936,0.459322,-0.708391,2.219423,0.973515,0.036342,0.013160,-0.225331
1640841581090970112,0.459335,-0.708337,2.219265,0.973514,0.036344,0.013128,-0.225339
1640841581094669824,0.459375,-0.708171,2.218763,0.973506,0.036371,0.013024,-0.225374
1640841581096069888,0.459391,-0.708109,2.218572,0.973502,0.036386,0.012985,-0.225391
1640841581099729920,0.459431,-0.707952,2.218068,0.973489,0.036430,0.012881,-0.225448
1640841581100979968,0.459445,-0.707899,2.217895,0.973483,0.036446,0.012844,-0.225472
1640841581104879872,0.459489,-0.707740,2.217351,0.973466,0.036493,0.012729,-0.225546
1640841581106030080,0.459503,-0.707695,2.217190,0.973461,0.036507,0.012695,-0.225565
1640841581109629952,0.459544,-0.707555,2.216682,0.973450,0.036551,0.012585,-0.225611
1640841581110980096,0.459560,-0.707504,2.216490,0.973448,0.036567,0.012543,-0.225621
1640841581114759936,0.459604,-0.707366,2.215949,0.973444,0.036609,0.012418,-0.225640
1640841581115990016,0.459618,-0.707322,2.215772,0.973442,0.036621,0.012375,-0.225646
1640841581119680000,0.459662,-0.707195,2.215238,0.973434,0.036649,0.012233,-0.225683
1640841581121209856,0.459680,-0.707144,2.215016,0.973429,0.036655,0.012169,-0.225706
1640841581125349888,0.459730,-0.707011,2.214409,0.973414,0.036649,0.011989,-0.225782
1640841581126019840,0.459738,-0.706990,2.214310,0.973412,0.036644,0.011960,-0.225794
1640841581130070016,0.459787,-0.706868,2.213710,0.973403,0.036579,0.011789,-0.225854
1640841581131510016,0.459805,-0.706827,2.213495,0.973402,0.036542,0.011732,-0.225867
1640841581134680064,0.459844,-0.706738,2.213020,0.973402,0.036448,0.011612,-0.225886
1640841581135979776,0.459860,-0.706703,2.212824,0.973403,0.036406,0.011565,-0.225891
1640841581139729920,0.459907,-0.706607,2.212256,0.973408,0.036289,0.011434,-0.225898
1640841581141649920,0.459931,-0.706559,2.211963,0.973410,0.036237,0.011370,-0.225901
1640841581145059840,0.459974,-0.706479,2.211441,0.973411,0.036158,0.011259,-0.225912
1640841581147119872,0.460000,-0.706434,2.211123,0.973410,0.036113,0.011194,-0.225927
1640841581149659904,0.460033,-0.706380,2.210730,0.973406,0.036059,0.011115,-0.225957
1640841581150949888,0.460049,-0.706353,2.210529,0.973403,0.036031,0.011076,-0.225978
1640841581154749952,0.460098,-0.706280,2.209936,0.973391,0.035939,0.010961,-0.226048
1640841581156080128,0.460115,-0.706256,2.209727,0.973388,0.035903,0.010921,-0.226071
1640841581159709952,0.460163,-0.706194,2.209154,0.973382,0.035791,0.010814,-0.226118
1640841581161039872,0.460180,-0.706172,2.208943,0.973382,0.035746,0.010775,-0.226128
1640841581164999936,0.460232,-0.706113,2.208312,0.973383,0.035607,0.010657,-0.226150
1640841581166080000,0.460246,-0.706099,2.208139,0.973383,0.035571,0.010624,-0.226156
1640841581169969920,0.460297,-0.706049,2.207513,0.973380,0.035451,0.010500,-0.226195
1640841581171119872,0.460313,-0.706036,2.207327,0.973378,0.035419,0.010462,-0.226212
1640841581174629888,0.460359,-0.705999,2.206757,0.973369,0.035318,0.010343,-0.226271
1640841581176019968,0.460378,-0.705986,2.206530,0.973365,0.035272,0.010297,-0.226296
1640841581179709952,0.460427,-0.705955,2.205926,0.973358,0.035119,0.010177,-0.226358
1640841581180969984,0.460444,-0.705945,2.205719,0.973356,0.035053,0.010138,-0.226376
1640841581184659968,0.460494,-0.705922,2.205109,0.973357,0.034822,0.010033,-0.226415
1640841581186009856,0.460512,-0.705915,2.204885,0.973358,0.034730,0.009998,-0.226425
1640841581189730048,0.460562,-0.705900,2.204265,0.973364,0.034478,0.009912,-0.226440
1640841581191089920,0.460581,-0.705896,2.204038,0.973367,0.034391,0.009883,-0.226442
1640841581194720000,0.460630,-0.705890,2.203428,0.973375,0.034176,0.009805,-0.226444
1640841581195999744,0.460648,-0.705889,2.203212,0.973377,0.034107,0.009773,-0.226445
1640841581199610112,0.460697,-0.705890,2.202600,0.973382,0.033935,0.009662,-0.226455
1640841581200960000,0.460715,-0.705891,2.202371,0.973383,0.033879,0.009610,-0.226462
1640841581204900096,0.460770,-0.705901,2.201698,0.973382,0.033735,0.009436,-0.226495
1640841581205999872,0.460785,-0.705905,2.201510,0.973381,0.033696,0.009386,-0.226506
1640841581209760000,0.460836,-0.705922,2.200863,0.973378,0.033556,0.009233,-0.226547
